id	type	origin	dest	dtime	vot
85	111	101	102	3	13.971865773264208
212	111	101	102	6	27.157799894459387
221	111	101	102	6	42.31188737246143
10	111	101	102	10	8.143766225267075
158	111	101	102	17	9.154132588056944
70	111	101	102	20	30.497326102515746
89	111	101	102	25	2.4302158886534
135	111	101	102	31	5.177049182625297
225	111	101	102	33	35.316077508981515
32	111	101	102	41	13.777215964921696
131	111	101	102	46	4.101183919053653
38	111	101	102	51	9.358557291356112
14	111	101	102	59	19.61102135707487
144	111	101	102	60	62.41314422700361
194	111	101	102	70	9.689910943104353
161	111	101	102	71	1.566829388141449
31	111	101	102	84	39.13823895572128
94	111	101	102	85	0.9862765381183564
55	111	101	102	91	13.399647603840492
23	111	101	102	95	8.50720117187999
26	111	101	102	95	51.90666016933855
67	111	101	102	98	13.326095886665017
107	111	101	102	99	8.70055347686746
119	111	101	102	104	0.003987833521658302
189	111	101	102	123	20.426243980206372
177	111	101	102	124	16.09068492011226
50	111	101	102	125	43.15633264182273
17	111	101	102	130	13.093181950270624
232	111	101	102	130	5.25094226404507
18	111	101	102	140	41.82177685359952
163	111	101	102	141	13.912210435578357
178	111	101	102	141	13.66487054720019
168	111	101	102	149	14.720626399934169
111	111	101	102	155	10.519909227500056
244	111	101	102	159	24.595233370569225
65	111	101	102	160	61.286486782607845
78	111	101	102	162	8.355082372887917
130	111	101	102	163	28.062864454056122
48	111	101	102	164	5.4188803967106
142	111	101	102	174	16.718419912578586
123	111	101	102	177	56.923640202033354
231	111	101	102	180	32.47029921197812
243	111	101	102	181	14.342238608688104
4	111	101	102	184	9.13057570700984
227	111	101	102	188	19.506337832278643
25	111	101	102	191	27.24138702156897
148	111	101	102	196	8.358782813152777
54	111	101	102	198	29.11569051768214
84	111	101	102	199	4.7150298241053825
64	111	101	102	204	3.8991145599895054
12	111	101	102	213	2.518311057980782
29	111	101	102	214	8.585742284097885
52	111	101	102	214	8.747679559397735
183	111	101	102	216	15.104276601704646
39	111	101	102	220	8.794147871733434
198	111	101	102	222	21.44855131711064
140	111	101	102	226	9.785335496386496
112	111	101	102	234	10.592358761877914
154	111	101	102	237	17.5124461543786
199	111	101	102	244	26.087808755701257
116	111	101	102	249	26.699458207734374
213	111	101	102	250	9.4424223474659
47	111	101	102	253	41.73498510609938
80	111	101	102	253	42.855491678551346
224	111	101	102	257	19.337444432754126
239	111	101	102	257	18.471064524064612
75	111	101	102	261	13.808496734177654
159	111	101	102	261	12.338875919442874
230	111	101	102	268	28.74363339202093
104	111	101	102	269	69.94887026698422
197	111	101	102	271	25.269252081998303
185	111	101	102	273	1.2763614438648343
81	111	101	102	275	8.965926282809077
206	111	101	102	277	3.6399091692124976
118	111	101	102	281	3.433603240854734
241	111	101	102	282	22.82136978402316
53	111	101	102	293	28.83267888930978
121	111	101	102	298	20.561614461107247
208	111	101	102	299	29.34126850894838
21	111	101	102	302	16.90815519338669
11	111	101	102	309	37.653108437600956
60	111	101	102	314	40.82070652156425
41	111	101	102	318	18.525910214683822
207	111	101	102	324	14.284848067635949
218	111	101	102	331	29.30708993212461
190	111	101	102	332	0.19375982910675615
100	111	101	102	341	56.86246043146018
247	111	101	102	343	51.54155226622604
129	111	101	102	351	1.4533284703279898
43	111	101	102	364	26.284479383944518
166	111	101	102	365	18.285782017353444
87	111	101	102	368	32.298931192301936
169	111	101	102	368	4.2171185179545825
223	111	101	102	369	5.24492209952312
182	111	101	102	373	183.59051920750179
155	111	101	102	374	112.23533179098307
240	111	101	102	374	26.54928653330167
215	111	101	102	377	37.939780639706164
68	111	101	102	383	20.15668104514324
15	111	101	102	389	3.2207872733977476
192	111	101	102	396	13.095059568415397
27	111	101	102	399	48.644798862590235
222	111	101	102	408	11.970489595003361
101	111	101	102	411	6.44519219289622
8	111	101	102	419	22.737296271397646
79	111	101	102	421	12.226408385288524
125	111	101	102	445	31.851826397345004
36	111	101	102	452	7.400772600365818
16	111	101	102	455	18.38198612774413
234	111	101	102	461	1.2671155561850436
9	111	101	102	462	0.15370652542150431
170	111	101	102	464	20.331231673426142
242	111	101	102	471	36.81800471603585
86	111	101	102	476	45.901194169710394
126	111	101	102	484	10.370653015952538
44	111	101	102	485	0.9406440023936156
103	111	101	102	487	6.66474715566081
174	111	101	102	487	16.737378983942676
186	111	101	102	493	4.919843716478251
69	111	101	102	498	0.4611825637749706
30	111	101	102	502	22.909269783556443
57	111	101	102	504	63.08216415759482
149	111	101	102	513	59.52042663789254
82	111	101	102	514	11.733506217981326
209	111	101	102	520	11.730993720557356
114	111	101	102	524	43.08362268650795
165	111	101	102	532	15.89174756188796
42	111	101	102	538	9.157036205170975
133	111	101	102	540	50.48452347252208
122	111	101	102	546	71.37329067137885
132	111	101	102	546	13.397361295996618
88	111	101	102	547	9.537538238154422
216	111	101	102	548	13.515547589521788
95	111	101	102	549	18.023060560051263
19	111	101	102	553	22.635021875253127
181	111	101	102	562	0.40204160906127384
72	111	101	102	566	91.05296728236416
164	111	101	102	566	20.287304555028204
73	111	101	102	570	8.422706043120701
113	111	101	102	572	75.17252298933442
150	111	101	102	576	12.340023503195802
102	111	101	102	578	1.7969603543314734
96	111	101	102	581	26.148382081034054
120	111	101	102	582	145.78646303128082
153	111	101	102	582	14.119466217553551
171	111	101	102	586	35.97473432339544
145	111	101	102	589	40.79190108045808
34	111	101	102	592	25.17287491933236
99	111	101	102	593	46.84794531010679
187	111	101	102	595	3.4234708165962893
124	111	101	102	598	2.44206606953741
249	111	101	102	598	34.374537661246826
210	111	101	102	607	27.846513543275282
128	111	101	102	608	2.5948365244303444
180	111	101	102	624	34.734235313612466
245	111	101	102	626	13.437580939944285
173	111	101	102	627	17.153036748985752
106	111	101	102	633	26.19371230837941
93	111	101	102	635	17.138960225205096
172	111	101	102	635	35.26195675785154
184	111	101	102	638	35.70532749625891
90	111	101	102	644	15.292111506052327
127	111	101	102	649	0.07416877314712302
49	111	101	102	652	74.9626721128081
188	111	101	102	655	17.379729853473826
200	111	101	102	655	13.130308283010722
3	111	101	102	656	92.96650329057145
151	111	101	102	656	28.558711834374567
217	111	101	102	660	2.6742794148266693
202	111	101	102	665	3.5039504597632103
211	111	101	102	665	44.25405102949022
233	111	101	102	666	27.9938404283939
156	111	101	102	667	48.854411747313996
28	111	101	102	668	3.530704046455199
62	111	101	102	673	0.5593203141023627
63	111	101	102	674	25.71880093609965
37	111	101	102	675	15.342431007878927
204	111	101	102	675	33.171559162520836
92	111	101	102	678	5.661724583483965
238	111	101	102	679	2.6023481915632787
138	111	101	102	682	6.705891175450416
77	111	101	102	688	6.413774315346556
143	111	101	102	694	3.356592681651193
61	111	101	102	696	23.48862536653999
105	111	101	102	696	31.32474354615899
160	111	101	102	704	11.091411977917181
157	111	101	102	706	0.1036930101632546
236	111	101	102	706	15.265734311746357
115	111	101	102	707	4.316458252448222
162	111	101	102	708	29.30996580097477
235	111	101	102	711	4.113370223153033
205	111	101	102	712	7.130710756192397
20	111	101	102	714	0.30726834791901236
250	111	101	102	714	26.124082908780792
179	111	101	102	715	74.0486751530143
246	111	101	102	715	26.29376269753905
201	111	101	102	721	10.921431295553306
191	111	101	102	725	8.269586076855756
237	111	101	102	726	22.62013656637692
139	111	101	102	731	26.562573063107383
7	111	101	102	735	8.951780397342707
22	111	101	102	736	9.021673092981684
56	111	101	102	738	15.8827160084132
220	111	101	102	742	34.926262928816264
175	111	101	102	749	10.665741505428002
1	111	101	102	752	38.817048107179524
5	111	101	102	759	4.7156735360501765
59	111	101	102	759	798.170838551496
226	111	101	102	760	3.2751317031859886
2	111	101	102	774	1.9493086108989897
33	111	101	102	774	12.617567696305377
117	111	101	102	776	29.450117673547943
109	111	101	102	780	48.757700755886766
83	111	101	102	789	3.0118538451446835
6	111	101	102	794	12.76592158750088
45	111	101	102	805	4.806032516793013
203	111	101	102	805	14.528704466385735
40	111	101	102	806	11.041813943507929
228	111	101	102	807	26.173790745128358
137	111	101	102	809	20.907473819247908
229	111	101	102	812	4.132992303226419
66	111	101	102	813	4.401734105440263
46	111	101	102	818	19.845686107133577
195	111	101	102	819	11.164951383120922
58	111	101	102	822	5.152961333823216
193	111	101	102	825	2.9998251929038617
167	111	101	102	826	39.40992992917667
176	111	101	102	826	8.450046839336668
74	111	101	102	832	13.265891370985932
141	111	101	102	836	18.214732464004136
196	111	101	102	837	11.634496652923248
219	111	101	102	837	3.875127371004808
136	111	101	102	838	51.68371949625046
35	111	101	102	851	30.81025527432584
147	111	101	102	853	1.6810453490452935
13	111	101	102	854	15.666645930135132
214	111	101	102	854	35.20372885126709
110	111	101	102	856	1.0306541382375687
146	111	101	102	856	43.36854336400692
248	111	101	102	862	24.03317231685372
134	111	101	102	865	40.680824210197336
71	111	101	102	867	24.83930950779695
98	111	101	102	868	23.876480823200886
24	111	101	102	870	17.55736708456658
97	111	101	102	873	0.9310756236754177
76	111	101	102	874	38.48646505857509
91	111	101	102	876	20.257240527531515
152	111	101	102	880	14.904518384244868
108	111	101	102	882	35.04133007458665
51	111	101	102	899	10.456402568179954
