2314	0	246.92307692307693	900	248.68965517241378	1800	240.0	2700	0.0	3600	0.0	4500	0.0	5400	0.0	6300	0.0	7200	0.0	8100	0.0	9000	0.0	9900	0.0	10800	0.0	11700	0.0	12600	0.0	13500	0.0	14400	0.0	15300	0.0	16200	0.0	17100	0.0	18000	0.0	18900	0.0	19800	0.0	20700	0.0	21600	0.0	22500	0.0	23400	0.0	24300	0.0	25200	0.0	26100	0.0	27000	0.0	27900	0.0	28800	0.0	29700	0.0	30600	0.0	31500	0.0	32400	0.0	33300	0.0	34200	0.0	35100	0.0	36000	0.0
12	0	362.0	900	361.0	1800	360.0	2700	0.0	3600	0.0	4500	0.0	5400	0.0	6300	0.0	7200	0.0	8100	0.0	9000	0.0	9900	0.0	10800	0.0	11700	0.0	12600	0.0	13500	0.0	14400	0.0	15300	0.0	16200	0.0	17100	0.0	18000	0.0	18900	0.0	19800	0.0	20700	0.0	21600	0.0	22500	0.0	23400	0.0	24300	0.0	25200	0.0	26100	0.0	27000	0.0	27900	0.0	28800	0.0	29700	0.0	30600	0.0	31500	0.0	32400	0.0	33300	0.0	34200	0.0	35100	0.0	36000	0.0
13	0	240.0	900	240.0	1800	240.0	2700	0.0	3600	0.0	4500	0.0	5400	0.0	6300	0.0	7200	0.0	8100	0.0	9000	0.0	9900	0.0	10800	0.0	11700	0.0	12600	0.0	13500	0.0	14400	0.0	15300	0.0	16200	0.0	17100	0.0	18000	0.0	18900	0.0	19800	0.0	20700	0.0	21600	0.0	22500	0.0	23400	0.0	24300	0.0	25200	0.0	26100	0.0	27000	0.0	27900	0.0	28800	0.0	29700	0.0	30600	0.0	31500	0.0	32400	0.0	33300	0.0	34200	0.0	35100	0.0	36000	0.0
2322	0	244.31578947368422	900	244.47457627118644	1800	241.2	2700	0.0	3600	0.0	4500	0.0	5400	0.0	6300	0.0	7200	0.0	8100	0.0	9000	0.0	9900	0.0	10800	0.0	11700	0.0	12600	0.0	13500	0.0	14400	0.0	15300	0.0	16200	0.0	17100	0.0	18000	0.0	18900	0.0	19800	0.0	20700	0.0	21600	0.0	22500	0.0	23400	0.0	24300	0.0	25200	0.0	26100	0.0	27000	0.0	27900	0.0	28800	0.0	29700	0.0	30600	0.0	31500	0.0	32400	0.0	33300	0.0	34200	0.0	35100	0.0	36000	0.0
901919	0	7.402597402597403	900	6.545454545454546	1800	6.0	2700	0.0	3600	0.0	4500	0.0	5400	0.0	6300	0.0	7200	0.0	8100	0.0	9000	0.0	9900	0.0	10800	0.0	11700	0.0	12600	0.0	13500	0.0	14400	0.0	15300	0.0	16200	0.0	17100	0.0	18000	0.0	18900	0.0	19800	0.0	20700	0.0	21600	0.0	22500	0.0	23400	0.0	24300	0.0	25200	0.0	26100	0.0	27000	0.0	27900	0.0	28800	0.0	29700	0.0	30600	0.0	31500	0.0	32400	0.0	33300	0.0	34200	0.0	35100	0.0	36000	0.0
1419014	0	6.0	900	6.0	1800	6.0	2700	6.0	3600	0.0	4500	0.0	5400	0.0	6300	0.0	7200	0.0	8100	0.0	9000	0.0	9900	0.0	10800	0.0	11700	0.0	12600	0.0	13500	0.0	14400	0.0	15300	0.0	16200	0.0	17100	0.0	18000	0.0	18900	0.0	19800	0.0	20700	0.0	21600	0.0	22500	0.0	23400	0.0	24300	0.0	25200	0.0	26100	0.0	27000	0.0	27900	0.0	28800	0.0	29700	0.0	30600	0.0	31500	0.0	32400	0.0	33300	0.0	34200	0.0	35100	0.0	36000	0.0
2324	0	122.5	900	121.44827586206897	1800	120.0	2700	0.0	3600	0.0	4500	0.0	5400	0.0	6300	0.0	7200	0.0	8100	0.0	9000	0.0	9900	0.0	10800	0.0	11700	0.0	12600	0.0	13500	0.0	14400	0.0	15300	0.0	16200	0.0	17100	0.0	18000	0.0	18900	0.0	19800	0.0	20700	0.0	21600	0.0	22500	0.0	23400	0.0	24300	0.0	25200	0.0	26100	0.0	27000	0.0	27900	0.0	28800	0.0	29700	0.0	30600	0.0	31500	0.0	32400	0.0	33300	0.0	34200	0.0	35100	0.0	36000	0.0
21	0	360.0	900	360.0	1800	360.0	2700	0.0	3600	0.0	4500	0.0	5400	0.0	6300	0.0	7200	0.0	8100	0.0	9000	0.0	9900	0.0	10800	0.0	11700	0.0	12600	0.0	13500	0.0	14400	0.0	15300	0.0	16200	0.0	17100	0.0	18000	0.0	18900	0.0	19800	0.0	20700	0.0	21600	0.0	22500	0.0	23400	0.0	24300	0.0	25200	0.0	26100	0.0	27000	0.0	27900	0.0	28800	0.0	29700	0.0	30600	0.0	31500	0.0	32400	0.0	33300	0.0	34200	0.0	35100	0.0	36000	0.0
902424	0	8.375	900	9.409090909090908	1800	12.0	2700	0.0	3600	0.0	4500	0.0	5400	0.0	6300	0.0	7200	0.0	8100	0.0	9000	0.0	9900	0.0	10800	0.0	11700	0.0	12600	0.0	13500	0.0	14400	0.0	15300	0.0	16200	0.0	17100	0.0	18000	0.0	18900	0.0	19800	0.0	20700	0.0	21600	0.0	22500	0.0	23400	0.0	24300	0.0	25200	0.0	26100	0.0	27000	0.0	27900	0.0	28800	0.0	29700	0.0	30600	0.0	31500	0.0	32400	0.0	33300	0.0	34200	0.0	35100	0.0	36000	0.0
1816	0	195.1139240506329	900	186.873786407767	1800	184.3448275862069	2700	0.0	3600	0.0	4500	0.0	5400	0.0	6300	0.0	7200	0.0	8100	0.0	9000	0.0	9900	0.0	10800	0.0	11700	0.0	12600	0.0	13500	0.0	14400	0.0	15300	0.0	16200	0.0	17100	0.0	18000	0.0	18900	0.0	19800	0.0	20700	0.0	21600	0.0	22500	0.0	23400	0.0	24300	0.0	25200	0.0	26100	0.0	27000	0.0	27900	0.0	28800	0.0	29700	0.0	30600	0.0	31500	0.0	32400	0.0	33300	0.0	34200	0.0	35100	0.0	36000	0.0
26	0	316.05882352941177	900	362.0	1800	302.57142857142856	2700	0.0	3600	0.0	4500	0.0	5400	0.0	6300	0.0	7200	0.0	8100	0.0	9000	0.0	9900	0.0	10800	0.0	11700	0.0	12600	0.0	13500	0.0	14400	0.0	15300	0.0	16200	0.0	17100	0.0	18000	0.0	18900	0.0	19800	0.0	20700	0.0	21600	0.0	22500	0.0	23400	0.0	24300	0.0	25200	0.0	26100	0.0	27000	0.0	27900	0.0	28800	0.0	29700	0.0	30600	0.0	31500	0.0	32400	0.0	33300	0.0	34200	0.0	35100	0.0	36000	0.0
1820	0	240.80769230769232	900	240.93975903614458	1800	240.24	2700	240.0	3600	0.0	4500	0.0	5400	0.0	6300	0.0	7200	0.0	8100	0.0	9000	0.0	9900	0.0	10800	0.0	11700	0.0	12600	0.0	13500	0.0	14400	0.0	15300	0.0	16200	0.0	17100	0.0	18000	0.0	18900	0.0	19800	0.0	20700	0.0	21600	0.0	22500	0.0	23400	0.0	24300	0.0	25200	0.0	26100	0.0	27000	0.0	27900	0.0	28800	0.0	29700	0.0	30600	0.0	31500	0.0	32400	0.0	33300	0.0	34200	0.0	35100	0.0	36000	0.0
31	0	240.0	900	240.0	1800	240.0	2700	0.0	3600	0.0	4500	0.0	5400	0.0	6300	0.0	7200	0.0	8100	0.0	9000	0.0	9900	0.0	10800	0.0	11700	0.0	12600	0.0	13500	0.0	14400	0.0	15300	0.0	16200	0.0	17100	0.0	18000	0.0	18900	0.0	19800	0.0	20700	0.0	21600	0.0	22500	0.0	23400	0.0	24300	0.0	25200	0.0	26100	0.0	27000	0.0	27900	0.0	28800	0.0	29700	0.0	30600	0.0	31500	0.0	32400	0.0	33300	0.0	34200	0.0	35100	0.0	36000	0.0
319003	0	6.0	900	6.0	1800	6.0	2700	6.0	3600	0.0	4500	0.0	5400	0.0	6300	0.0	7200	0.0	8100	0.0	9000	0.0	9900	0.0	10800	0.0	11700	0.0	12600	0.0	13500	0.0	14400	0.0	15300	0.0	16200	0.0	17100	0.0	18000	0.0	18900	0.0	19800	0.0	20700	0.0	21600	0.0	22500	0.0	23400	0.0	24300	0.0	25200	0.0	26100	0.0	27000	0.0	27900	0.0	28800	0.0	29700	0.0	30600	0.0	31500	0.0	32400	0.0	33300	0.0	34200	0.0	35100	0.0	36000	0.0
1312	0	180.45454545454547	900	180.35714285714286	1800	180.0	2700	0.0	3600	0.0	4500	0.0	5400	0.0	6300	0.0	7200	0.0	8100	0.0	9000	0.0	9900	0.0	10800	0.0	11700	0.0	12600	0.0	13500	0.0	14400	0.0	15300	0.0	16200	0.0	17100	0.0	18000	0.0	18900	0.0	19800	0.0	20700	0.0	21600	0.0	22500	0.0	23400	0.0	24300	0.0	25200	0.0	26100	0.0	27000	0.0	27900	0.0	28800	0.0	29700	0.0	30600	0.0	31500	0.0	32400	0.0	33300	0.0	34200	0.0	35100	0.0	36000	0.0
34	0	240.0	900	240.25	1800	240.0	2700	0.0	3600	0.0	4500	0.0	5400	0.0	6300	0.0	7200	0.0	8100	0.0	9000	0.0	9900	0.0	10800	0.0	11700	0.0	12600	0.0	13500	0.0	14400	0.0	15300	0.0	16200	0.0	17100	0.0	18000	0.0	18900	0.0	19800	0.0	20700	0.0	21600	0.0	22500	0.0	23400	0.0	24300	0.0	25200	0.0	26100	0.0	27000	0.0	27900	0.0	28800	0.0	29700	0.0	30600	0.0	31500	0.0	32400	0.0	33300	0.0	34200	0.0	35100	0.0	36000	0.0
43	0	240.0	900	240.0	1800	240.0	2700	0.0	3600	0.0	4500	0.0	5400	0.0	6300	0.0	7200	0.0	8100	0.0	9000	0.0	9900	0.0	10800	0.0	11700	0.0	12600	0.0	13500	0.0	14400	0.0	15300	0.0	16200	0.0	17100	0.0	18000	0.0	18900	0.0	19800	0.0	20700	0.0	21600	0.0	22500	0.0	23400	0.0	24300	0.0	25200	0.0	26100	0.0	27000	0.0	27900	0.0	28800	0.0	29700	0.0	30600	0.0	31500	0.0	32400	0.0	33300	0.0	34200	0.0	35100	0.0	36000	0.0
901414	0	11.435294117647059	900	15.658536585365853	1800	24.0	2700	0.0	3600	0.0	4500	0.0	5400	0.0	6300	0.0	7200	0.0	8100	0.0	9000	0.0	9900	0.0	10800	0.0	11700	0.0	12600	0.0	13500	0.0	14400	0.0	15300	0.0	16200	0.0	17100	0.0	18000	0.0	18900	0.0	19800	0.0	20700	0.0	21600	0.0	22500	0.0	23400	0.0	24300	0.0	25200	0.0	26100	0.0	27000	0.0	27900	0.0	28800	0.0	29700	0.0	30600	0.0	31500	0.0	32400	0.0	33300	0.0	34200	0.0	35100	0.0	36000	0.0
1324	0	255.57142857142858	900	257.0149253731343	1800	247.5	2700	0.0	3600	0.0	4500	0.0	5400	0.0	6300	0.0	7200	0.0	8100	0.0	9000	0.0	9900	0.0	10800	0.0	11700	0.0	12600	0.0	13500	0.0	14400	0.0	15300	0.0	16200	0.0	17100	0.0	18000	0.0	18900	0.0	19800	0.0	20700	0.0	21600	0.0	22500	0.0	23400	0.0	24300	0.0	25200	0.0	26100	0.0	27000	0.0	27900	0.0	28800	0.0	29700	0.0	30600	0.0	31500	0.0	32400	0.0	33300	0.0	34200	0.0	35100	0.0	36000	0.0
45	0	122.04	900	122.7	1800	120.3157894736842	2700	0.0	3600	0.0	4500	0.0	5400	0.0	6300	0.0	7200	0.0	8100	0.0	9000	0.0	9900	0.0	10800	0.0	11700	0.0	12600	0.0	13500	0.0	14400	0.0	15300	0.0	16200	0.0	17100	0.0	18000	0.0	18900	0.0	19800	0.0	20700	0.0	21600	0.0	22500	0.0	23400	0.0	24300	0.0	25200	0.0	26100	0.0	27000	0.0	27900	0.0	28800	0.0	29700	0.0	30600	0.0	31500	0.0	32400	0.0	33300	0.0	34200	0.0	35100	0.0	36000	0.0
2219022	0	6.0	900	6.0	1800	6.0	2700	0.0	3600	0.0	4500	0.0	5400	0.0	6300	0.0	7200	0.0	8100	0.0	9000	0.0	9900	0.0	10800	0.0	11700	0.0	12600	0.0	13500	0.0	14400	0.0	15300	0.0	16200	0.0	17100	0.0	18000	0.0	18900	0.0	19800	0.0	20700	0.0	21600	0.0	22500	0.0	23400	0.0	24300	0.0	25200	0.0	26100	0.0	27000	0.0	27900	0.0	28800	0.0	29700	0.0	30600	0.0	31500	0.0	32400	0.0	33300	0.0	34200	0.0	35100	0.0	36000	0.0
816	0	305.5238095238095	900	306.6666666666667	1800	303.1764705882353	2700	0.0	3600	0.0	4500	0.0	5400	0.0	6300	0.0	7200	0.0	8100	0.0	9000	0.0	9900	0.0	10800	0.0	11700	0.0	12600	0.0	13500	0.0	14400	0.0	15300	0.0	16200	0.0	17100	0.0	18000	0.0	18900	0.0	19800	0.0	20700	0.0	21600	0.0	22500	0.0	23400	0.0	24300	0.0	25200	0.0	26100	0.0	27000	0.0	27900	0.0	28800	0.0	29700	0.0	30600	0.0	31500	0.0	32400	0.0	33300	0.0	34200	0.0	35100	0.0	36000	0.0
1119011	0	6.0	900	6.0	1800	6.0	2700	0.0	3600	0.0	4500	0.0	5400	0.0	6300	0.0	7200	0.0	8100	0.0	9000	0.0	9900	0.0	10800	0.0	11700	0.0	12600	0.0	13500	0.0	14400	0.0	15300	0.0	16200	0.0	17100	0.0	18000	0.0	18900	0.0	19800	0.0	20700	0.0	21600	0.0	22500	0.0	23400	0.0	24300	0.0	25200	0.0	26100	0.0	27000	0.0	27900	0.0	28800	0.0	29700	0.0	30600	0.0	31500	0.0	32400	0.0	33300	0.0	34200	0.0	35100	0.0	36000	0.0
54	0	120.1304347826087	900	120.32	1800	120.18181818181819	2700	0.0	3600	0.0	4500	0.0	5400	0.0	6300	0.0	7200	0.0	8100	0.0	9000	0.0	9900	0.0	10800	0.0	11700	0.0	12600	0.0	13500	0.0	14400	0.0	15300	0.0	16200	0.0	17100	0.0	18000	0.0	18900	0.0	19800	0.0	20700	0.0	21600	0.0	22500	0.0	23400	0.0	24300	0.0	25200	0.0	26100	0.0	27000	0.0	27900	0.0	28800	0.0	29700	0.0	30600	0.0	31500	0.0	32400	0.0	33300	0.0	34200	0.0	35100	0.0	36000	0.0
1919019	0	6.0	900	6.0	1800	6.0	2700	6.0	3600	0.0	4500	0.0	5400	0.0	6300	0.0	7200	0.0	8100	0.0	9000	0.0	9900	0.0	10800	0.0	11700	0.0	12600	0.0	13500	0.0	14400	0.0	15300	0.0	16200	0.0	17100	0.0	18000	0.0	18900	0.0	19800	0.0	20700	0.0	21600	0.0	22500	0.0	23400	0.0	24300	0.0	25200	0.0	26100	0.0	27000	0.0	27900	0.0	28800	0.0	29700	0.0	30600	0.0	31500	0.0	32400	0.0	33300	0.0	34200	0.0	35100	0.0	36000	0.0
312	0	241.66666666666666	900	241.71428571428572	1800	240.0	2700	0.0	3600	0.0	4500	0.0	5400	0.0	6300	0.0	7200	0.0	8100	0.0	9000	0.0	9900	0.0	10800	0.0	11700	0.0	12600	0.0	13500	0.0	14400	0.0	15300	0.0	16200	0.0	17100	0.0	18000	0.0	18900	0.0	19800	0.0	20700	0.0	21600	0.0	22500	0.0	23400	0.0	24300	0.0	25200	0.0	26100	0.0	27000	0.0	27900	0.0	28800	0.0	29700	0.0	30600	0.0	31500	0.0	32400	0.0	33300	0.0	34200	0.0	35100	0.0	36000	0.0
56	0	252.57142857142858	900	248.31578947368422	1800	240.8	2700	0.0	3600	0.0	4500	0.0	5400	0.0	6300	0.0	7200	0.0	8100	0.0	9000	0.0	9900	0.0	10800	0.0	11700	0.0	12600	0.0	13500	0.0	14400	0.0	15300	0.0	16200	0.0	17100	0.0	18000	0.0	18900	0.0	19800	0.0	20700	0.0	21600	0.0	22500	0.0	23400	0.0	24300	0.0	25200	0.0	26100	0.0	27000	0.0	27900	0.0	28800	0.0	29700	0.0	30600	0.0	31500	0.0	32400	0.0	33300	0.0	34200	0.0	35100	0.0	36000	0.0
59	0	300.875	900	300.47058823529414	1800	300.0	2700	0.0	3600	0.0	4500	0.0	5400	0.0	6300	0.0	7200	0.0	8100	0.0	9000	0.0	9900	0.0	10800	0.0	11700	0.0	12600	0.0	13500	0.0	14400	0.0	15300	0.0	16200	0.0	17100	0.0	18000	0.0	18900	0.0	19800	0.0	20700	0.0	21600	0.0	22500	0.0	23400	0.0	24300	0.0	25200	0.0	26100	0.0	27000	0.0	27900	0.0	28800	0.0	29700	0.0	30600	0.0	31500	0.0	32400	0.0	33300	0.0	34200	0.0	35100	0.0	36000	0.0
62	0	301.89473684210526	900	301.2352941176471	1800	301.2	2700	0.0	3600	0.0	4500	0.0	5400	0.0	6300	0.0	7200	0.0	8100	0.0	9000	0.0	9900	0.0	10800	0.0	11700	0.0	12600	0.0	13500	0.0	14400	0.0	15300	0.0	16200	0.0	17100	0.0	18000	0.0	18900	0.0	19800	0.0	20700	0.0	21600	0.0	22500	0.0	23400	0.0	24300	0.0	25200	0.0	26100	0.0	27000	0.0	27900	0.0	28800	0.0	29700	0.0	30600	0.0	31500	0.0	32400	0.0	33300	0.0	34200	0.0	35100	0.0	36000	0.0
65	0	242.0	900	243.73584905660377	1800	242.1818181818182	2700	0.0	3600	0.0	4500	0.0	5400	0.0	6300	0.0	7200	0.0	8100	0.0	9000	0.0	9900	0.0	10800	0.0	11700	0.0	12600	0.0	13500	0.0	14400	0.0	15300	0.0	16200	0.0	17100	0.0	18000	0.0	18900	0.0	19800	0.0	20700	0.0	21600	0.0	22500	0.0	23400	0.0	24300	0.0	25200	0.0	26100	0.0	27000	0.0	27900	0.0	28800	0.0	29700	0.0	30600	0.0	31500	0.0	32400	0.0	33300	0.0	34200	0.0	35100	0.0	36000	0.0
902222	0	9.287671232876713	900	10.10958904109589	1800	0.0	2700	0.0	3600	0.0	4500	0.0	5400	0.0	6300	0.0	7200	0.0	8100	0.0	9000	0.0	9900	0.0	10800	0.0	11700	0.0	12600	0.0	13500	0.0	14400	0.0	15300	0.0	16200	0.0	17100	0.0	18000	0.0	18900	0.0	19800	0.0	20700	0.0	21600	0.0	22500	0.0	23400	0.0	24300	0.0	25200	0.0	26100	0.0	27000	0.0	27900	0.0	28800	0.0	29700	0.0	30600	0.0	31500	0.0	32400	0.0	33300	0.0	34200	0.0	35100	0.0	36000	0.0
68	0	122.1639344262295	900	126.4235294117647	1800	121.76470588235294	2700	0.0	3600	0.0	4500	0.0	5400	0.0	6300	0.0	7200	0.0	8100	0.0	9000	0.0	9900	0.0	10800	0.0	11700	0.0	12600	0.0	13500	0.0	14400	0.0	15300	0.0	16200	0.0	17100	0.0	18000	0.0	18900	0.0	19800	0.0	20700	0.0	21600	0.0	22500	0.0	23400	0.0	24300	0.0	25200	0.0	26100	0.0	27000	0.0	27900	0.0	28800	0.0	29700	0.0	30600	0.0	31500	0.0	32400	0.0	33300	0.0	34200	0.0	35100	0.0	36000	0.0
2120	0	360.5217391304348	900	361.7142857142857	1800	361.2	2700	0.0	3600	0.0	4500	0.0	5400	0.0	6300	0.0	7200	0.0	8100	0.0	9000	0.0	9900	0.0	10800	0.0	11700	0.0	12600	0.0	13500	0.0	14400	0.0	15300	0.0	16200	0.0	17100	0.0	18000	0.0	18900	0.0	19800	0.0	20700	0.0	21600	0.0	22500	0.0	23400	0.0	24300	0.0	25200	0.0	26100	0.0	27000	0.0	27900	0.0	28800	0.0	29700	0.0	30600	0.0	31500	0.0	32400	0.0	33300	0.0	34200	0.0	35100	0.0	36000	0.0
1610	0	243.0857142857143	900	243.5702479338843	1800	243.48837209302326	2700	0.0	3600	0.0	4500	0.0	5400	0.0	6300	0.0	7200	0.0	8100	0.0	9000	0.0	9900	0.0	10800	0.0	11700	0.0	12600	0.0	13500	0.0	14400	0.0	15300	0.0	16200	0.0	17100	0.0	18000	0.0	18900	0.0	19800	0.0	20700	0.0	21600	0.0	22500	0.0	23400	0.0	24300	0.0	25200	0.0	26100	0.0	27000	0.0	27900	0.0	28800	0.0	29700	0.0	30600	0.0	31500	0.0	32400	0.0	33300	0.0	34200	0.0	35100	0.0	36000	0.0
2122	0	132.5	900	130.08333333333334	1800	121.2	2700	0.0	3600	0.0	4500	0.0	5400	0.0	6300	0.0	7200	0.0	8100	0.0	9000	0.0	9900	0.0	10800	0.0	11700	0.0	12600	0.0	13500	0.0	14400	0.0	15300	0.0	16200	0.0	17100	0.0	18000	0.0	18900	0.0	19800	0.0	20700	0.0	21600	0.0	22500	0.0	23400	0.0	24300	0.0	25200	0.0	26100	0.0	27000	0.0	27900	0.0	28800	0.0	29700	0.0	30600	0.0	31500	0.0	32400	0.0	33300	0.0	34200	0.0	35100	0.0	36000	0.0
2124	0	185.75510204081633	900	186.43478260869566	1800	181.77777777777777	2700	0.0	3600	0.0	4500	0.0	5400	0.0	6300	0.0	7200	0.0	8100	0.0	9000	0.0	9900	0.0	10800	0.0	11700	0.0	12600	0.0	13500	0.0	14400	0.0	15300	0.0	16200	0.0	17100	0.0	18000	0.0	18900	0.0	19800	0.0	20700	0.0	21600	0.0	22500	0.0	23400	0.0	24300	0.0	25200	0.0	26100	0.0	27000	0.0	27900	0.0	28800	0.0	29700	0.0	30600	0.0	31500	0.0	32400	0.0	33300	0.0	34200	0.0	35100	0.0	36000	0.0
819008	0	6.0	900	6.0	1800	6.0	2700	6.0	3600	0.0	4500	0.0	5400	0.0	6300	0.0	7200	0.0	8100	0.0	9000	0.0	9900	0.0	10800	0.0	11700	0.0	12600	0.0	13500	0.0	14400	0.0	15300	0.0	16200	0.0	17100	0.0	18000	0.0	18900	0.0	19800	0.0	20700	0.0	21600	0.0	22500	0.0	23400	0.0	24300	0.0	25200	0.0	26100	0.0	27000	0.0	27900	0.0	28800	0.0	29700	0.0	30600	0.0	31500	0.0	32400	0.0	33300	0.0	34200	0.0	35100	0.0	36000	0.0
2119021	0	6.0	900	6.0	1800	6.0	2700	0.0	3600	0.0	4500	0.0	5400	0.0	6300	0.0	7200	0.0	8100	0.0	9000	0.0	9900	0.0	10800	0.0	11700	0.0	12600	0.0	13500	0.0	14400	0.0	15300	0.0	16200	0.0	17100	0.0	18000	0.0	18900	0.0	19800	0.0	20700	0.0	21600	0.0	22500	0.0	23400	0.0	24300	0.0	25200	0.0	26100	0.0	27000	0.0	27900	0.0	28800	0.0	29700	0.0	30600	0.0	31500	0.0	32400	0.0	33300	0.0	34200	0.0	35100	0.0	36000	0.0
78	0	188.93023255813952	900	187.84615384615384	1800	182.35714285714286	2700	0.0	3600	0.0	4500	0.0	5400	0.0	6300	0.0	7200	0.0	8100	0.0	9000	0.0	9900	0.0	10800	0.0	11700	0.0	12600	0.0	13500	0.0	14400	0.0	15300	0.0	16200	0.0	17100	0.0	18000	0.0	18900	0.0	19800	0.0	20700	0.0	21600	0.0	22500	0.0	23400	0.0	24300	0.0	25200	0.0	26100	0.0	27000	0.0	27900	0.0	28800	0.0	29700	0.0	30600	0.0	31500	0.0	32400	0.0	33300	0.0	34200	0.0	35100	0.0	36000	0.0
1619016	0	6.0	900	6.0	1800	6.0	2700	6.0	3600	0.0	4500	0.0	5400	0.0	6300	0.0	7200	0.0	8100	0.0	9000	0.0	9900	0.0	10800	0.0	11700	0.0	12600	0.0	13500	0.0	14400	0.0	15300	0.0	16200	0.0	17100	0.0	18000	0.0	18900	0.0	19800	0.0	20700	0.0	21600	0.0	22500	0.0	23400	0.0	24300	0.0	25200	0.0	26100	0.0	27000	0.0	27900	0.0	28800	0.0	29700	0.0	30600	0.0	31500	0.0	32400	0.0	33300	0.0	34200	0.0	35100	0.0	36000	0.0
1617	0	126.53932584269663	900	136.25806451612902	1800	125.26530612244898	2700	0.0	3600	0.0	4500	0.0	5400	0.0	6300	0.0	7200	0.0	8100	0.0	9000	0.0	9900	0.0	10800	0.0	11700	0.0	12600	0.0	13500	0.0	14400	0.0	15300	0.0	16200	0.0	17100	0.0	18000	0.0	18900	0.0	19800	0.0	20700	0.0	21600	0.0	22500	0.0	23400	0.0	24300	0.0	25200	0.0	26100	0.0	27000	0.0	27900	0.0	28800	0.0	29700	0.0	30600	0.0	31500	0.0	32400	0.0	33300	0.0	34200	0.0	35100	0.0	36000	0.0
901212	0	7.555555555555555	900	7.785714285714286	1800	6.0	2700	0.0	3600	0.0	4500	0.0	5400	0.0	6300	0.0	7200	0.0	8100	0.0	9000	0.0	9900	0.0	10800	0.0	11700	0.0	12600	0.0	13500	0.0	14400	0.0	15300	0.0	16200	0.0	17100	0.0	18000	0.0	18900	0.0	19800	0.0	20700	0.0	21600	0.0	22500	0.0	23400	0.0	24300	0.0	25200	0.0	26100	0.0	27000	0.0	27900	0.0	28800	0.0	29700	0.0	30600	0.0	31500	0.0	32400	0.0	33300	0.0	34200	0.0	35100	0.0	36000	0.0
1618	0	180.0	900	180.0	1800	180.0	2700	0.0	3600	0.0	4500	0.0	5400	0.0	6300	0.0	7200	0.0	8100	0.0	9000	0.0	9900	0.0	10800	0.0	11700	0.0	12600	0.0	13500	0.0	14400	0.0	15300	0.0	16200	0.0	17100	0.0	18000	0.0	18900	0.0	19800	0.0	20700	0.0	21600	0.0	22500	0.0	23400	0.0	24300	0.0	25200	0.0	26100	0.0	27000	0.0	27900	0.0	28800	0.0	29700	0.0	30600	0.0	31500	0.0	32400	0.0	33300	0.0	34200	0.0	35100	0.0	36000	0.0
86	0	126.39344262295081	900	144.2	1800	123.38461538461539	2700	0.0	3600	0.0	4500	0.0	5400	0.0	6300	0.0	7200	0.0	8100	0.0	9000	0.0	9900	0.0	10800	0.0	11700	0.0	12600	0.0	13500	0.0	14400	0.0	15300	0.0	16200	0.0	17100	0.0	18000	0.0	18900	0.0	19800	0.0	20700	0.0	21600	0.0	22500	0.0	23400	0.0	24300	0.0	25200	0.0	26100	0.0	27000	0.0	27900	0.0	28800	0.0	29700	0.0	30600	0.0	31500	0.0	32400	0.0	33300	0.0	34200	0.0	35100	0.0	36000	0.0
1110	0	302.25	900	301.27433628318585	1800	300.2307692307692	2700	0.0	3600	0.0	4500	0.0	5400	0.0	6300	0.0	7200	0.0	8100	0.0	9000	0.0	9900	0.0	10800	0.0	11700	0.0	12600	0.0	13500	0.0	14400	0.0	15300	0.0	16200	0.0	17100	0.0	18000	0.0	18900	0.0	19800	0.0	20700	0.0	21600	0.0	22500	0.0	23400	0.0	24300	0.0	25200	0.0	26100	0.0	27000	0.0	27900	0.0	28800	0.0	29700	0.0	30600	0.0	31500	0.0	32400	0.0	33300	0.0	34200	0.0	35100	0.0	36000	0.0
87	0	180.0	900	180.1904761904762	1800	180.0	2700	0.0	3600	0.0	4500	0.0	5400	0.0	6300	0.0	7200	0.0	8100	0.0	9000	0.0	9900	0.0	10800	0.0	11700	0.0	12600	0.0	13500	0.0	14400	0.0	15300	0.0	16200	0.0	17100	0.0	18000	0.0	18900	0.0	19800	0.0	20700	0.0	21600	0.0	22500	0.0	23400	0.0	24300	0.0	25200	0.0	26100	0.0	27000	0.0	27900	0.0	28800	0.0	29700	0.0	30600	0.0	31500	0.0	32400	0.0	33300	0.0	34200	0.0	35100	0.0	36000	0.0
1112	0	363.63157894736844	900	362.35714285714283	1800	362.8695652173913	2700	0.0	3600	0.0	4500	0.0	5400	0.0	6300	0.0	7200	0.0	8100	0.0	9000	0.0	9900	0.0	10800	0.0	11700	0.0	12600	0.0	13500	0.0	14400	0.0	15300	0.0	16200	0.0	17100	0.0	18000	0.0	18900	0.0	19800	0.0	20700	0.0	21600	0.0	22500	0.0	23400	0.0	24300	0.0	25200	0.0	26100	0.0	27000	0.0	27900	0.0	28800	0.0	29700	0.0	30600	0.0	31500	0.0	32400	0.0	33300	0.0	34200	0.0	35100	0.0	36000	0.0
901717	0	23.95744680851064	900	57.16901408450704	1800	0.0	2700	0.0	3600	0.0	4500	0.0	5400	0.0	6300	0.0	7200	0.0	8100	0.0	9000	0.0	9900	0.0	10800	0.0	11700	0.0	12600	0.0	13500	0.0	14400	0.0	15300	0.0	16200	0.0	17100	0.0	18000	0.0	18900	0.0	19800	0.0	20700	0.0	21600	0.0	22500	0.0	23400	0.0	24300	0.0	25200	0.0	26100	0.0	27000	0.0	27900	0.0	28800	0.0	29700	0.0	30600	0.0	31500	0.0	32400	0.0	33300	0.0	34200	0.0	35100	0.0	36000	0.0
89	0	600.0	900	603.0	1800	0.0	2700	0.0	3600	0.0	4500	0.0	5400	0.0	6300	0.0	7200	0.0	8100	0.0	9000	0.0	9900	0.0	10800	0.0	11700	0.0	12600	0.0	13500	0.0	14400	0.0	15300	0.0	16200	0.0	17100	0.0	18000	0.0	18900	0.0	19800	0.0	20700	0.0	21600	0.0	22500	0.0	23400	0.0	24300	0.0	25200	0.0	26100	0.0	27000	0.0	27900	0.0	28800	0.0	29700	0.0	30600	0.0	31500	0.0	32400	0.0	33300	0.0	34200	0.0	35100	0.0	36000	0.0
1114	0	244.64788732394365	900	243.84615384615384	1800	243.51724137931035	2700	0.0	3600	0.0	4500	0.0	5400	0.0	6300	0.0	7200	0.0	8100	0.0	9000	0.0	9900	0.0	10800	0.0	11700	0.0	12600	0.0	13500	0.0	14400	0.0	15300	0.0	16200	0.0	17100	0.0	18000	0.0	18900	0.0	19800	0.0	20700	0.0	21600	0.0	22500	0.0	23400	0.0	24300	0.0	25200	0.0	26100	0.0	27000	0.0	27900	0.0	28800	0.0	29700	0.0	30600	0.0	31500	0.0	32400	0.0	33300	0.0	34200	0.0	35100	0.0	36000	0.0
519005	0	6.0	900	6.0	1800	6.0	2700	0.0	3600	0.0	4500	0.0	5400	0.0	6300	0.0	7200	0.0	8100	0.0	9000	0.0	9900	0.0	10800	0.0	11700	0.0	12600	0.0	13500	0.0	14400	0.0	15300	0.0	16200	0.0	17100	0.0	18000	0.0	18900	0.0	19800	0.0	20700	0.0	21600	0.0	22500	0.0	23400	0.0	24300	0.0	25200	0.0	26100	0.0	27000	0.0	27900	0.0	28800	0.0	29700	0.0	30600	0.0	31500	0.0	32400	0.0	33300	0.0	34200	0.0	35100	0.0	36000	0.0
95	0	300.54545454545456	900	300.10714285714283	1800	300.0	2700	0.0	3600	0.0	4500	0.0	5400	0.0	6300	0.0	7200	0.0	8100	0.0	9000	0.0	9900	0.0	10800	0.0	11700	0.0	12600	0.0	13500	0.0	14400	0.0	15300	0.0	16200	0.0	17100	0.0	18000	0.0	18900	0.0	19800	0.0	20700	0.0	21600	0.0	22500	0.0	23400	0.0	24300	0.0	25200	0.0	26100	0.0	27000	0.0	27900	0.0	28800	0.0	29700	0.0	30600	0.0	31500	0.0	32400	0.0	33300	0.0	34200	0.0	35100	0.0	36000	0.0
98	0	600.0	900	600.0	1800	0.0	2700	0.0	3600	0.0	4500	0.0	5400	0.0	6300	0.0	7200	0.0	8100	0.0	9000	0.0	9900	0.0	10800	0.0	11700	0.0	12600	0.0	13500	0.0	14400	0.0	15300	0.0	16200	0.0	17100	0.0	18000	0.0	18900	0.0	19800	0.0	20700	0.0	21600	0.0	22500	0.0	23400	0.0	24300	0.0	25200	0.0	26100	0.0	27000	0.0	27900	0.0	28800	0.0	29700	0.0	30600	0.0	31500	0.0	32400	0.0	33300	0.0	34200	0.0	35100	0.0	36000	0.0
109	0	180.22641509433961	900	180.29508196721312	1800	180.0	2700	0.0	3600	0.0	4500	0.0	5400	0.0	6300	0.0	7200	0.0	8100	0.0	9000	0.0	9900	0.0	10800	0.0	11700	0.0	12600	0.0	13500	0.0	14400	0.0	15300	0.0	16200	0.0	17100	0.0	18000	0.0	18900	0.0	19800	0.0	20700	0.0	21600	0.0	22500	0.0	23400	0.0	24300	0.0	25200	0.0	26100	0.0	27000	0.0	27900	0.0	28800	0.0	29700	0.0	30600	0.0	31500	0.0	32400	0.0	33300	0.0	34200	0.0	35100	0.0	36000	0.0
2413	0	240.9	900	241.3448275862069	1800	240.8	2700	0.0	3600	0.0	4500	0.0	5400	0.0	6300	0.0	7200	0.0	8100	0.0	9000	0.0	9900	0.0	10800	0.0	11700	0.0	12600	0.0	13500	0.0	14400	0.0	15300	0.0	16200	0.0	17100	0.0	18000	0.0	18900	0.0	19800	0.0	20700	0.0	21600	0.0	22500	0.0	23400	0.0	24300	0.0	25200	0.0	26100	0.0	27000	0.0	27900	0.0	28800	0.0	29700	0.0	30600	0.0	31500	0.0	32400	0.0	33300	0.0	34200	0.0	35100	0.0	36000	0.0
1319013	0	6.0	900	6.0	1800	6.0	2700	6.0	3600	0.0	4500	0.0	5400	0.0	6300	0.0	7200	0.0	8100	0.0	9000	0.0	9900	0.0	10800	0.0	11700	0.0	12600	0.0	13500	0.0	14400	0.0	15300	0.0	16200	0.0	17100	0.0	18000	0.0	18900	0.0	19800	0.0	20700	0.0	21600	0.0	22500	0.0	23400	0.0	24300	0.0	25200	0.0	26100	0.0	27000	0.0	27900	0.0	28800	0.0	29700	0.0	30600	0.0	31500	0.0	32400	0.0	33300	0.0	34200	0.0	35100	0.0	36000	0.0
114	0	362.75	900	361.741935483871	1800	362.0	2700	0.0	3600	0.0	4500	0.0	5400	0.0	6300	0.0	7200	0.0	8100	0.0	9000	0.0	9900	0.0	10800	0.0	11700	0.0	12600	0.0	13500	0.0	14400	0.0	15300	0.0	16200	0.0	17100	0.0	18000	0.0	18900	0.0	19800	0.0	20700	0.0	21600	0.0	22500	0.0	23400	0.0	24300	0.0	25200	0.0	26100	0.0	27000	0.0	27900	0.0	28800	0.0	29700	0.0	30600	0.0	31500	0.0	32400	0.0	33300	0.0	34200	0.0	35100	0.0	36000	0.0
2419024	0	6.0	900	6.0	1800	6.0	2700	0.0	3600	0.0	4500	0.0	5400	0.0	6300	0.0	7200	0.0	8100	0.0	9000	0.0	9900	0.0	10800	0.0	11700	0.0	12600	0.0	13500	0.0	14400	0.0	15300	0.0	16200	0.0	17100	0.0	18000	0.0	18900	0.0	19800	0.0	20700	0.0	21600	0.0	22500	0.0	23400	0.0	24300	0.0	25200	0.0	26100	0.0	27000	0.0	27900	0.0	28800	0.0	29700	0.0	30600	0.0	31500	0.0	32400	0.0	33300	0.0	34200	0.0	35100	0.0	36000	0.0
2421	0	190.5	900	198.68354430379748	1800	182.0	2700	0.0	3600	0.0	4500	0.0	5400	0.0	6300	0.0	7200	0.0	8100	0.0	9000	0.0	9900	0.0	10800	0.0	11700	0.0	12600	0.0	13500	0.0	14400	0.0	15300	0.0	16200	0.0	17100	0.0	18000	0.0	18900	0.0	19800	0.0	20700	0.0	21600	0.0	22500	0.0	23400	0.0	24300	0.0	25200	0.0	26100	0.0	27000	0.0	27900	0.0	28800	0.0	29700	0.0	30600	0.0	31500	0.0	32400	0.0	33300	0.0	34200	0.0	35100	0.0	36000	0.0
2423	0	121.61538461538461	900	121.68	1800	120.5	2700	0.0	3600	0.0	4500	0.0	5400	0.0	6300	0.0	7200	0.0	8100	0.0	9000	0.0	9900	0.0	10800	0.0	11700	0.0	12600	0.0	13500	0.0	14400	0.0	15300	0.0	16200	0.0	17100	0.0	18000	0.0	18900	0.0	19800	0.0	20700	0.0	21600	0.0	22500	0.0	23400	0.0	24300	0.0	25200	0.0	26100	0.0	27000	0.0	27900	0.0	28800	0.0	29700	0.0	30600	0.0	31500	0.0	32400	0.0	33300	0.0	34200	0.0	35100	0.0	36000	0.0
219002	0	6.0	900	6.0	1800	6.0	2700	6.0	3600	0.0	4500	0.0	5400	0.0	6300	0.0	7200	0.0	8100	0.0	9000	0.0	9900	0.0	10800	0.0	11700	0.0	12600	0.0	13500	0.0	14400	0.0	15300	0.0	16200	0.0	17100	0.0	18000	0.0	18900	0.0	19800	0.0	20700	0.0	21600	0.0	22500	0.0	23400	0.0	24300	0.0	25200	0.0	26100	0.0	27000	0.0	27900	0.0	28800	0.0	29700	0.0	30600	0.0	31500	0.0	32400	0.0	33300	0.0	34200	0.0	35100	0.0	36000	0.0
123	0	240.0	900	240.0	1800	240.0	2700	0.0	3600	0.0	4500	0.0	5400	0.0	6300	0.0	7200	0.0	8100	0.0	9000	0.0	9900	0.0	10800	0.0	11700	0.0	12600	0.0	13500	0.0	14400	0.0	15300	0.0	16200	0.0	17100	0.0	18000	0.0	18900	0.0	19800	0.0	20700	0.0	21600	0.0	22500	0.0	23400	0.0	24300	0.0	25200	0.0	26100	0.0	27000	0.0	27900	0.0	28800	0.0	29700	0.0	30600	0.0	31500	0.0	32400	0.0	33300	0.0	34200	0.0	35100	0.0	36000	0.0
1915	0	181.86	900	182.66666666666666	1800	180.76923076923077	2700	0.0	3600	0.0	4500	0.0	5400	0.0	6300	0.0	7200	0.0	8100	0.0	9000	0.0	9900	0.0	10800	0.0	11700	0.0	12600	0.0	13500	0.0	14400	0.0	15300	0.0	16200	0.0	17100	0.0	18000	0.0	18900	0.0	19800	0.0	20700	0.0	21600	0.0	22500	0.0	23400	0.0	24300	0.0	25200	0.0	26100	0.0	27000	0.0	27900	0.0	28800	0.0	29700	0.0	30600	0.0	31500	0.0	32400	0.0	33300	0.0	34200	0.0	35100	0.0	36000	0.0
1917	0	240.96	900	570.2758620689655	1800	352.7647058823529	2700	0.0	3600	0.0	4500	0.0	5400	0.0	6300	0.0	7200	0.0	8100	0.0	9000	0.0	9900	0.0	10800	0.0	11700	0.0	12600	0.0	13500	0.0	14400	0.0	15300	0.0	16200	0.0	17100	0.0	18000	0.0	18900	0.0	19800	0.0	20700	0.0	21600	0.0	22500	0.0	23400	0.0	24300	0.0	25200	0.0	26100	0.0	27000	0.0	27900	0.0	28800	0.0	29700	0.0	30600	0.0	31500	0.0	32400	0.0	33300	0.0	34200	0.0	35100	0.0	36000	0.0
1920	0	241.3846153846154	900	241.16666666666666	1800	242.66666666666666	2700	0.0	3600	0.0	4500	0.0	5400	0.0	6300	0.0	7200	0.0	8100	0.0	9000	0.0	9900	0.0	10800	0.0	11700	0.0	12600	0.0	13500	0.0	14400	0.0	15300	0.0	16200	0.0	17100	0.0	18000	0.0	18900	0.0	19800	0.0	20700	0.0	21600	0.0	22500	0.0	23400	0.0	24300	0.0	25200	0.0	26100	0.0	27000	0.0	27900	0.0	28800	0.0	29700	0.0	30600	0.0	31500	0.0	32400	0.0	33300	0.0	34200	0.0	35100	0.0	36000	0.0
1411	0	245.80645161290323	900	255.20454545454547	1800	242.0	2700	0.0	3600	0.0	4500	0.0	5400	0.0	6300	0.0	7200	0.0	8100	0.0	9000	0.0	9900	0.0	10800	0.0	11700	0.0	12600	0.0	13500	0.0	14400	0.0	15300	0.0	16200	0.0	17100	0.0	18000	0.0	18900	0.0	19800	0.0	20700	0.0	21600	0.0	22500	0.0	23400	0.0	24300	0.0	25200	0.0	26100	0.0	27000	0.0	27900	0.0	28800	0.0	29700	0.0	30600	0.0	31500	0.0	32400	0.0	33300	0.0	34200	0.0	35100	0.0	36000	0.0
901515	0	6.46875	900	6.377952755905512	1800	6.0	2700	0.0	3600	0.0	4500	0.0	5400	0.0	6300	0.0	7200	0.0	8100	0.0	9000	0.0	9900	0.0	10800	0.0	11700	0.0	12600	0.0	13500	0.0	14400	0.0	15300	0.0	16200	0.0	17100	0.0	18000	0.0	18900	0.0	19800	0.0	20700	0.0	21600	0.0	22500	0.0	23400	0.0	24300	0.0	25200	0.0	26100	0.0	27000	0.0	27900	0.0	28800	0.0	29700	0.0	30600	0.0	31500	0.0	32400	0.0	33300	0.0	34200	0.0	35100	0.0	36000	0.0
1415	0	305.2105263157895	900	302.7169811320755	1800	300.0	2700	300.0	3600	0.0	4500	0.0	5400	0.0	6300	0.0	7200	0.0	8100	0.0	9000	0.0	9900	0.0	10800	0.0	11700	0.0	12600	0.0	13500	0.0	14400	0.0	15300	0.0	16200	0.0	17100	0.0	18000	0.0	18900	0.0	19800	0.0	20700	0.0	21600	0.0	22500	0.0	23400	0.0	24300	0.0	25200	0.0	26100	0.0	27000	0.0	27900	0.0	28800	0.0	29700	0.0	30600	0.0	31500	0.0	32400	0.0	33300	0.0	34200	0.0	35100	0.0	36000	0.0
902020	0	6.777777777777778	900	6.743362831858407	1800	6.0	2700	0.0	3600	0.0	4500	0.0	5400	0.0	6300	0.0	7200	0.0	8100	0.0	9000	0.0	9900	0.0	10800	0.0	11700	0.0	12600	0.0	13500	0.0	14400	0.0	15300	0.0	16200	0.0	17100	0.0	18000	0.0	18900	0.0	19800	0.0	20700	0.0	21600	0.0	22500	0.0	23400	0.0	24300	0.0	25200	0.0	26100	0.0	27000	0.0	27900	0.0	28800	0.0	29700	0.0	30600	0.0	31500	0.0	32400	0.0	33300	0.0	34200	0.0	35100	0.0	36000	0.0
2319023	0	6.0	900	6.0	1800	6.0	2700	6.0	3600	0.0	4500	0.0	5400	0.0	6300	0.0	7200	0.0	8100	0.0	9000	0.0	9900	0.0	10800	0.0	11700	0.0	12600	0.0	13500	0.0	14400	0.0	15300	0.0	16200	0.0	17100	0.0	18000	0.0	18900	0.0	19800	0.0	20700	0.0	21600	0.0	22500	0.0	23400	0.0	24300	0.0	25200	0.0	26100	0.0	27000	0.0	27900	0.0	28800	0.0	29700	0.0	30600	0.0	31500	0.0	32400	0.0	33300	0.0	34200	0.0	35100	0.0	36000	0.0
1019010	0	6.0	900	6.0	1800	6.0	2700	6.0	3600	0.0	4500	0.0	5400	0.0	6300	0.0	7200	0.0	8100	0.0	9000	0.0	9900	0.0	10800	0.0	11700	0.0	12600	0.0	13500	0.0	14400	0.0	15300	0.0	16200	0.0	17100	0.0	18000	0.0	18900	0.0	19800	0.0	20700	0.0	21600	0.0	22500	0.0	23400	0.0	24300	0.0	25200	0.0	26100	0.0	27000	0.0	27900	0.0	28800	0.0	29700	0.0	30600	0.0	31500	0.0	32400	0.0	33300	0.0	34200	0.0	35100	0.0	36000	0.0
910	0	182.16666666666666	900	180.8	1800	180.0	2700	0.0	3600	0.0	4500	0.0	5400	0.0	6300	0.0	7200	0.0	8100	0.0	9000	0.0	9900	0.0	10800	0.0	11700	0.0	12600	0.0	13500	0.0	14400	0.0	15300	0.0	16200	0.0	17100	0.0	18000	0.0	18900	0.0	19800	0.0	20700	0.0	21600	0.0	22500	0.0	23400	0.0	24300	0.0	25200	0.0	26100	0.0	27000	0.0	27900	0.0	28800	0.0	29700	0.0	30600	0.0	31500	0.0	32400	0.0	33300	0.0	34200	0.0	35100	0.0	36000	0.0
1423	0	247.76470588235293	900	241.5	1800	240.75	2700	0.0	3600	0.0	4500	0.0	5400	0.0	6300	0.0	7200	0.0	8100	0.0	9000	0.0	9900	0.0	10800	0.0	11700	0.0	12600	0.0	13500	0.0	14400	0.0	15300	0.0	16200	0.0	17100	0.0	18000	0.0	18900	0.0	19800	0.0	20700	0.0	21600	0.0	22500	0.0	23400	0.0	24300	0.0	25200	0.0	26100	0.0	27000	0.0	27900	0.0	28800	0.0	29700	0.0	30600	0.0	31500	0.0	32400	0.0	33300	0.0	34200	0.0	35100	0.0	36000	0.0
1819018	0	6.0	900	6.0	1800	6.0	2700	6.0	3600	0.0	4500	0.0	5400	0.0	6300	0.0	7200	0.0	8100	0.0	9000	0.0	9900	0.0	10800	0.0	11700	0.0	12600	0.0	13500	0.0	14400	0.0	15300	0.0	16200	0.0	17100	0.0	18000	0.0	18900	0.0	19800	0.0	20700	0.0	21600	0.0	22500	0.0	23400	0.0	24300	0.0	25200	0.0	26100	0.0	27000	0.0	27900	0.0	28800	0.0	29700	0.0	30600	0.0	31500	0.0	32400	0.0	33300	0.0	34200	0.0	35100	0.0	36000	0.0
719007	0	6.0	900	6.0	1800	6.0	2700	6.0	3600	0.0	4500	0.0	5400	0.0	6300	0.0	7200	0.0	8100	0.0	9000	0.0	9900	0.0	10800	0.0	11700	0.0	12600	0.0	13500	0.0	14400	0.0	15300	0.0	16200	0.0	17100	0.0	18000	0.0	18900	0.0	19800	0.0	20700	0.0	21600	0.0	22500	0.0	23400	0.0	24300	0.0	25200	0.0	26100	0.0	27000	0.0	27900	0.0	28800	0.0	29700	0.0	30600	0.0	31500	0.0	32400	0.0	33300	0.0	34200	0.0	35100	0.0	36000	0.0
90011	0	6.0	900	6.0	1800	0.0	2700	0.0	3600	0.0	4500	0.0	5400	0.0	6300	0.0	7200	0.0	8100	0.0	9000	0.0	9900	0.0	10800	0.0	11700	0.0	12600	0.0	13500	0.0	14400	0.0	15300	0.0	16200	0.0	17100	0.0	18000	0.0	18900	0.0	19800	0.0	20700	0.0	21600	0.0	22500	0.0	23400	0.0	24300	0.0	25200	0.0	26100	0.0	27000	0.0	27900	0.0	28800	0.0	29700	0.0	30600	0.0	31500	0.0	32400	0.0	33300	0.0	34200	0.0	35100	0.0	36000	0.0
411	0	375.1034482758621	900	367.42105263157896	1800	362.57142857142856	2700	0.0	3600	0.0	4500	0.0	5400	0.0	6300	0.0	7200	0.0	8100	0.0	9000	0.0	9900	0.0	10800	0.0	11700	0.0	12600	0.0	13500	0.0	14400	0.0	15300	0.0	16200	0.0	17100	0.0	18000	0.0	18900	0.0	19800	0.0	20700	0.0	21600	0.0	22500	0.0	23400	0.0	24300	0.0	25200	0.0	26100	0.0	27000	0.0	27900	0.0	28800	0.0	29700	0.0	30600	0.0	31500	0.0	32400	0.0	33300	0.0	34200	0.0	35100	0.0	36000	0.0
901010	0	15.582089552238806	900	18.022140221402214	1800	6.0	2700	0.0	3600	0.0	4500	0.0	5400	0.0	6300	0.0	7200	0.0	8100	0.0	9000	0.0	9900	0.0	10800	0.0	11700	0.0	12600	0.0	13500	0.0	14400	0.0	15300	0.0	16200	0.0	17100	0.0	18000	0.0	18900	0.0	19800	0.0	20700	0.0	21600	0.0	22500	0.0	23400	0.0	24300	0.0	25200	0.0	26100	0.0	27000	0.0	27900	0.0	28800	0.0	29700	0.0	30600	0.0	31500	0.0	32400	0.0	33300	0.0	34200	0.0	35100	0.0	36000	0.0
2215	0	181.73553719008265	900	183.328125	1800	180.24	2700	0.0	3600	0.0	4500	0.0	5400	0.0	6300	0.0	7200	0.0	8100	0.0	9000	0.0	9900	0.0	10800	0.0	11700	0.0	12600	0.0	13500	0.0	14400	0.0	15300	0.0	16200	0.0	17100	0.0	18000	0.0	18900	0.0	19800	0.0	20700	0.0	21600	0.0	22500	0.0	23400	0.0	24300	0.0	25200	0.0	26100	0.0	27000	0.0	27900	0.0	28800	0.0	29700	0.0	30600	0.0	31500	0.0	32400	0.0	33300	0.0	34200	0.0	35100	0.0	36000	0.0
90022	0	7.153846153846154	900	7.2	1800	0.0	2700	0.0	3600	0.0	4500	0.0	5400	0.0	6300	0.0	7200	0.0	8100	0.0	9000	0.0	9900	0.0	10800	0.0	11700	0.0	12600	0.0	13500	0.0	14400	0.0	15300	0.0	16200	0.0	17100	0.0	18000	0.0	18900	0.0	19800	0.0	20700	0.0	21600	0.0	22500	0.0	23400	0.0	24300	0.0	25200	0.0	26100	0.0	27000	0.0	27900	0.0	28800	0.0	29700	0.0	30600	0.0	31500	0.0	32400	0.0	33300	0.0	34200	0.0	35100	0.0	36000	0.0
168	0	307.22033898305085	900	304.8695652173913	1800	304.6363636363636	2700	0.0	3600	0.0	4500	0.0	5400	0.0	6300	0.0	7200	0.0	8100	0.0	9000	0.0	9900	0.0	10800	0.0	11700	0.0	12600	0.0	13500	0.0	14400	0.0	15300	0.0	16200	0.0	17100	0.0	18000	0.0	18900	0.0	19800	0.0	20700	0.0	21600	0.0	22500	0.0	23400	0.0	24300	0.0	25200	0.0	26100	0.0	27000	0.0	27900	0.0	28800	0.0	29700	0.0	30600	0.0	31500	0.0	32400	0.0	33300	0.0	34200	0.0	35100	0.0	36000	0.0
2220	0	302.0869565217391	900	301.55172413793105	1800	300.0	2700	0.0	3600	0.0	4500	0.0	5400	0.0	6300	0.0	7200	0.0	8100	0.0	9000	0.0	9900	0.0	10800	0.0	11700	0.0	12600	0.0	13500	0.0	14400	0.0	15300	0.0	16200	0.0	17100	0.0	18000	0.0	18900	0.0	19800	0.0	20700	0.0	21600	0.0	22500	0.0	23400	0.0	24300	0.0	25200	0.0	26100	0.0	27000	0.0	27900	0.0	28800	0.0	29700	0.0	30600	0.0	31500	0.0	32400	0.0	33300	0.0	34200	0.0	35100	0.0	36000	0.0
2221	0	134.76923076923077	900	127.76923076923077	1800	123.0909090909091	2700	0.0	3600	0.0	4500	0.0	5400	0.0	6300	0.0	7200	0.0	8100	0.0	9000	0.0	9900	0.0	10800	0.0	11700	0.0	12600	0.0	13500	0.0	14400	0.0	15300	0.0	16200	0.0	17100	0.0	18000	0.0	18900	0.0	19800	0.0	20700	0.0	21600	0.0	22500	0.0	23400	0.0	24300	0.0	25200	0.0	26100	0.0	27000	0.0	27900	0.0	28800	0.0	29700	0.0	30600	0.0	31500	0.0	32400	0.0	33300	0.0	34200	0.0	35100	0.0	36000	0.0
1710	0	0.0	900	0.0	1800	0.0	2700	0.0	3600	0.0	4500	0.0	5400	0.0	6300	0.0	7200	0.0	8100	0.0	9000	0.0	9900	0.0	10800	0.0	11700	0.0	12600	0.0	13500	0.0	14400	0.0	15300	0.0	16200	0.0	17100	0.0	18000	0.0	18900	0.0	19800	0.0	20700	0.0	21600	0.0	22500	0.0	23400	0.0	24300	0.0	25200	0.0	26100	0.0	27000	0.0	27900	0.0	28800	0.0	29700	0.0	30600	0.0	31500	0.0	32400	0.0	33300	0.0	34200	0.0	35100	0.0	36000	0.0
2223	0	248.06896551724137	900	244.16326530612244	1800	241.36363636363637	2700	0.0	3600	0.0	4500	0.0	5400	0.0	6300	0.0	7200	0.0	8100	0.0	9000	0.0	9900	0.0	10800	0.0	11700	0.0	12600	0.0	13500	0.0	14400	0.0	15300	0.0	16200	0.0	17100	0.0	18000	0.0	18900	0.0	19800	0.0	20700	0.0	21600	0.0	22500	0.0	23400	0.0	24300	0.0	25200	0.0	26100	0.0	27000	0.0	27900	0.0	28800	0.0	29700	0.0	30600	0.0	31500	0.0	32400	0.0	33300	0.0	34200	0.0	35100	0.0	36000	0.0
90033	0	6.0	900	6.0	1800	0.0	2700	0.0	3600	0.0	4500	0.0	5400	0.0	6300	0.0	7200	0.0	8100	0.0	9000	0.0	9900	0.0	10800	0.0	11700	0.0	12600	0.0	13500	0.0	14400	0.0	15300	0.0	16200	0.0	17100	0.0	18000	0.0	18900	0.0	19800	0.0	20700	0.0	21600	0.0	22500	0.0	23400	0.0	24300	0.0	25200	0.0	26100	0.0	27000	0.0	27900	0.0	28800	0.0	29700	0.0	30600	0.0	31500	0.0	32400	0.0	33300	0.0	34200	0.0	35100	0.0	36000	0.0
1519015	0	6.0	900	6.0	1800	6.0	2700	6.0	3600	0.0	4500	0.0	5400	0.0	6300	0.0	7200	0.0	8100	0.0	9000	0.0	9900	0.0	10800	0.0	11700	0.0	12600	0.0	13500	0.0	14400	0.0	15300	0.0	16200	0.0	17100	0.0	18000	0.0	18900	0.0	19800	0.0	20700	0.0	21600	0.0	22500	0.0	23400	0.0	24300	0.0	25200	0.0	26100	0.0	27000	0.0	27900	0.0	28800	0.0	29700	0.0	30600	0.0	31500	0.0	32400	0.0	33300	0.0	34200	0.0	35100	0.0	36000	0.0
1716	0	131.40594059405942	900	138.0	1800	120.5625	2700	0.0	3600	0.0	4500	0.0	5400	0.0	6300	0.0	7200	0.0	8100	0.0	9000	0.0	9900	0.0	10800	0.0	11700	0.0	12600	0.0	13500	0.0	14400	0.0	15300	0.0	16200	0.0	17100	0.0	18000	0.0	18900	0.0	19800	0.0	20700	0.0	21600	0.0	22500	0.0	23400	0.0	24300	0.0	25200	0.0	26100	0.0	27000	0.0	27900	0.0	28800	0.0	29700	0.0	30600	0.0	31500	0.0	32400	0.0	33300	0.0	34200	0.0	35100	0.0	36000	0.0
1719	0	131.126213592233	900	151.2	1800	152.2	2700	0.0	3600	0.0	4500	0.0	5400	0.0	6300	0.0	7200	0.0	8100	0.0	9000	0.0	9900	0.0	10800	0.0	11700	0.0	12600	0.0	13500	0.0	14400	0.0	15300	0.0	16200	0.0	17100	0.0	18000	0.0	18900	0.0	19800	0.0	20700	0.0	21600	0.0	22500	0.0	23400	0.0	24300	0.0	25200	0.0	26100	0.0	27000	0.0	27900	0.0	28800	0.0	29700	0.0	30600	0.0	31500	0.0	32400	0.0	33300	0.0	34200	0.0	35100	0.0	36000	0.0
901818	0	6.0	900	6.0	1800	0.0	2700	0.0	3600	0.0	4500	0.0	5400	0.0	6300	0.0	7200	0.0	8100	0.0	9000	0.0	9900	0.0	10800	0.0	11700	0.0	12600	0.0	13500	0.0	14400	0.0	15300	0.0	16200	0.0	17100	0.0	18000	0.0	18900	0.0	19800	0.0	20700	0.0	21600	0.0	22500	0.0	23400	0.0	24300	0.0	25200	0.0	26100	0.0	27000	0.0	27900	0.0	28800	0.0	29700	0.0	30600	0.0	31500	0.0	32400	0.0	33300	0.0	34200	0.0	35100	0.0	36000	0.0
419004	0	6.0	900	6.0	1800	6.0	2700	6.0	3600	0.0	4500	0.0	5400	0.0	6300	0.0	7200	0.0	8100	0.0	9000	0.0	9900	0.0	10800	0.0	11700	0.0	12600	0.0	13500	0.0	14400	0.0	15300	0.0	16200	0.0	17100	0.0	18000	0.0	18900	0.0	19800	0.0	20700	0.0	21600	0.0	22500	0.0	23400	0.0	24300	0.0	25200	0.0	26100	0.0	27000	0.0	27900	0.0	28800	0.0	29700	0.0	30600	0.0	31500	0.0	32400	0.0	33300	0.0	34200	0.0	35100	0.0	36000	0.0
1211	0	372.6792452830189	900	366.1132075471698	1800	363.3333333333333	2700	0.0	3600	0.0	4500	0.0	5400	0.0	6300	0.0	7200	0.0	8100	0.0	9000	0.0	9900	0.0	10800	0.0	11700	0.0	12600	0.0	13500	0.0	14400	0.0	15300	0.0	16200	0.0	17100	0.0	18000	0.0	18900	0.0	19800	0.0	20700	0.0	21600	0.0	22500	0.0	23400	0.0	24300	0.0	25200	0.0	26100	0.0	27000	0.0	27900	0.0	28800	0.0	29700	0.0	30600	0.0	31500	0.0	32400	0.0	33300	0.0	34200	0.0	35100	0.0	36000	0.0
187	0	120.0	900	120.45161290322581	1800	120.70588235294117	2700	120.0	3600	0.0	4500	0.0	5400	0.0	6300	0.0	7200	0.0	8100	0.0	9000	0.0	9900	0.0	10800	0.0	11700	0.0	12600	0.0	13500	0.0	14400	0.0	15300	0.0	16200	0.0	17100	0.0	18000	0.0	18900	0.0	19800	0.0	20700	0.0	21600	0.0	22500	0.0	23400	0.0	24300	0.0	25200	0.0	26100	0.0	27000	0.0	27900	0.0	28800	0.0	29700	0.0	30600	0.0	31500	0.0	32400	0.0	33300	0.0	34200	0.0	35100	0.0	36000	0.0
1213	0	181.8139534883721	900	185.85365853658536	1800	180.1818181818182	2700	180.0	3600	0.0	4500	0.0	5400	0.0	6300	0.0	7200	0.0	8100	0.0	9000	0.0	9900	0.0	10800	0.0	11700	0.0	12600	0.0	13500	0.0	14400	0.0	15300	0.0	16200	0.0	17100	0.0	18000	0.0	18900	0.0	19800	0.0	20700	0.0	21600	0.0	22500	0.0	23400	0.0	24300	0.0	25200	0.0	26100	0.0	27000	0.0	27900	0.0	28800	0.0	29700	0.0	30600	0.0	31500	0.0	32400	0.0	33300	0.0	34200	0.0	35100	0.0	36000	0.0
90044	0	6.529411764705882	900	6.695652173913044	1800	0.0	2700	0.0	3600	0.0	4500	0.0	5400	0.0	6300	0.0	7200	0.0	8100	0.0	9000	0.0	9900	0.0	10800	0.0	11700	0.0	12600	0.0	13500	0.0	14400	0.0	15300	0.0	16200	0.0	17100	0.0	18000	0.0	18900	0.0	19800	0.0	20700	0.0	21600	0.0	22500	0.0	23400	0.0	24300	0.0	25200	0.0	26100	0.0	27000	0.0	27900	0.0	28800	0.0	29700	0.0	30600	0.0	31500	0.0	32400	0.0	33300	0.0	34200	0.0	35100	0.0	36000	0.0
902323	0	7.744186046511628	900	9.0	1800	0.0	2700	0.0	3600	0.0	4500	0.0	5400	0.0	6300	0.0	7200	0.0	8100	0.0	9000	0.0	9900	0.0	10800	0.0	11700	0.0	12600	0.0	13500	0.0	14400	0.0	15300	0.0	16200	0.0	17100	0.0	18000	0.0	18900	0.0	19800	0.0	20700	0.0	21600	0.0	22500	0.0	23400	0.0	24300	0.0	25200	0.0	26100	0.0	27000	0.0	27900	0.0	28800	0.0	29700	0.0	30600	0.0	31500	0.0	32400	0.0	33300	0.0	34200	0.0	35100	0.0	36000	0.0
90055	0	6.666666666666667	900	6.0	1800	0.0	2700	0.0	3600	0.0	4500	0.0	5400	0.0	6300	0.0	7200	0.0	8100	0.0	9000	0.0	9900	0.0	10800	0.0	11700	0.0	12600	0.0	13500	0.0	14400	0.0	15300	0.0	16200	0.0	17100	0.0	18000	0.0	18900	0.0	19800	0.0	20700	0.0	21600	0.0	22500	0.0	23400	0.0	24300	0.0	25200	0.0	26100	0.0	27000	0.0	27900	0.0	28800	0.0	29700	0.0	30600	0.0	31500	0.0	32400	0.0	33300	0.0	34200	0.0	35100	0.0	36000	0.0
901313	0	6.818181818181818	900	6.913043478260869	1800	0.0	2700	0.0	3600	0.0	4500	0.0	5400	0.0	6300	0.0	7200	0.0	8100	0.0	9000	0.0	9900	0.0	10800	0.0	11700	0.0	12600	0.0	13500	0.0	14400	0.0	15300	0.0	16200	0.0	17100	0.0	18000	0.0	18900	0.0	19800	0.0	20700	0.0	21600	0.0	22500	0.0	23400	0.0	24300	0.0	25200	0.0	26100	0.0	27000	0.0	27900	0.0	28800	0.0	29700	0.0	30600	0.0	31500	0.0	32400	0.0	33300	0.0	34200	0.0	35100	0.0	36000	0.0
718	0	120.0	900	120.0	1800	120.0	2700	0.0	3600	0.0	4500	0.0	5400	0.0	6300	0.0	7200	0.0	8100	0.0	9000	0.0	9900	0.0	10800	0.0	11700	0.0	12600	0.0	13500	0.0	14400	0.0	15300	0.0	16200	0.0	17100	0.0	18000	0.0	18900	0.0	19800	0.0	20700	0.0	21600	0.0	22500	0.0	23400	0.0	24300	0.0	25200	0.0	26100	0.0	27000	0.0	27900	0.0	28800	0.0	29700	0.0	30600	0.0	31500	0.0	32400	0.0	33300	0.0	34200	0.0	35100	0.0	36000	0.0
2019020	0	6.0	900	6.0	1800	6.0	2700	6.0	3600	0.0	4500	0.0	5400	0.0	6300	0.0	7200	0.0	8100	0.0	9000	0.0	9900	0.0	10800	0.0	11700	0.0	12600	0.0	13500	0.0	14400	0.0	15300	0.0	16200	0.0	17100	0.0	18000	0.0	18900	0.0	19800	0.0	20700	0.0	21600	0.0	22500	0.0	23400	0.0	24300	0.0	25200	0.0	26100	0.0	27000	0.0	27900	0.0	28800	0.0	29700	0.0	30600	0.0	31500	0.0	32400	0.0	33300	0.0	34200	0.0	35100	0.0	36000	0.0
90066	0	7.534883720930233	900	8.553191489361701	1800	0.0	2700	0.0	3600	0.0	4500	0.0	5400	0.0	6300	0.0	7200	0.0	8100	0.0	9000	0.0	9900	0.0	10800	0.0	11700	0.0	12600	0.0	13500	0.0	14400	0.0	15300	0.0	16200	0.0	17100	0.0	18000	0.0	18900	0.0	19800	0.0	20700	0.0	21600	0.0	22500	0.0	23400	0.0	24300	0.0	25200	0.0	26100	0.0	27000	0.0	27900	0.0	28800	0.0	29700	0.0	30600	0.0	31500	0.0	32400	0.0	33300	0.0	34200	0.0	35100	0.0	36000	0.0
1219012	0	6.0	900	6.0	1800	6.0	2700	6.0	3600	0.0	4500	0.0	5400	0.0	6300	0.0	7200	0.0	8100	0.0	9000	0.0	9900	0.0	10800	0.0	11700	0.0	12600	0.0	13500	0.0	14400	0.0	15300	0.0	16200	0.0	17100	0.0	18000	0.0	18900	0.0	19800	0.0	20700	0.0	21600	0.0	22500	0.0	23400	0.0	24300	0.0	25200	0.0	26100	0.0	27000	0.0	27900	0.0	28800	0.0	29700	0.0	30600	0.0	31500	0.0	32400	0.0	33300	0.0	34200	0.0	35100	0.0	36000	0.0
119001	0	6.0	900	6.0	1800	6.0	2700	6.0	3600	0.0	4500	0.0	5400	0.0	6300	0.0	7200	0.0	8100	0.0	9000	0.0	9900	0.0	10800	0.0	11700	0.0	12600	0.0	13500	0.0	14400	0.0	15300	0.0	16200	0.0	17100	0.0	18000	0.0	18900	0.0	19800	0.0	20700	0.0	21600	0.0	22500	0.0	23400	0.0	24300	0.0	25200	0.0	26100	0.0	27000	0.0	27900	0.0	28800	0.0	29700	0.0	30600	0.0	31500	0.0	32400	0.0	33300	0.0	34200	0.0	35100	0.0	36000	0.0
90077	0	6.514285714285714	900	6.333333333333333	1800	0.0	2700	0.0	3600	0.0	4500	0.0	5400	0.0	6300	0.0	7200	0.0	8100	0.0	9000	0.0	9900	0.0	10800	0.0	11700	0.0	12600	0.0	13500	0.0	14400	0.0	15300	0.0	16200	0.0	17100	0.0	18000	0.0	18900	0.0	19800	0.0	20700	0.0	21600	0.0	22500	0.0	23400	0.0	24300	0.0	25200	0.0	26100	0.0	27000	0.0	27900	0.0	28800	0.0	29700	0.0	30600	0.0	31500	0.0	32400	0.0	33300	0.0	34200	0.0	35100	0.0	36000	0.0
2018	0	240.0	900	240.0	1800	240.0	2700	0.0	3600	0.0	4500	0.0	5400	0.0	6300	0.0	7200	0.0	8100	0.0	9000	0.0	9900	0.0	10800	0.0	11700	0.0	12600	0.0	13500	0.0	14400	0.0	15300	0.0	16200	0.0	17100	0.0	18000	0.0	18900	0.0	19800	0.0	20700	0.0	21600	0.0	22500	0.0	23400	0.0	24300	0.0	25200	0.0	26100	0.0	27000	0.0	27900	0.0	28800	0.0	29700	0.0	30600	0.0	31500	0.0	32400	0.0	33300	0.0	34200	0.0	35100	0.0	36000	0.0
2019	0	243.11111111111111	900	242.32258064516128	1800	242.0	2700	0.0	3600	0.0	4500	0.0	5400	0.0	6300	0.0	7200	0.0	8100	0.0	9000	0.0	9900	0.0	10800	0.0	11700	0.0	12600	0.0	13500	0.0	14400	0.0	15300	0.0	16200	0.0	17100	0.0	18000	0.0	18900	0.0	19800	0.0	20700	0.0	21600	0.0	22500	0.0	23400	0.0	24300	0.0	25200	0.0	26100	0.0	27000	0.0	27900	0.0	28800	0.0	29700	0.0	30600	0.0	31500	0.0	32400	0.0	33300	0.0	34200	0.0	35100	0.0	36000	0.0
902121	0	7.9411764705882355	900	8.307692307692308	1800	6.0	2700	0.0	3600	0.0	4500	0.0	5400	0.0	6300	0.0	7200	0.0	8100	0.0	9000	0.0	9900	0.0	10800	0.0	11700	0.0	12600	0.0	13500	0.0	14400	0.0	15300	0.0	16200	0.0	17100	0.0	18000	0.0	18900	0.0	19800	0.0	20700	0.0	21600	0.0	22500	0.0	23400	0.0	24300	0.0	25200	0.0	26100	0.0	27000	0.0	27900	0.0	28800	0.0	29700	0.0	30600	0.0	31500	0.0	32400	0.0	33300	0.0	34200	0.0	35100	0.0	36000	0.0
2021	0	364.125	900	360.9	1800	364.0	2700	0.0	3600	0.0	4500	0.0	5400	0.0	6300	0.0	7200	0.0	8100	0.0	9000	0.0	9900	0.0	10800	0.0	11700	0.0	12600	0.0	13500	0.0	14400	0.0	15300	0.0	16200	0.0	17100	0.0	18000	0.0	18900	0.0	19800	0.0	20700	0.0	21600	0.0	22500	0.0	23400	0.0	24300	0.0	25200	0.0	26100	0.0	27000	0.0	27900	0.0	28800	0.0	29700	0.0	30600	0.0	31500	0.0	32400	0.0	33300	0.0	34200	0.0	35100	0.0	36000	0.0
1510	0	360.3636363636364	900	360.0681818181818	1800	360.0	2700	0.0	3600	0.0	4500	0.0	5400	0.0	6300	0.0	7200	0.0	8100	0.0	9000	0.0	9900	0.0	10800	0.0	11700	0.0	12600	0.0	13500	0.0	14400	0.0	15300	0.0	16200	0.0	17100	0.0	18000	0.0	18900	0.0	19800	0.0	20700	0.0	21600	0.0	22500	0.0	23400	0.0	24300	0.0	25200	0.0	26100	0.0	27000	0.0	27900	0.0	28800	0.0	29700	0.0	30600	0.0	31500	0.0	32400	0.0	33300	0.0	34200	0.0	35100	0.0	36000	0.0
2022	0	304.5	900	302.2758620689655	1800	300.75	2700	0.0	3600	0.0	4500	0.0	5400	0.0	6300	0.0	7200	0.0	8100	0.0	9000	0.0	9900	0.0	10800	0.0	11700	0.0	12600	0.0	13500	0.0	14400	0.0	15300	0.0	16200	0.0	17100	0.0	18000	0.0	18900	0.0	19800	0.0	20700	0.0	21600	0.0	22500	0.0	23400	0.0	24300	0.0	25200	0.0	26100	0.0	27000	0.0	27900	0.0	28800	0.0	29700	0.0	30600	0.0	31500	0.0	32400	0.0	33300	0.0	34200	0.0	35100	0.0	36000	0.0
90088	0	9.66	900	11.454545454545455	1800	0.0	2700	0.0	3600	0.0	4500	0.0	5400	0.0	6300	0.0	7200	0.0	8100	0.0	9000	0.0	9900	0.0	10800	0.0	11700	0.0	12600	0.0	13500	0.0	14400	0.0	15300	0.0	16200	0.0	17100	0.0	18000	0.0	18900	0.0	19800	0.0	20700	0.0	21600	0.0	22500	0.0	23400	0.0	24300	0.0	25200	0.0	26100	0.0	27000	0.0	27900	0.0	28800	0.0	29700	0.0	30600	0.0	31500	0.0	32400	0.0	33300	0.0	34200	0.0	35100	0.0	36000	0.0
1514	0	301.14285714285717	900	302.22222222222223	1800	302.625	2700	0.0	3600	0.0	4500	0.0	5400	0.0	6300	0.0	7200	0.0	8100	0.0	9000	0.0	9900	0.0	10800	0.0	11700	0.0	12600	0.0	13500	0.0	14400	0.0	15300	0.0	16200	0.0	17100	0.0	18000	0.0	18900	0.0	19800	0.0	20700	0.0	21600	0.0	22500	0.0	23400	0.0	24300	0.0	25200	0.0	26100	0.0	27000	0.0	27900	0.0	28800	0.0	29700	0.0	30600	0.0	31500	0.0	32400	0.0	33300	0.0	34200	0.0	35100	0.0	36000	0.0
1519	0	194.52272727272728	900	185.82	1800	183.1764705882353	2700	0.0	3600	0.0	4500	0.0	5400	0.0	6300	0.0	7200	0.0	8100	0.0	9000	0.0	9900	0.0	10800	0.0	11700	0.0	12600	0.0	13500	0.0	14400	0.0	15300	0.0	16200	0.0	17100	0.0	18000	0.0	18900	0.0	19800	0.0	20700	0.0	21600	0.0	22500	0.0	23400	0.0	24300	0.0	25200	0.0	26100	0.0	27000	0.0	27900	0.0	28800	0.0	29700	0.0	30600	0.0	31500	0.0	32400	0.0	33300	0.0	34200	0.0	35100	0.0	36000	0.0
919009	0	6.0	900	6.0	1800	6.0	2700	0.0	3600	0.0	4500	0.0	5400	0.0	6300	0.0	7200	0.0	8100	0.0	9000	0.0	9900	0.0	10800	0.0	11700	0.0	12600	0.0	13500	0.0	14400	0.0	15300	0.0	16200	0.0	17100	0.0	18000	0.0	18900	0.0	19800	0.0	20700	0.0	21600	0.0	22500	0.0	23400	0.0	24300	0.0	25200	0.0	26100	0.0	27000	0.0	27900	0.0	28800	0.0	29700	0.0	30600	0.0	31500	0.0	32400	0.0	33300	0.0	34200	0.0	35100	0.0	36000	0.0
1522	0	182.75510204081633	900	183.78343949044586	1800	182.0625	2700	0.0	3600	0.0	4500	0.0	5400	0.0	6300	0.0	7200	0.0	8100	0.0	9000	0.0	9900	0.0	10800	0.0	11700	0.0	12600	0.0	13500	0.0	14400	0.0	15300	0.0	16200	0.0	17100	0.0	18000	0.0	18900	0.0	19800	0.0	20700	0.0	21600	0.0	22500	0.0	23400	0.0	24300	0.0	25200	0.0	26100	0.0	27000	0.0	27900	0.0	28800	0.0	29700	0.0	30600	0.0	31500	0.0	32400	0.0	33300	0.0	34200	0.0	35100	0.0	36000	0.0
90099	0	6.126315789473685	900	6.125	1800	6.0	2700	0.0	3600	0.0	4500	0.0	5400	0.0	6300	0.0	7200	0.0	8100	0.0	9000	0.0	9900	0.0	10800	0.0	11700	0.0	12600	0.0	13500	0.0	14400	0.0	15300	0.0	16200	0.0	17100	0.0	18000	0.0	18900	0.0	19800	0.0	20700	0.0	21600	0.0	22500	0.0	23400	0.0	24300	0.0	25200	0.0	26100	0.0	27000	0.0	27900	0.0	28800	0.0	29700	0.0	30600	0.0	31500	0.0	32400	0.0	33300	0.0	34200	0.0	35100	0.0	36000	0.0
1011	0	301.22330097087377	900	301.8974358974359	1800	300.6	2700	0.0	3600	0.0	4500	0.0	5400	0.0	6300	0.0	7200	0.0	8100	0.0	9000	0.0	9900	0.0	10800	0.0	11700	0.0	12600	0.0	13500	0.0	14400	0.0	15300	0.0	16200	0.0	17100	0.0	18000	0.0	18900	0.0	19800	0.0	20700	0.0	21600	0.0	22500	0.0	23400	0.0	24300	0.0	25200	0.0	26100	0.0	27000	0.0	27900	0.0	28800	0.0	29700	0.0	30600	0.0	31500	0.0	32400	0.0	33300	0.0	34200	0.0	35100	0.0	36000	0.0
1719017	0	6.0	900	6.0	1800	6.0	2700	0.0	3600	0.0	4500	0.0	5400	0.0	6300	0.0	7200	0.0	8100	0.0	9000	0.0	9900	0.0	10800	0.0	11700	0.0	12600	0.0	13500	0.0	14400	0.0	15300	0.0	16200	0.0	17100	0.0	18000	0.0	18900	0.0	19800	0.0	20700	0.0	21600	0.0	22500	0.0	23400	0.0	24300	0.0	25200	0.0	26100	0.0	27000	0.0	27900	0.0	28800	0.0	29700	0.0	30600	0.0	31500	0.0	32400	0.0	33300	0.0	34200	0.0	35100	0.0	36000	0.0
1015	0	360.6233766233766	900	360.3673469387755	1800	360.0	2700	0.0	3600	0.0	4500	0.0	5400	0.0	6300	0.0	7200	0.0	8100	0.0	9000	0.0	9900	0.0	10800	0.0	11700	0.0	12600	0.0	13500	0.0	14400	0.0	15300	0.0	16200	0.0	17100	0.0	18000	0.0	18900	0.0	19800	0.0	20700	0.0	21600	0.0	22500	0.0	23400	0.0	24300	0.0	25200	0.0	26100	0.0	27000	0.0	27900	0.0	28800	0.0	29700	0.0	30600	0.0	31500	0.0	32400	0.0	33300	0.0	34200	0.0	35100	0.0	36000	0.0
619006	0	6.0	900	6.0	1800	6.0	2700	6.0	3600	0.0	4500	0.0	5400	0.0	6300	0.0	7200	0.0	8100	0.0	9000	0.0	9900	0.0	10800	0.0	11700	0.0	12600	0.0	13500	0.0	14400	0.0	15300	0.0	16200	0.0	17100	0.0	18000	0.0	18900	0.0	19800	0.0	20700	0.0	21600	0.0	22500	0.0	23400	0.0	24300	0.0	25200	0.0	26100	0.0	27000	0.0	27900	0.0	28800	0.0	29700	0.0	30600	0.0	31500	0.0	32400	0.0	33300	0.0	34200	0.0	35100	0.0	36000	0.0
1016	0	248.8314606741573	900	312.2181818181818	1800	267.84	2700	0.0	3600	0.0	4500	0.0	5400	0.0	6300	0.0	7200	0.0	8100	0.0	9000	0.0	9900	0.0	10800	0.0	11700	0.0	12600	0.0	13500	0.0	14400	0.0	15300	0.0	16200	0.0	17100	0.0	18000	0.0	18900	0.0	19800	0.0	20700	0.0	21600	0.0	22500	0.0	23400	0.0	24300	0.0	25200	0.0	26100	0.0	27000	0.0	27900	0.0	28800	0.0	29700	0.0	30600	0.0	31500	0.0	32400	0.0	33300	0.0	34200	0.0	35100	0.0	36000	0.0
1017	0	480.0	900	501.0	1800	480.0	2700	0.0	3600	0.0	4500	0.0	5400	0.0	6300	0.0	7200	0.0	8100	0.0	9000	0.0	9900	0.0	10800	0.0	11700	0.0	12600	0.0	13500	0.0	14400	0.0	15300	0.0	16200	0.0	17100	0.0	18000	0.0	18900	0.0	19800	0.0	20700	0.0	21600	0.0	22500	0.0	23400	0.0	24300	0.0	25200	0.0	26100	0.0	27000	0.0	27900	0.0	28800	0.0	29700	0.0	30600	0.0	31500	0.0	32400	0.0	33300	0.0	34200	0.0	35100	0.0	36000	0.0
901111	0	9.114503816793894	900	8.215384615384615	1800	12.0	2700	0.0	3600	0.0	4500	0.0	5400	0.0	6300	0.0	7200	0.0	8100	0.0	9000	0.0	9900	0.0	10800	0.0	11700	0.0	12600	0.0	13500	0.0	14400	0.0	15300	0.0	16200	0.0	17100	0.0	18000	0.0	18900	0.0	19800	0.0	20700	0.0	21600	0.0	22500	0.0	23400	0.0	24300	0.0	25200	0.0	26100	0.0	27000	0.0	27900	0.0	28800	0.0	29700	0.0	30600	0.0	31500	0.0	32400	0.0	33300	0.0	34200	0.0	35100	0.0	36000	0.0
901616	0	26.620253164556964	900	113.31210191082802	1800	12.0	2700	0.0	3600	0.0	4500	0.0	5400	0.0	6300	0.0	7200	0.0	8100	0.0	9000	0.0	9900	0.0	10800	0.0	11700	0.0	12600	0.0	13500	0.0	14400	0.0	15300	0.0	16200	0.0	17100	0.0	18000	0.0	18900	0.0	19800	0.0	20700	0.0	21600	0.0	22500	0.0	23400	0.0	24300	0.0	25200	0.0	26100	0.0	27000	0.0	27900	0.0	28800	0.0	29700	0.0	30600	0.0	31500	0.0	32400	0.0	33300	0.0	34200	0.0	35100	0.0	36000	0.0
