1309	4331
3821	4333
2102	4335
3753	4337
4060	4339
2384	4341
1991	4343
306	4345
1170	4347
638	4349
2206	4351
1151	4353
3759	4355
3968	4357
4221	4359
4321	4361
563	4363
608	4365
899	4367
1256	4369
2539	4371
2806	4373
3338	4375
2383	4341
2729	4377
3006	4379
3086	4381
946	4383
3582	4385
3214	4387
4007	4389
2038	4391
2868	4393
1951	4395
2432	4397
1910	4399
2686	4401
3428	4403
3634	4405
185	4407
1480	4409
1772	4411
1482	4409
2442	4413
2844	4415
4299	4417
1740	4419
3069	4381
3401	4421
2079	4423
2348	4425
3649	4427
1245	4429
4037	4431
4233	4433
24	4435
374	5712
2051	4439
3580	4385
3693	4441
4058	4443
2270	4445
2589	4447
693	4449
1741	4419
993	4451
2573	4453
3313	4455
3845	4457
4300	4417
425	4459
1717	4461
2346	4425
4305	4417
3219	4463
3000	4379
667	4465
1246	4429
1529	4467
1804	4469
3529	4471
1101	4473
3975	4475
1410	4477
153	5736
3347	4375
3586	4385
1964	5738
2885	4483
11	4485
1332	4487
1596	4489
2540	4371
4114	4491
519	4493
594	4495
1225	4497
3865	4499
2669	4501
2954	4503
3624	4505
2705	4401
3777	4507
1173	4347
1561	4509
3625	4505
551	4511
835	4513
1277	4515
2100	4335
3480	4517
1007	4519
2894	4483
7	4521
75	4523
2293	4525
2999	4379
1659	4527
3705	4529
982	4531
1178	4347
1718	4461
1975	5766
2339	4425
2700	4401
3535	4471
4063	4535
2498	4537
3268	4539
3339	4375
1171	4347
1372	4541
3556	4543
3996	4545
27	4435
4319	4361
43	4547
862	4549
2690	4401
1136	4551
4120	4553
4261	4555
1272	4515
1677	4557
3198	4559
175	4561
2310	4563
3717	4565
2286	4567
1478	4409
1403	4569
1784	4571
3431	4403
1765	4411
3742	4573
1069	4575
1817	4577
2159	4579
3062	4381
2180	4581
188	5794
1523	4585
2033	4391
3302	4587
1823	4589
2736	4377
3125	4591
3867	4499
3879	4499
4015	4389
3664	4593
3860	4499
134	4595
915	4597
1063	4599
3487	4601
2948	4503
1802	4469
1974	4533
4230	4603
106	4605
1421	4477
1552	4509
3984	4607
1149	4353
2650	4609
3245	4611
3716	4565
3843	4457
2120	4613
2734	4377
3448	4615
3539	4471
268	4617
1060	4619
1558	4509
2764	4621
3425	4403
3629	4405
855	4623
2804	4373
83	4625
774	6762
3004	4379
3919	4629
4139	4631
418	4459
1839	4633
3718	4565
111	4605
1097	4473
2957	4503
3078	4381
764	4635
3498	4637
3848	4457
4109	4639
1271	4515
955	4641
1921	4643
2093	4645
3537	4471
1038	4647
1988	4343
2371	4649
5	4651
2670	4501
2816	4373
4075	4653
4098	4655
156	5736
1075	4657
1962	4481
4269	4659
1226	4497
2250	4661
3340	4375
1270	4515
3983	4607
3515	4663
3963	4665
1877	4667
3293	4669
1175	4347
3280	4671
2144	4673
3910	4675
3995	4545
2739	4377
3574	4677
3936	4679
4106	4681
1511	4683
3361	4375
3432	4403
3513	4663
984	4531
1825	4589
2952	4503
3318	4685
646	4687
1758	4689
2176	4581
2661	5854
4220	4359
3665	4593
925	4597
2496	4537
3136	4591
3775	4507
1606	4693
4155	4695
20	4435
1731	4419
2125	4697
878	4699
4137	4631
1719	4461
3025	4701
3134	4591
1052	4703
1209	4705
1791	4571
3406	4421
450	4707
769	4709
903	4367
1154	4353
1362	4711
2327	4713
4322	4361
649	4687
1155	4353
2919	4715
1090	4717
1555	4509
1040	4647
1605	4693
3871	4499
4251	4719
3358	4375
3969	4357
4164	4721
373	5712
2961	4503
2182	4581
2328	4713
328	4723
426	4459
4213	5873
676	4727
3607	4729
3714	4731
1363	4711
1500	4733
3443	4615
403	5879
155	5736
748	4737
1268	4515
4122	4553
1902	4739
3335	4375
1361	4711
2757	4741
2951	4503
3147	4591
1180	4347
2351	4425
2923	4715
3309	4743
3935	4679
3946	4745
2574	4453
3774	4507
3819	4333
242	4747
1476	4409
1597	4489
1789	4571
1678	4557
2602	4447
811	4749
1549	4509
3573	4677
4290	4751
1054	4703
294	4753
581	4755
783	4757
1842	4633
2789	4759
1426	4477
1568	4509
550	4511
1483	4409
2900	4483
3719	4565
3744	4573
3272	4539
3348	4375
406	4735
1963	5738
375	5712
1310	4331
2735	4377
745	4737
1353	4761
1569	4509
63	4763
1131	4551
1531	4467
1845	4633
2172	4581
1413	4477
1415	4477
2169	4581
2275	4765
2596	4447
3042	4767
4184	4769
1618	4693
189	4583
2803	4373
3475	4771
837	4773
1474	4409
1613	4693
3141	4591
220	4775
73	4523
2127	4697
3263	6839
4149	4779
1264	4515
3363	4375
3517	4663
3612	4781
3720	4565
998	4451
2101	4335
2495	4537
2853	4783
3231	4785
3824	4333
4090	4787
760	4789
1236	4791
2455	4793
3881	4499
1414	4477
2559	4795
3596	4797
1039	4647
13	4799
1934	5915
2927	4715
2251	4661
2807	4373
4133	4803
267	4617
2845	4415
215	4775
526	4805
2016	4807
3054	4381
1008	4519
2138	4809
3595	4797
3602	4811
806	4749
1322	4487
2515	4813
3084	4381
3584	4385
582	4755
1708	4815
2005	4817
2780	4819
3144	4591
3847	4457
1224	4497
3905	4821
3429	4403
57	4823
201	4825
2406	4827
4288	4751
1915	4643
3467	4829
838	4773
970	4831
1280	4515
3825	4333
687	4449
2768	4621
3352	4375
427	4459
481	4833
1405	4569
2217	4835
1053	4703
1503	4733
2654	4609
3815	4837
3021	4701
3337	4375
3610	4839
1227	4497
1838	4633
3026	4701
3209	4841
979	4531
1210	4705
1931	4801
4191	5939
2331	4845
218	4775
1239	4791
4065	4847
4079	4849
205	4851
2231	4853
3533	4471
4222	4359
170	4855
3005	4379
4188	5947
3056	4381
490	4859
2170	4581
527	4805
1967	4481
2892	4483
4131	4861
4178	4863
64	4763
302	4345
3955	4865
765	4635
1307	4331
3823	4333
3942	4867
3403	4421
2487	4869
3130	4591
3597	4797
202	4825
3360	4375
528	4805
1098	4473
2259	4871
2697	4401
983	4531
2759	4741
2776	4819
422	4459
1612	4693
1711	4815
2	4873
484	4833
971	4831
1451	4875
2014	4807
2858	4783
3801	4877
475	4879
1088	4717
1134	4551
2488	4869
2926	4715
3696	4881
2462	4883
2947	4503
2262	4871
424	4459
858	4549
673	4727
1732	4419
2335	4425
3233	4885
3793	4887
497	4859
3409	4421
1670	4557
2344	4425
3395	4889
3614	4891
4127	4893
4268	4659
2165	4581
2245	4661
3632	4405
3464	4895
270	4617
414	4459
2733	4377
3341	4375
293	4753
1680	4557
1879	4667
1137	4551
1738	4419
56	4823
775	6762
2684	4401
2593	4447
25	4435
542	5969
1449	4875
4009	4389
467	4899
190	5794
1023	4901
1148	4353
1683	4557
3850	4457
49	4903
2753	4905
3308	4743
3880	4499
518	4493
1254	4369
1509	4683
303	4345
1570	4509
1835	4633
2091	4645
2898	4483
1122	4907
1730	4419
2173	4581
4240	4909
1462	4911
1899	4913
2777	4819
3321	4685
498	4859
3213	4387
3303	4587
4302	4417
3444	4615
4013	4389
1026	4901
1409	4477
1850	4633
3063	4381
2112	4915
2662	4691
2663	4691
3077	4381
376	4437
1485	4409
1559	4509
2004	4817
2960	4503
22	4435
3748	4917
3757	4919
3834	4921
3508	4923
4038	4431
1936	4801
3909	4675
1739	4419
482	4833
1560	4509
2086	4925
2443	4413
3082	4381
715	4927
995	4451
2509	4813
2794	5893
3320	4685
4196	4929
2157	4579
2731	4377
1420	4477
3466	4829
4096	4655
773	4627
3566	4931
1156	4353
2873	4393
4154	4695
1676	4557
3135	4591
800	4933
2450	4793
76	4523
165	5989
1172	4347
1510	4683
1768	4411
1999	4937
2397	4939
353	4941
1412	4477
2175	4581
2315	4943
430	4459
451	4707
1275	4515
2316	5994
2775	4819
3781	4945
618	4947
2099	4335
1064	4599
2060	4949
2207	4351
2609	4447
3081	4381
3914	4951
4306	4417
401	5879
3334	4375
1674	4557
3307	4743
3726	4565
922	4597
1553	4509
2236	4953
421	4459
3271	4539
177	4561
653	4687
723	4927
808	4749
1933	5915
916	4597
856	4623
906	4367
2874	4393
3496	4637
3877	4499
3269	4539
3479	4517
3668	4593
3866	4499
3870	4499
457	4955
1481	4409
1566	4509
42	4547
713	4927
1833	4633
2817	4373
2121	4613
2497	4537
4172	4957
344	4941
1854	4633
3295	4669
499	4859
559	4959
534	6004
1381	4963
2083	4925
959	4641
352	4941
1684	4557
1841	4633
3248	4611
1253	4369
807	4749
3020	4701
3689	4965
3806	4967
3974	4475
4011	4389
2920	4715
3072	4381
3441	4615
221	4775
832	4969
1837	4633
921	4597
870	4699
952	5825
1183	4347
2418	4971
3218	4463
1299	4973
1106	4473
1298	4973
1329	4487
957	5825
1733	4419
2084	4925
2766	4621
3394	4889
801	4933
3532	4471
4147	4975
2177	4581
3124	4591
675	4727
2737	4377
1213	4705
1790	4571
2340	4425
2893	4483
2955	4503
724	4927
1207	4705
2945	4503
40	4547
290	4753
357	4941
672	4727
784	4757
960	4641
2342	4425
3127	4591
206	4851
171	4855
844	4977
939	4979
1908	4399
1966	4481
3956	4865
4014	4389
1755	4689
2696	4401
3724	4565
4248	4719
718	4927
1184	4347
3041	4767
4051	4981
2179	4581
802	4933
1534	4467
3869	4499
125	4983
2407	4827
1846	4633
2949	4503
2336	4425
237	4747
901	4367
1255	4369
2097	4335
3291	4669
4027	4985
4036	4431
641	4349
2613	4447
3002	4379
3957	4865
1822	4589
2305	4987
2343	4425
26	4435
809	4749
3555	4543
532	4961
861	4549
1179	4347
1382	4963
2056	6020
2595	4447
122	4983
207	4851
711	4927
2815	4373
1847	4633
1404	4569
2067	4991
2401	4993
3876	4499
1107	4473
1914	4643
2528	4995
859	4549
958	4641
1360	4711
1886	6025
781	4757
1206	4705
95	4999
224	4775
628	5001
2738	4377
3569	5003
2260	4871
3247	4611
1321	4487
1643	5005
1352	4761
2599	4447
3628	4405
3976	4475
2463	4883
2246	4661
3315	4455
3615	4891
150	4479
2204	4351
580	4755
1819	4589
2020	4807
4067	5007
4102	5009
301	4345
1176	4347
1767	4411
2063	5011
2382	4341
1723	4461
1022	4901
1458	4911
2465	4883
3514	4663
3962	4665
4077	5013
4214	4725
3083	4381
1611	4693
3270	4539
4192	5939
3917	4629
1834	4633
2332	4845
2963	4503
386	5015
1393	5017
2317	4943
3131	4591
1150	4353
2867	4393
2012	4807
3210	4841
1824	4589
3570	5003
1326	4487
1525	4585
194	5019
2688	4401
2846	4415
1998	4937
846	4977
1977	5766
2466	4883
72	4523
3055	4381
3284	4671
239	4747
654	4687
2562	4795
176	4561
496	4859
1152	4353
1205	4705
3356	4375
565	4363
877	4699
1957	5021
3145	4591
3075	4381
1616	4693
1893	6040
2530	4995
331	4723
3152	4591
3200	4559
198	5025
1010	4519
2174	4581
2728	4377
2444	4413
3074	4381
770	4709
1076	4657
2820	4373
3408	4421
1327	4487
3494	4637
786	4757
1637	5027
324	4723
3138	4591
3323	4685
3324	4685
2347	4425
2701	4401
2110	4915
4303	4417
2730	4377
3059	4381
3949	5029
423	4459
996	4451
2015	4807
2385	4341
1428	4477
3987	4607
4234	4433
674	4727
1166	4347
1551	4509
1786	5787
1788	5787
2779	4819
3060	4381
3864	4499
4008	4389
1499	4733
2369	4649
2614	4447
3222	4463
96	4999
2615	4447
2889	4483
480	4833
493	4859
1074	4657
1682	4557
2235	4953
2136	7750
3997	4545
2164	4581
956	4641
3155	4591
597	5031
1567	4509
245	4747
873	4699
1103	4473
2922	4715
3507	4923
4108	4639
1354	4761
2895	4483
2649	4609
308	4345
552	4511
2857	4783
813	4749
1654	5033
2285	4567
1518	5035
1599	4489
2514	4813
2591	4447
4012	4389
4280	5037
388	5015
919	4597
3844	4457
1479	4409
3783	4945
1881	4667
2181	4581
2302	5039
2481	5041
85	5816
602	4365
3283	4671
3052	4381
4141	4631
2467	4883
1675	4557
17	4435
394	5043
2576	4453
4239	4909
384	5015
483	4833
1204	4705
2338	4425
3405	4421
132	4595
458	4955
1297	4973
2651	4609
3128	4591
3725	4565
98	4999
448	4707
470	5045
2590	4447
169	4855
3140	4591
3600	4811
77	4523
2151	5047
3221	4463
4029	4985
4138	4631
721	4927
1328	4487
1351	4761
1635	5027
178	4561
222	4775
900	4367
1898	4913
3079	4381
3229	5049
3985	4607
3396	4889
477	5051
1078	4657
4250	4719
4320	4361
902	4367
2924	4715
3038	4767
4111	5053
1771	4411
3832	4921
3926	5055
3994	4545
4159	5057
4205	5059
4324	4361
1456	4911
3156	4591
214	4775
948	4383
3921	4629
574	5061
1305	4331
2408	4827
3797	5063
244	4747
954	5825
1844	4633
3708	4529
247	4747
3482	4517
3688	4965
197	5025
2693	4401
65	4763
246	4747
842	4977
1800	4469
1895	5065
152	5736
1958	5021
2513	4813
2953	4503
3728	4565
2578	4453
8	4521
456	4955
980	4531
1308	4331
2412	5067
3782	4945
3037	4767
3201	4559
275	4617
1840	4633
640	4349
2855	4783
2508	4813
1383	4963
2000	4937
4204	5059
2429	5069
3142	4591
3470	5071
396	5043
2396	4939
2899	4483
3447	4615
3619	5073
624	5075
2694	4401
4242	4909
2616	4447
3346	4375
1920	4643
3666	4593
4252	4719
1121	4907
1425	4477
2166	4581
882	4699
3940	5077
4062	6071
1212	4705
3242	6073
3066	4381
208	4851
810	4749
2812	4373
4087	5083
1813	5085
2098	4335
3816	4837
86	5816
651	4687
2247	4661
2292	4525
2421	4971
3278	4671
1306	4331
1528	4467
1208	4705
827	5087
1128	4551
1754	6794
2511	4813
1384	4963
4158	5057
4266	4659
992	4451
2438	5089
2527	4995
3070	4381
4179	4863
139	5091
223	4775
1617	4693
3264	4777
3784	4945
1811	5085
2420	4971
4278	5037
1278	4515
2018	4807
3008	4379
1686	4557
2417	4971
829	5093
1515	5035
2891	4483
2998	4379
3663	4593
4026	4985
4262	4555
812	4749
2034	4391
3357	4375
3707	4529
346	4941
1085	4717
1671	4557
2386	4341
3080	4381
3149	4591
3973	4475
1757	5852
1922	4643
2337	4425
575	5061
2510	4813
2774	4819
3314	4455
18	4435
1229	4497
1756	5852
3153	4591
664	4465
719	4927
1133	4551
3123	4591
4091	4787
166	5989
2814	4373
1129	4551
2249	4661
521	4493
1333	4487
3022	4701
3076	4381
712	4927
1130	4551
2061	4949
3516	4663
3643	5095
938	4979
3872	4499
3583	4385
1477	4409
788	4757
918	4597
2818	4373
2565	4795
3445	4615
619	4947
1252	4369
2608	4447
3322	4685
2594	4447
3137	4591
4170	4957
47	4903
3238	5097
4134	4803
1533	4467
607	4365
1563	4509
1878	4667
3355	4375
3862	4499
3934	5846
4270	4659
151	5736
541	5969
4030	4985
2082	4925
3349	4375
4151	5099
269	4617
2006	4817
93	4999
449	4707
4162	5101
1464	4911
3154	4591
694	4449
2349	4425
3802	4877
623	5075
1463	4911
2819	4373
3875	4499
720	4927
2765	4621
2793	4759
3698	5103
460	4955
3491	4637
3631	4405
2752	4905
3148	4591
880	4699
2808	4373
3007	4379
1350	4761
1710	4815
2242	5105
429	4459
860	4549
1182	4347
1556	4509
3132	4591
3139	4591
3351	4375
478	5051
1554	4509
2301	5039
240	4747
4219	4359
688	4449
947	4383
4086	5083
1228	4497
766	4635
944	5107
1419	4477
1595	4489
531	4961
650	4687
1880	4667
2480	6051
4260	4555
585	4755
1418	4477
2778	4819
4197	4929
1047	5109
500	4859
2946	4503
3492	4637
2070	4991
2445	4413
50	4903
1461	4911
1546	4509
2454	4793
2294	4525
2603	4447
3003	4379
4276	5037
14	4799
387	5015
1174	4347
2263	4871
833	6091
1422	4477
4304	4417
570	5113
1390	5017
2035	4391
2478	6051
1644	5005
2113	4915
871	4699
1167	4347
863	4549
3493	4637
1737	4419
405	4735
2537	4371
647	4687
1919	4643
2538	4371
3998	4545
217	4775
61	4763
920	4597
1812	5085
2588	4447
2754	4905
3027	4701
3442	4615
3561	5115
652	4687
2526	4995
213	4775
1734	4419
3257	5117
2970	4503
3495	4637
321	5871
4295	4417
291	4753
1681	4557
1736	4419
3427	4403
709	4927
2601	4447
2966	4503
3704	4529
3706	4529
1024	4901
385	5015
305	4345
2702	4401
266	4617
329	4723
1177	4347
62	4763
322	4723
639	4349
2512	4813
415	4459
3528	4471
3930	5119
84	5816
241	4747
2560	4795
2821	4373
1395	5017
1610	4693
1986	4343
3918	4629
630	5121
4121	4553
325	4723
472	5123
633	5125
1331	4487
2564	4795
1238	4791
1944	5127
1059	4619
502	4859
1266	4515
3794	4887
845	4977
1764	4411
606	4365
2158	4579
2887	4483
3488	4601
4071	5129
604	4365
3446	4615
272	4617
1319	4487
2929	4715
3471	5071
3721	4565
354	4941
708	4927
1950	4395
3342	4375
722	4927
1377	5131
1168	4347
2219	4835
2652	4609
4182	4769
1065	4599
3868	4499
1843	4633
3344	4375
974	5133
1917	4643
2119	4613
3982	4607
4249	4719
133	4595
2321	5135
3143	4591
3647	4427
2402	4993
4206	5059
601	4365
2039	4391
2135	7750
3620	5073
4171	4957
1502	4733
1640	5137
3281	4671
1276	4515
2019	4807
2437	8777
4010	4389
689	4449
823	6107
1548	4509
350	4941
2146	4673
3972	4475
714	4927
495	4859
1048	5109
1851	4633
1244	4429
1323	4487
2017	4807
2687	4401
2370	4649
2787	5893
4070	5129
3652	4427
869	4699
2145	5842
3671	4593
1279	4515
1564	4509
4223	4359
141	5091
243	4747
97	4999
2543	4371
2167	4581
1375	5131
1906	5141
2493	4537
2813	4373
3354	4375
3410	4421
3404	4421
2153	5047
459	4955
1685	4557
2653	4609
3061	4381
3430	4403
1269	4515
1852	4633
1273	4515
1663	4527
4267	4659
2216	4835
2308	4563
1562	4509
2888	4483
1087	4717
1416	4477
3749	4917
2805	4373
4277	5037
978	4531
2475	5143
2965	4503
3001	4379
3412	4421
4323	4361
2298	5145
2897	4483
716	4927
881	4699
1530	4467
108	4605
3146	4591
3633	4405
2958	4503
3068	4381
648	4687
3722	4565
2758	4741
3150	4591
579	4755
1025	4901
2950	4503
905	4367
1649	5147
2375	4649
3359	4375
3723	4565
2598	4447
4177	4863
1848	4633
4301	4417
2453	4793
2499	4537
2507	4813
1073	4657
3463	5149
3700	5151
3943	4867
276	4617
1135	4551
2222	4835
2323	5135
981	4531
1250	4369
3820	4333
3874	4499
787	4757
2040	4391
2964	4503
3661	4593
758	4789
1459	4911
1536	4467
2809	4373
3476	4771
4053	5153
4083	5155
3646	4427
1371	4541
2575	4453
3294	4669
3836	4921
349	4941
2013	4807
2664	4691
3807	4967
309	4345
583	4755
1892	5023
4081	5157
4128	4893
3259	5117
1475	4409
1547	4509
3648	4427
1735	4419
2479	5041
2109	4915
3575	4677
4298	4417
533	4961
2341	4425
3159	4591
1325	4487
2699	4401
3950	5029
605	4365
2400	4993
2597	4447
2890	4483
569	5113
2345	4425
2901	4483
4048	5159
1132	4551
1641	5137
3670	4593
3842	4457
3986	4607
3343	4375
4057	4443
4297	4417
2221	4835
2587	4447
149	5736
1820	4589
1524	4585
1687	4557
2586	4447
1853	4633
3319	4685
4006	4389
348	4941
1932	4801
2416	4971
4042	5161
2967	4503
330	4723
2071	4991
2791	4759
3071	4381
3554	4543
2057	6020
2962	4503
3217	4463
2218	4835
1089	4717
1773	4411
3220	4463
3846	4457
4054	5153
2413	5067
3246	4611
3336	4375
685	4449
759	4789
1887	4997
3579	4385
3789	5163
183	4407
2215	4835
2322	5135
2563	4795
824	6107
1978	5766
2178	4581
2607	4447
48	4903
1153	4353
3627	4405
1100	4473
1722	4461
3534	4471
2869	4393
3519	4663
3660	4593
395	5043
942	5165
3085	4381
1120	4907
1661	4527
3039	4767
310	4345
3772	5167
326	4723
560	4959
1070	4575
2220	4835
2274	4765
2679	5169
110	4605
2612	4447
121	4983
2592	4447
2202	4351
250	4747
2419	4971
2529	4995
3667	4593
1	4873
520	4493
690	4449
1123	4907
2928	4715
3067	4381
238	4747
3585	4385
627	5001
717	4927
750	4737
4046	5171
2261	4871
428	4459
1836	4633
2870	4393
1614	4693
3530	4471
1720	4461
2611	4447
3927	5055
789	4757
3292	4669
3202	4559
109	4605
1330	4487
3606	4729
4237	4909
2561	4795
994	4451
1672	4557
2433	4397
3863	4499
725	4927
1077	4657
3512	4663
874	4699
2132	6127
3964	4665
747	4737
1909	4399
3630	4405
3800	4877
1448	4875
2422	4971
937	4979
2137	4809
3822	4333
1450	4875
1709	4815
343	4941
2546	4371
4097	4655
105	4605
904	4367
3296	4669
4253	4719
3036	4767
1607	4693
1651	6129
4085	5177
2685	4401
1427	4477
2011	4807
2788	4759
4195	4929
1086	4717
3234	4885
3808	4967
2387	4341
564	4363
1615	4693
1816	4577
2767	4621
1484	4409
3672	4593
710	4927
1787	4571
2843	4415
3126	4591
1565	4509
2698	4401
2203	4351
4183	4769
2085	4925
4130	4861
4140	4631
1036	4647
1102	4473
1916	4643
2610	4447
2854	4783
3481	4517
4212	5873
517	4493
2168	4581
3618	5073
3761	5179
2272	4765
691	5719
3833	4921
692	4449
923	4597
1392	5017
1652	6129
548	4511
707	4927
3058	4381
351	4941
1046	5109
1669	4557
2544	4371
140	5091
249	4747
4296	4417
404	5879
1785	4571
3345	4375
2230	4853
540	5969
1918	4643
2959	4503
216	4775
593	4495
3651	4427
1460	4911
3282	4671
3459	5181
3873	4499
1417	4477
2871	4393
3993	4545
1517	5035
1609	4693
2732	4377
3791	5183
3581	4385
3024	4701
1105	4473
1535	4467
1888	4997
1976	5766
356	4941
491	4859
1498	4733
1368	5185
1376	5131
3241	5081
3560	5115
3727	4565
4229	4603
1608	4693
2064	5011
2307	4563
665	4465
1027	4901
2841	4415
3426	4403
3662	4593
2077	5187
3053	4381
3064	4381
2451	4793
3237	5097
2678	5169
21	4435
345	4941
1619	4693
875	4699
997	4451
219	4775
2886	4483
3518	4663
4165	4721
184	4407
1009	4519
1320	4487
1965	4481
2010	4807
3407	4421
1987	4343
1424	4477
1904	5189
2692	4401
377	5712
2309	5782
2969	4503
3564	4931
3768	5191
2037	4391
2792	4759
4289	4751
307	4345
1660	4527
1821	4589
461	4955
1037	4647
3362	4375
41	4547
271	4617
603	4365
2677	5169
2691	4401
416	4459
1324	4487
112	4605
2541	4371
677	4727
3601	4811
2547	4371
2600	4447
2944	4503
3767	5191
16	4435
124	4983
2111	4915
1391	5017
1766	4411
3920	4629
2372	4649
4198	4929
876	4699
879	4699
3258	5117
1211	4705
2436	5089
1949	4395
94	4999
549	4511
749	4737
2205	4351
4116	5193
3915	5195
3931	5119
3878	4499
4028	4985
492	4859
1990	4343
2474	5143
3536	4471
142	5091
1956	5021
3023	4701
355	4941
274	4617
87	5816
634	5125
1013	4519
107	4605
2703	4401
420	4459
558	4959
1251	4369
2811	4373
3197	4559
3255	5197
154	5736
3353	4375
289	4753
953	5825
2032	4391
2859	4783
3538	4471
2930	4715
4117	5193
1948	5690
2676	5169
2036	4391
2872	4393
3050	4381
3199	4559
4169	4957
1181	4347
2585	4447
2856	4783
3129	4591
3743	4573
1849	4633
292	4753
347	4941
1662	4527
2373	4649
3762	5179
2053	4439
2069	4991
2525	4995
3849	4457
2350	4425
3650	4427
3954	4865
543	5969
1457	4911
3051	4381
501	4859
2374	4649
3809	4967
2281	5199
3497	4637
494	4859
1423	4477
573	5061
782	4757
2810	4373
3040	4767
3776	4507
323	4723
917	4597
1598	4489
2896	4483
327	4723
776	4627
1104	4473
4050	4981
2695	4401
1550	4509
4287	4751
2240	5201
1411	4477
2143	4673
304	4345
3158	4591
3254	5197
598	5031
746	4737
1028	4901
1557	4509
23	4435
1274	4515
2131	6127
3402	4421
975	5133
4203	5059
419	4459
666	4465
2092	4645
2282	5199
273	4617
1099	4473
1769	4411
2545	4371
4241	4909
1267	4515
2126	4697
3861	4499
2604	4447
2968	4503
3701	5151
123	4983
402	4735
1300	4973
4279	5037
2464	4883
3157	4591
3540	4471
4238	4909
1636	5027
1265	4515
1655	5033
3908	4675
138	5091
1897	4913
3057	4381
843	4977
1012	4519
1311	4331
1532	4467
2689	4401
3073	4381
2052	4439
3151	4591
19	4435
3350	4375
1169	4347
3133	4591
417	4459
584	4755
1006	4519
1389	5017
2542	4371
3411	4421
3766	5191
2248	4661
2486	4869
2606	4447
4103	5009
3457	5181
248	4747
1935	5915
1985	4343
924	4597
2494	4537
2671	4501
2790	4759
3531	4471
2395	4939
3565	4931
1803	4469
684	4449
3458	5181
4281	5037
2931	4715
3673	4593
2704	4401
1394	5017
1770	4411
2956	4503
3669	4593
1237	4791
2287	4567
3835	4921
265	4617
2925	4715
872	4699
1673	4557
2452	4793
3065	4381
3279	4671
74	4523
1516	5035
1679	4557
489	4859
686	4449
847	4977
1945	5127
2273	4765
2492	4537
1011	4519
1801	4469
2068	4991
2171	4581
2605	4447
4094	5203
400	4735
785	4757
1989	4343
3948	5029
2152	5047
3755	5205
1501	4733
2842	4415
2921	4715
883	4699
1721	4461
2875	4393
3325	4685
2577	4453
364	4941
1864	4633
1884	4667
2184	4581
2333	4845
3117	4381
4225	4359
1896	5065
2584	4453
668	4465
3483	4517
129	4983
1666	4527
3548	4471
314	4345
544	4897
831	6080
2749	4377
3929	5055
332	5871
680	4727
1505	4733
1587	4509
1760	6794
3262	5117
3563	5115
1792	4571
2284	5199
2439	5089
3462	5181
3971	4357
398	5043
2049	4391
3207	4559
186	4407
2288	4567
2709	4401
1692	4557
2553	4371
2583	4453
2795	4759
1356	4761
2617	4447
3287	4671
411	5879
3961	4865
3677	4593
317	4345
1161	4353
2409	4827
3298	4669
2879	4393
3928	5055
2253	4661
4329	4361
893	4699
1191	4347
1997	4343
3330	4685
4145	4631
193	5794
546	4897
779	4627
1287	4515
1338	4487
1016	4519
1049	5109
2122	4613
3571	5003
850	4977
2485	5041
231	4775
909	4367
1397	5017
1959	5021
3107	4381
2290	4567
3856	4457
3893	4499
701	4449
2938	4715
3811	4967
525	4493
3187	4591
1639	5027
3378	4375
3925	4629
36	4435
210	4851
3274	6234
3439	4403
203	4825
2504	4537
524	4493
2911	4483
697	4449
4163	5101
1628	4693
1995	4343
3765	5297
3953	5029
2303	5039
1594	4509
2258	4661
767	4635
3265	6839
1147	4551
1507	4733
2484	5041
2861	4783
3577	4677
733	4927
2659	4609
1387	4963
2366	4425
3594	4385
442	4459
989	4531
1127	4907
1193	4347
1742	4419
257	4747
771	4709
4125	4553
1544	4467
4033	4985
1357	4761
2840	4373
137	4595
507	4859
1407	4569
1468	4911
1486	4409
1538	4467
1701	4557
1729	5726
3658	4427
1373	4541
3684	4593
3758	4919
1493	4409
3174	4591
3312	4743
4004	4545
645	4349
891	4699
2415	5067
3195	4591
2933	4715
408	5879
2095	4645
3239	5097
1296	4515
2252	4661
2299	5145
3490	4601
341	5871
1703	4557
2746	4377
2975	4503
886	4699
2435	4397
3741	4565
3883	4499
3735	4565
103	4999
1202	4347
1495	4409
2827	4373
3737	4565
4275	4659
117	4605
1440	4477
3449	4615
2550	4371
1231	4497
1689	4557
1694	4557
4328	4361
2634	4447
4080	4849
2665	4691
3387	4375
3642	4405
2009	4817
361	4941
3118	4381
1429	4477
2403	4993
4123	4553
465	4955
1433	4477
1455	4875
1805	4469
2329	4713
3102	4381
3388	4375
1434	4477
2291	4567
3252	4611
3524	4663
1343	4487
315	4345
698	4449
2044	4391
2903	4483
1441	4477
1745	4419
2461	4793
2823	4373
3108	4381
3499	4637
848	4977
2568	4795
682	4727
985	4531
2155	5047
3841	4921
3902	4499
700	5719
4020	4389
1751	4419
2029	4807
2359	4425
2802	4759
3754	4337
158	4479
2644	4447
2834	4373
4156	4695
4232	4603
4173	4957
1437	4477
3562	5115
3675	4593
1540	4467
1600	4489
2668	4691
4309	4417
3306	4587
3591	4385
3839	4921
4142	4631
3831	4333
973	5932
1668	4527
3958	4865
611	4365
696	5719
3244	6073
3452	4615
126	4983
407	5879
577	5061
3416	4421
256	4747
951	4383
1001	4451
1542	4467
3907	4821
3990	4607
80	4523
1453	4875
1627	4693
2942	4715
4076	4653
2268	4871
4035	4985
530	4805
866	4549
1032	4901
4089	5083
4311	4417
591	4755
2941	4715
2414	5067
825	6107
907	4367
1883	4667
2046	4391
2030	4807
2457	4793
4084	5155
453	4707
1398	5017
2912	6240
1189	4347
4161	5057
380	5712
2622	4447
3691	4965
486	4833
2555	4371
1702	4557
3100	4381
4095	5203
78	5760
2427	4971
2943	4715
3453	4615
79	4523
1082	4657
1302	4973
1584	4509
3310	4743
464	4955
678	4727
3895	4499
2090	4925
3641	4405
199	5025
358	4941
2936	4715
3738	4565
1034	4901
1452	4875
2847	4415
3030	4701
644	4349
834	6091
2937	4715
4064	4535
4112	5053
1344	4487
1508	4733
146	5091
935	4597
1019	4519
2849	4415
1216	4705
3382	4375
1160	4353
3690	4965
1248	4429
2269	5413
2863	7155
335	5871
772	4709
965	5825
1996	4343
2551	4371
1195	4347
3769	5191
3932	5119
2361	4425
2831	4373
3469	4829
1656	5033
2976	4503
334	5871
433	4459
926	4597
929	4597
1341	4487
2304	5039
4228	4359
2582	4453
3333	4685
1094	4717
1124	4907
2147	4673
3215	4387
683	4727
1030	4901
1624	4693
2364	4425
780	4627
950	4383
1885	4667
4148	4975
3088	4381
3626	4505
934	4597
1695	4557
2630	4447
3941	5077
1541	4467
1108	4473
2161	4579
2632	4447
3657	4427
4216	5873
476	4879
1829	4589
2139	4809
3710	4529
4292	4751
3568	4931
3500	4637
1913	4399
2380	4649
2448	4413
1472	4911
3830	4333
67	4763
1369	5185
790	4757
81	5760
1055	4703
1575	4509
2822	4373
1367	4711
3904	4499
777	4627
999	7232
1928	4643
3544	4471
3604	4811
830	6080
1810	4469
3031	4701
4088	5083
1943	4801
637	5125
1163	4353
1830	4589
2522	4813
3760	6395
819	4749
2633	4447
3205	4559
4200	4929
514	4859
1621	4693
2078	5187
2726	4401
2838	4373
2914	6240
3752	5452
3804	4877
6	6402
172	4855
1045	4647
2142	4809
277	4617
2201	4581
2625	4447
2279	4765
226	4775
2828	4373
53	4903
3900	4499
626	5075
1700	4557
3474	5071
4119	5193
1284	4515
1402	5017
1630	4693
2713	4401
2394	4341
1646	5005
1968	4481
2456	4793
3851	4457
625	5075
284	4617
1648	5467
2195	4581
2470	4883
3697	4881
740	4927
4180	4863
3989	4607
336	5871
3226	4463
3882	4499
1079	4657
2088	4925
3951	5029
1439	4477
1401	5017
2748	4377
3436	4403
509	4859
1629	4693
1504	4733
69	4763
2681	6421
3592	4385
127	4983
280	4617
439	4459
1262	4369
1891	6424
1900	4913
191	5794
288	4617
55	4903
4202	4929
39	4435
655	4687
1873	4633
3392	4375
2534	4995
369	4941
2742	4377
3542	4471
3945	4867
118	4605
1162	4353
2353	4425
659	4687
3290	4671
3636	4405
3829	4333
1061	4619
3098	4381
4247	4909
45	4547
2839	4373
3454	4615
3676	4593
3817	4837
3106	4381
3576	4677
3803	4877
1345	4487
2212	4351
104	4999
1697	4557
2880	7107
840	4773
1924	4643
3368	4375
1114	4473
2640	4447
706	5719
2636	4447
113	4605
964	4641
2141	4809
2716	4401
3014	4379
3977	4475
381	5712
443	4459
3414	4421
4166	4721
300	4753
2566	4795
3194	4591
511	4859
1650	5147
2571	4795
4317	4417
3019	4379
3188	4591
3316	4455
3826	4333
469	4899
2558	4371
1929	4643
1187	4347
3327	4685
868	4549
2128	4697
2991	4503
2518	4813
3541	4471
437	4459
2460	4793
3547	4471
59	4823
1984	4533
3286	4671
3859	4457
1118	4473
1867	4633
68	4763
1146	4551
1185	4347
1337	4487
3379	4375
4146	4631
1199	4347
1953	4395
557	4511
1545	4467
592	4755
3988	4607
4291	4751
2483	5041
2918	4483
3770	5191
452	4707
3101	4381
120	4605
1165	4353
4129	4893
259	4747
508	4859
822	4749
1263	4369
4211	5059
2196	4581
339	5871
2557	4371
2848	4415
2935	4715
1292	4515
3161	4591
2318	5994
3885	4499
1240	4791
972	5932
2531	4995
2725	4401
669	4465
3192	4591
359	4941
853	4977
2265	4871
3903	4499
3450	4615
2367	4425
3654	4427
2517	4813
392	5015
1634	4693
1927	4643
2048	4391
3522	4663
4005	4545
762	4789
2003	4937
2199	4581
3465	4895
1901	4913
3119	4381
3397	4889
2358	4425
2978	4503
1214	4705
1301	4973
4327	4361
3110	4381
3938	4679
2741	4377
2314	4563
2672	4501
3043	4767
4283	5037
3386	4375
4312	4417
128	4983
485	4833
3451	4615
3552	4471
4271	4659
816	4749
3236	4885
2379	4649
2629	4447
2782	4819
3421	4421
1521	5035
3751	4917
4150	4779
1014	4519
1316	4331
2909	4483
3122	4381
2150	5842
2623	4447
731	4927
3709	4529
2241	5201
3685	4593
3686	4593
4174	4957
2405	4993
3455	4615
1445	4477
251	4747
755	4737
793	4757
1140	4551
2058	8262
2072	4991
2360	4425
2989	4503
3713	4529
3785	4945
368	4941
436	4459
1143	4551
2024	4807
135	4595
1590	4509
2354	4425
2997	4503
3095	4381
3888	4499
4000	4545
987	4531
1527	4585
1828	4589
3590	4385
2447	4413
2724	4401
3695	4441
4294	4751
46	4547
3176	4591
3180	4591
1400	5017
3978	4475
1572	4509
3256	5197
3901	4499
3588	4385
571	5113
3289	4671
3484	4517
3681	4593
1447	4477
440	4459
1622	4693
1903	4739
4110	4639
4	4873
3523	4663
1688	4557
2503	4537
3048	4767
3837	4921
474	5123
695	4449
1494	4409
1704	4557
1438	4477
1783	4411
2581	4453
1432	4477
3243	5081
3364	4375
3786	4945
4218	5873
162	5736
258	4747
1261	4369
2940	4715
3840	4921
738	4927
796	4757
1763	6794
3621	5073
1041	4647
1492	4409
2007	4817
613	4365
1747	4419
2829	4373
2115	4915
3182	4591
159	5736
3168	4591
3365	4375
3771	5191
1057	4703
2459	4793
3250	4611
2719	4401
3779	4507
726	4927
1578	4509
2772	4621
1192	4347
1473	4911
2990	4503
3732	4565
254	4747
4326	4361
212	4851
2520	4813
2882	4393
4024	4389
4224	4359
2117	4915
3113	4381
3468	4829
227	4775
1110	4473
1293	4515
2657	4609
3172	4591
3099	4381
4126	5536
131	4983
596	4495
836	4513
2915	4483
3087	4381
568	4363
1336	4487
3896	4499
3189	4591
3422	4421
173	4855
473	5123
1190	4347
1979	5766
2223	4835
2521	4813
2786	4819
3559	4543
136	4595
1396	5017
1818	4577
1869	4633
2747	4377
3097	4381
3526	4663
2193	4581
3230	5049
3299	4669
2501	4537
3164	4591
1203	4347
2140	4809
3567	4931
15	4799
34	4435
814	4749
3960	4865
4066	4847
4099	4655
1029	4901
1592	4509
1870	4633
3746	4573
2745	4377
3603	4811
2320	5994
2425	4971
3715	4731
728	4927
3105	4381
3622	5073
2226	4835
4272	4659
778	4627
2267	4871
2994	4503
3456	4615
1408	4569
1318	4331
2477	5143
3711	4529
144	5091
892	4699
3285	4671
3438	4403
3814	4967
864	4549
3035	4701
4208	5059
167	5989
1215	4705
320	4345
932	4597
2116	4915
4022	4389
2365	4425
804	4933
1952	4395
572	5113
889	4699
4315	4417
1889	6424
2229	4835
91	4625
743	4927
890	4699
1035	4901
1221	4705
1380	5131
119	4605
977	6509
2426	4971
362	4941
1232	4497
1799	4571
2876	7107
586	4755
2363	4425
3417	4421
4318	4417
1355	4761
2656	4609
2770	4621
2993	4503
488	4833
2313	4563
1664	4527
2050	4391
1430	4477
1863	4633
2025	4807
2378	4649
2532	4995
3009	4379
3011	4379
3261	7081
1832	4589
3370	4375
4243	4909
3682	4593
51	4903
1868	4633
2392	4341
2556	4371
3780	4507
898	4699
3557	4543
2476	5143
1379	5131
1912	4399
4263	4555
600	5031
940	4979
1303	4973
1762	6794
2234	4853
3332	4685
3959	4865
4175	4957
963	5825
3965	4665
705	5719
1339	4487
3415	4421
2800	4759
1875	4633
2297	4525
2750	4377
3734	4565
2211	4351
196	5019
287	4617
2645	4447
2658	4609
2798	4759
2883	7107
2106	4335
2319	4943
2641	4447
3678	4593
539	6004
1826	4589
2381	4649
538	6004
2877	6196
3545	4471
4055	5153
2995	4503
3046	4767
2646	4447
3981	4475
2785	4819
622	4947
671	4465
1111	4473
2864	4783
3694	7377
4210	5059
33	4435
157	5736
828	5087
865	4549
3543	4471
3593	4385
4032	4985
3461	5181
4068	5007
3045	4767
503	4859
679	4727
30	4435
1346	4487
2189	4581
635	5125
1620	4693
2129	4697
1699	4557
1020	4519
1017	4519
1808	4469
3224	4463
1872	4633
2194	4581
299	4753
1911	4399
2500	4537
446	4459
578	5061
4284	5037
567	4363
2482	5041
4043	5161
736	4927
1092	4717
1513	4683
2743	4377
3653	4427
2904	6240
3111	4381
1490	4409
1294	4515
3389	4375
1116	4473
1761	5852
3166	4591
4056	5153
445	4459
2124	4613
2434	4397
2642	4447
2974	4503
936	4597
636	5125
1653	5175
681	4727
2535	4995
2977	4503
3703	5151
1370	5185
1705	4557
1715	4815
2552	4371
3656	4427
799	4757
1145	4551
1358	4761
2771	4621
3204	4559
1050	5109
179	4561
1573	4509
3473	5071
3599	4797
2519	4813
3558	4543
3702	5151
4264	4555
2635	4447
3478	4771
1142	4551
2673	4501
849	4977
2185	4581
3162	4591
1750	4419
1940	4801
2130	4697
2631	4447
553	4511
163	4479
702	4449
2243	5105
3796	4887
555	4511
1113	4473
2710	4401
4181	4863
2430	5069
3937	4679
4226	4359
3521	4663
3855	4457
1219	4705
1467	4911
1580	4509
393	5015
1779	4411
2667	4691
4018	4389
529	4805
3196	4591
2277	4765
37	4435
536	4961
2238	4953
2087	4925
2983	4503
734	4927
2148	4673
2312	4563
1522	5035
3010	4379
3369	4375
599	5031
735	4927
2002	4937
4236	4433
990	4531
2228	4835
2368	4425
2533	4995
927	4597
2041	4391
366	4941
316	6160
1707	4557
2706	4401
3034	4701
4044	5582
912	4367
1807	4469
2187	4581
3605	4811
4307	4417
752	4737
2717	4401
3216	4387
3472	5071
3589	4385
4185	4769
3328	4685
1283	4515
1923	4643
2707	4401
3756	5205
670	4465
2424	4971
4217	4725
187	4407
1583	4509
3608	4729
821	4749
1340	4487
2208	4351
3384	4375
413	5879
2441	5089
3112	4381
3167	4591
3616	4891
235	4775
1258	4369
2472	4883
2506	6238
2621	4447
204	4825
1233	4497
3798	5063
1489	4409
3858	4457
914	6218
1083	4657
3637	4405
365	4941
2186	4581
35	4435
2324	5135
913	4367
2980	4503
3712	4529
4193	5939
1290	4515
1539	4467
3326	4685
3440	4403
4246	4909
988	4531
1465	4911
1469	4911
3223	4463
1519	5035
4160	5057
4113	5053
1139	4551
2913	4483
2727	4401
3617	4891
3887	4499
1858	4633
2411	4827
3380	4375
3683	4593
333	4723
397	5043
3165	4591
360	4941
2188	4581
3792	5183
4082	5157
4257	4719
1862	4633
4235	4433
479	5051
1970	4481
588	4755
1084	4657
1856	4633
3520	4663
252	4747
1470	4911
278	4617
1003	7232
2096	4645
2852	4415
3249	4611
3638	4405
236	4775
3089	4381
1259	4369
1281	4515
2107	4335
3991	4607
1194	4347
2325	5135
768	4635
2074	4991
3032	4701
3899	4499
3266	6248
1200	4347
612	4365
3103	4381
3639	4405
820	4749
3173	4591
2066	5011
1972	4481
2075	4991
3501	4637
663	4687
1665	4527
4209	5059
4227	4359
4258	4719
1797	4571
4039	4431
82	4523
3854	4457
3966	4665
4040	4431
4168	5597
516	4859
4041	4431
487	4833
1126	4907
1589	4509
2047	4391
852	4977
2283	5199
279	4617
1520	5035
1443	4477
2471	4883
2627	4447
3090	4381
233	4775
3091	4381
4199	4929
1144	4551
3477	4771
1626	4693
2054	4439
1312	4331
3260	5117
1158	4353
3175	4591
286	4617
1577	4509
1658	5033
1806	4469
1939	4801
2103	4335
319	4345
2255	4661
2835	4373
3838	4921
130	4983
1537	4467
1586	4509
1831	4589
2062	4949
742	4927
2860	4783
1726	4461
3232	4785
817	4749
2295	4525
2043	4391
2080	4423
3275	6234
895	4699
3225	4463
3373	4375
181	4561
471	5045
1431	4477
554	4511
867	4549
101	4999
209	4851
2675	4501
2982	4503
3	4873
1716	4815
2197	4581
2648	4447
148	5091
1220	4705
1861	4633
2755	4905
3017	4379
911	4367
4069	6031
2718	4401
2761	4741
1295	4515
1667	4527
2388	4341
143	5091
908	6218
885	4699
945	5107
2760	4741
3788	4945
744	4927
1342	4487
2620	4447
3623	5073
399	5043
2276	4765
2985	4503
3171	4591
3886	4499
727	4927
2154	5047
897	4699
1000	4451
2123	4613
2214	4351
2516	4813
1186	4347
2306	4987
1581	4509
3193	4591
1727	4461
2660	4609
58	4823
3390	4375
3485	4517
4105	5009
262	4747
1288	4515
31	4435
757	4737
2468	7321
2917	4483
1188	4347
1693	4557
1992	4343
2905	4483
462	4955
3418	4421
3435	4403
3852	4457
3764	5179
52	4903
616	4365
2114	4915
3750	4917
295	4753
318	4345
1157	4353
2618	4447
3922	4629
174	4855
32	4435
609	4365
967	5825
2266	4871
2973	4503
4153	5099
4115	4491
211	4851
587	4755
1752	4419
1291	4515
2210	4351
1093	4717
1159	4353
1969	4481
3093	4381
4189	5947
444	4459
1043	4647
1491	4409
1642	6568
3999	4545
1631	4693
3116	4381
3745	4573
3906	4821
617	4365
3549	4471
3827	4333
4136	4803
1454	4875
805	4933
930	4597
1217	4705
1282	4515
3212	6571
3510	4923
595	4495
1285	4515
2884	7107
3331	4685
2008	4817
4023	4389
180	4561
1378	5131
2881	4393
230	4775
434	4459
1444	4477
2352	4425
2683	5169
3813	4967
4132	4861
195	5019
1543	4467
3933	5119
561	4959
910	4367
2619	4447
3121	4381
3276	4539
3692	4965
164	4479
3114	4381
661	4687
3376	4375
504	4859
3251	4611
1698	4557
2027	4807
751	4737
1706	4557
2781	4819
2987	4503
3773	5167
4092	4787
3503	4637
3944	4867
1044	4647
1196	4347
2769	4621
3553	4471
1071	4575
2548	4371
2784	4819
3018	4379
2233	4853
2570	4795
4001	4545
887	4699
1042	4647
1033	4901
1223	4705
2021	4807
1235	4497
2133	5173
312	4345
88	4625
2134	6127
1633	4693
2094	4645
372	4941
2391	4341
4002	4545
798	4757
1348	4487
1364	4711
147	5091
283	4617
1096	4717
1365	4711
2389	4341
4118	5193
2089	4925
2237	4953
2489	4869
438	4459
803	4933
2906	4483
1728	4461
182	4561
3740	4565
2714	4401
3381	4375
3853	4457
1795	5787
4003	4545
296	4753
1778	4411
4074	5129
441	4459
2239	4953
3178	4591
468	4899
1081	4657
1942	4801
3104	4381
311	4345
455	4707
1315	4331
2826	4373
2289	4567
1005	4451
931	4597
3551	4471
410	5879
1068	4599
29	4435
4310	4417
1080	4657
1582	4509
1947	5127
2469	4883
2643	4447
2076	4991
1691	4557
1774	4411
1971	4481
4254	4719
642	4349
378	5712
313	4345
643	4349
1067	4599
1724	4461
2638	4447
10	4521
3511	4923
3505	4637
4256	4719
1794	4571
2837	4373
3391	4375
1796	4571
3185	4591
3371	4375
4093	4787
1496	4409
1497	4409
2198	4581
3044	4767
3679	4593
3267	6248
3890	4499
89	5816
145	5091
1218	4705
1593	4509
2163	4579
3208	4559
3578	4677
1260	4369
70	4763
3939	4679
4059	4443
1603	4489
3398	4889
3897	4499
3924	4629
115	4605
961	5825
2567	4795
3911	4675
228	4775
656	4687
1286	4515
298	4753
383	4437
3546	4471
1632	4693
631	5121
3787	4945
2502	6238
3550	4471
3644	7484
431	4459
2055	4439
3115	4381
3399	4889
1062	4619
2572	4795
3489	4601
3733	4565
3372	4375
1601	4489
986	4531
3383	4375
3980	4475
1623	4693
1696	4557
2428	4971
2740	4377
3947	7486
2992	4503
2398	4939
3736	4565
1091	4717
2647	4447
3367	4375
4031	4985
367	4941
2721	4401
2639	4447
941	4979
1993	4343
4187	4769
281	4617
1793	5787
90	5816
1112	4473
1242	4791
2878	6196
9	4521
1241	4791
2773	4621
3377	4375
3812	4967
1954	4395
2183	4581
3857	4457
4061	4339
2440	5089
3029	4701
3393	4375
1937	5915
1201	4347
1247	4429
1994	4343
60	4823
116	4605
1164	4353
1591	4509
3253	4611
2264	4871
4107	4681
99	4999
629	5001
1304	4973
1743	4419
2227	4835
382	5712
3240	5097
3747	4573
4176	4957
1066	4599
1961	5021
4308	4417
1289	4515
3329	4685
1374	4541
1973	4481
2105	4335
225	4775
754	4737
1335	4487
660	4687
1230	4497
1876	4633
3273	6234
3509	4923
3763	5179
1051	5109
1585	4509
2104	4335
1746	4419
1905	5189
2031	4807
2666	4691
4025	4389
2851	4415
3640	4405
1243	4791
1712	4815
3163	4591
3739	4565
1436	4477
657	4687
2209	4351
3191	4591
1115	4473
1512	4683
3598	4797
2377	4649
3015	4379
1638	5027
2356	4425
2708	4401
2824	4373
2939	4715
614	4365
1109	4473
2711	4401
1056	4703
3805	4877
4021	4389
4231	4603
523	4493
797	4757
1775	4411
2554	4371
3502	4637
2022	4807
379	4437
2118	4915
2655	4609
3952	5029
260	4747
2376	4649
3645	5095
1119	4473
1399	5017
1855	4633
2932	4715
4245	4909
3687	4593
3818	4837
4285	5037
463	4955
3613	4781
4152	5099
337	4723
3016	4379
3311	4743
44	4547
1095	4717
2981	4503
2569	4795
102	4999
264	4747
435	4459
1748	4419
2674	4501
3169	4591
200	5025
2825	4373
3898	4499
4273	4659
3094	4381
2715	4401
562	4959
1141	4551
1602	4489
1983	5766
2830	4373
522	4493
576	5061
818	4749
1809	4469
794	4757
168	5989
161	5736
3506	4637
966	5825
1234	4497
2423	4971
2399	4939
1506	4733
1814	5085
232	4775
390	5015
1487	4409
4259	4719
100	4999
1926	4643
2682	5169
4019	4389
12	4485
566	4363
621	4947
3092	4381
2934	4715
3096	4381
3913	4675
255	4747
370	4941
1907	6109
3120	4381
4325	4361
2393	4341
2624	4447
4190	4857
841	4773
2637	4447
4143	4631
2300	5145
620	4947
1576	4509
2244	5105
3012	4379
466	4955
1435	4477
2722	4401
3419	4421
3810	4967
1744	4419
2192	4581
610	4365
3211	4841
3828	4333
739	4927
3047	4767
3437	4403
3778	4507
815	4749
991	4531
3170	4591
3655	4427
662	4687
2191	4581
4072	5129
1882	4667
1579	4509
3228	4463
4052	4981
263	4747
338	5871
894	4699
2334	4845
2156	5047
3795	4887
38	4435
391	5015
792	4757
2390	4341
2232	4853
2311	4563
4201	4929
2225	4835
791	4757
1386	4963
3184	4591
3525	4663
1776	4411
3366	4375
3799	5063
2257	4661
3013	4379
515	4859
1798	5787
505	4859
1347	4487
3729	4565
2628	4447
2756	4905
3301	4669
1890	4997
2988	4503
795	4757
962	5825
3374	4375
1138	4551
976	6509
409	5879
1753	4419
1960	5021
2326	5135
3674	4593
1388	4963
1198	4347
1222	4705
1257	4369
2081	4423
4017	4389
4282	5037
615	4365
896	4699
1031	4901
2536	4995
3420	4421
699	4449
737	4927
2410	4827
2762	6559
253	4747
412	5879
513	4859
3635	4405
3385	4375
545	4897
928	4597
4100	4655
2505	4537
3731	4565
2362	4425
1117	4473
2984	4503
2744	4377
3160	4591
3424	4421
3970	4357
1002	7232
1625	4693
1725	5726
4293	4751
2836	4373
4047	5171
1442	4477
1466	4911
3912	4675
3923	4629
234	4775
547	5969
92	4625
703	5719
3288	4671
282	4617
1782	4411
1815	5085
2278	4765
2523	4813
2799	4759
4215	5873
1930	4643
2763	4741
3203	4559
192	5794
3979	4475
2160	4579
3460	5181
3611	4839
4016	4389
2059	8262
3587	4385
3028	4701
4167	4721
658	4687
3177	4591
3183	4591
3434	4403
3186	4591
3699	5103
1197	4347
1604	4489
3300	4669
949	4383
1004	4451
1366	4711
28	4435
1015	4519
1574	4509
3206	4559
2907	4483
2986	4503
839	4773
66	4763
590	4755
1866	4633
632	5121
285	4617
1446	4477
3400	4889
3413	4421
54	4903
763	4789
1860	4633
2330	4713
2490	4869
2850	4415
3527	4663
3992	4607
756	4737
1058	4703
3423	4421
854	4977
2200	4581
2296	4525
2473	4883
3894	4499
4265	4555
729	4927
2579	4453
556	4511
1317	4331
4255	4719
1588	4509
1981	4533
2023	4807
2254	4661
2491	4869
363	4941
114	4605
857	4623
2902	4483
3109	4381
3305	4587
3790	5163
389	5015
3375	4375
1314	4331
2065	5011
4194	4843
342	5871
371	4941
1859	4633
2355	4425
2862	7155
3730	4565
826	5139
1072	4575
1874	4633
2723	4401
3033	4701
4049	5159
510	4859
2908	4483
3680	4593
4314	4417
512	4859
884	4699
2213	4351
2796	4759
3227	4463
1313	4331
1759	6794
2045	4391
4104	5009
4135	4803
1471	4911
2404	4993
432	4459
2972	4503
4316	4417
704	5719
1946	5127
261	4747
1713	4815
2712	4401
3572	5003
2108	4335
2162	4579
4124	4553
3179	4591
2783	4819
3190	4591
2073	4991
2833	4373
761	4789
1645	5005
1857	4633
2042	4391
2626	4447
3433	4403
3891	4499
160	5736
454	4707
1334	4487
2271	4445
2446	4413
2580	4453
3297	4669
340	4723
888	6200
2910	4483
1955	4395
4101	4655
3181	4591
1406	4569
589	4755
2720	4401
1125	4907
1827	4589
1865	4633
2224	4835
3304	4587
4207	5059
1385	4963
1871	4633
4274	4659
1938	4801
2026	4807
2357	4425
3235	4885
1349	4487
1749	4419
2449	4413
1514	4683
1526	4585
4073	5129
4157	4695
229	4775
447	4459
2979	4503
3892	4499
2001	4937
3486	4517
3609	4729
2866	4783
969	5825
2916	4483
3049	4767
71	4763
506	4859
943	5165
1021	4519
4045	5651
1249	4429
3916	5195
1941	4801
3967	4665
4244	4909
1647	5005
3504	4637
4144	4631
4186	4769
2865	4783
732	4927
753	4737
3889	4499
4286	5037
968	5825
1777	4411
1925	4643
2971	4503
1359	4761
741	4927
1571	4509
2149	4673
3277	6234
1018	4519
1780	4411
2431	5069
2797	4759
1781	4411
2996	4503
4034	4985
535	4961
1980	4533
2256	4661
2680	5169
2832	4373
3884	4499
297	4753
4078	5013
851	4977
2458	4793
1714	4815
1894	5023
2190	4581
2801	4759
1982	4533
3659	4427
933	4597
1690	4557
2549	4371
3317	4455
730	4927
1488	4409
2524	4813
4313	4417
537	4961
1657	5033
2280	4765
2028	4807
2751	4377
