id	type	origin	dest	dtime	vot
9	111	1	5	22	3.412492709201221
40	111	1	5	38	36.10430413603879
19	111	1	5	44	21.711330534191376
23	111	1	5	62	11.189966485973866
26	111	1	5	75	3.4853561560607953
37	111	1	5	77	22.056836343615835
13	111	1	5	103	32.262071131583895
42	111	1	5	113	10.042515940054143
28	111	1	5	130	0.9670576118997007
43	111	1	5	135	74.15739225472137
20	111	1	5	149	7.662563558026827
29	111	1	5	164	16.872122001534056
6	111	1	5	167	14.540141575230582
33	111	1	5	192	6.404727790398734
18	111	1	5	219	6.2900798019262645
16	111	1	5	223	25.711532854043863
4	111	1	5	267	21.688581692563883
36	111	1	5	278	43.3097430932532
35	111	1	5	281	4.86977531663428
3	111	1	5	288	9.469431915183009
34	111	1	5	289	92.49037465789749
11	111	1	5	301	103.5808076902391
38	111	1	5	319	0.4461974879553524
27	111	1	5	341	1.2284632953315824
5	111	1	5	352	32.94024940127484
22	111	1	5	353	25.328416365405964
10	111	1	5	403	10.681607066719884
39	111	1	5	441	10.625568258749478
24	111	1	5	476	2.8581669786001545
17	111	1	5	501	7.262034096291404
14	111	1	5	574	20.525798454662496
21	111	1	5	583	47.46973605907038
31	111	1	5	610	38.783567870643836
25	111	1	5	636	6.106539882185638
7	111	1	5	655	27.62922183802941
1	111	1	5	673	17.050873036960876
41	111	1	5	675	5.105285658360791
15	111	1	5	696	12.907133232649832
8	111	1	5	698	11.783967948994675
12	111	1	5	723	31.79838574192041
32	111	1	5	813	4.395580119883733
30	111	1	5	830	42.8248954920562
2	111	1	5	843	15.918114280496873
69	111	1	5	923	55.39480500396854
72	111	1	5	930	14.345480382909077
80	111	1	5	938	12.081455875871892
77	111	1	5	940	81.44058901263712
83	111	1	5	952	2.588330431406199
56	111	1	5	953	10.770568617250916
68	111	1	5	969	39.09961009129801
59	111	1	5	1001	12.011301000400929
71	111	1	5	1059	27.423293278666243
52	111	1	5	1063	19.86634370923209
73	111	1	5	1072	15.164606012857519
85	111	1	5	1073	11.94568548917926
44	111	1	5	1081	17.808487137220684
54	111	1	5	1098	25.799210317579156
63	111	1	5	1118	18.062810133568405
53	111	1	5	1152	7.497865630167448
62	111	1	5	1163	22.0215541000611
76	111	1	5	1192	37.451626182166926
84	111	1	5	1239	10.01189849015779
65	111	1	5	1273	6.801038811178646
67	111	1	5	1277	25.97052242911718
81	111	1	5	1280	55.43716169946655
82	111	1	5	1297	25.295142041009374
74	111	1	5	1318	39.719088514893244
86	111	1	5	1319	26.109062355683182
66	111	1	5	1321	1.2662659196401433
47	111	1	5	1329	14.949879776530203
57	111	1	5	1364	4.609119490247315
61	111	1	5	1376	3.8281272381620166
79	111	1	5	1397	2.2840504094401757
60	111	1	5	1426	11.72319936075224
45	111	1	5	1428	21.227423192063398
48	111	1	5	1519	5.709703353014268
64	111	1	5	1567	17.238459722835575
46	111	1	5	1587	32.61902688398486
55	111	1	5	1604	3.059816942267581
75	111	1	5	1665	10.969296962915013
87	111	1	5	1681	7.01570695416668
51	111	1	5	1687	18.689913971125225
58	111	1	5	1693	0.6272821505754275
49	111	1	5	1720	1.5102909862417286
70	111	1	5	1738	18.324902315793558
78	111	1	5	1746	11.896595462305257
50	111	1	5	1764	46.07928976387213
90	111	1	5	1830	23.129098652693596
114	111	1	5	1878	26.87068659259633
109	111	1	5	1887	8.774930443414313
124	111	1	5	1887	77.31005397051686
127	111	1	5	1890	81.22679419833352
104	111	1	5	1922	3.033902150688857
118	111	1	5	1969	41.35859659654389
94	111	1	5	1981	34.34402994766104
102	111	1	5	2019	66.2451619528915
107	111	1	5	2059	16.183371168347048
106	111	1	5	2072	105.26839292196834
101	111	1	5	2093	37.9191702343742
103	111	1	5	2099	26.656738820731153
95	111	1	5	2116	4.271400576019094
91	111	1	5	2125	21.421111518407468
92	111	1	5	2128	23.646441884924137
125	111	1	5	2139	123.06947101228864
128	111	1	5	2140	2.2433096577867953
112	111	1	5	2158	79.45349355498372
89	111	1	5	2171	4.42006034885807
100	111	1	5	2175	111.83732172212652
116	111	1	5	2185	7.284866570689252
113	111	1	5	2248	10.466295071715702
117	111	1	5	2255	17.583629213868615
99	111	1	5	2283	5.865744280093245
97	111	1	5	2302	7.968486126263306
96	111	1	5	2305	4.46734620575321
98	111	1	5	2332	26.41185280743534
123	111	1	5	2337	60.95157219370805
120	111	1	5	2342	3.523237546433204
121	111	1	5	2348	29.51260135540194
115	111	1	5	2359	20.195461375423786
93	111	1	5	2399	20.82653338277584
129	111	1	5	2446	17.62921551512039
105	111	1	5	2478	2.3285200516923665
126	111	1	5	2506	4.21480640560058
110	111	1	5	2522	1.5531037075388425
122	111	1	5	2572	12.98901255535084
111	111	1	5	2579	30.596979622592546
108	111	1	5	2617	0.8633805050004093
130	111	1	5	2648	12.318039720912122
119	111	1	5	2678	1.4791883747957786
88	111	1	5	2697	28.02071954329948
136	111	1	5	2732	2.0669028548343538
168	111	1	5	2746	13.32915546326261
141	111	1	5	2758	34.272867032451266
132	111	1	5	2786	2.827549079206819
163	111	1	5	2826	32.15748757727253
151	111	1	5	2833	12.186097151282627
131	111	1	5	2867	6.5271901939484644
139	111	1	5	2875	0.22309737253817066
148	111	1	5	2882	2.0725960108722554
174	111	1	5	2944	14.477578234369053
165	111	1	5	2957	27.485537154455848
156	111	1	5	2961	15.313372204014055
152	111	1	5	2988	17.68069149096398
167	111	1	5	3022	0.0018944276545558346
172	111	1	5	3040	9.914333397410143
145	111	1	5	3042	16.12831769062824
143	111	1	5	3050	10.46573298488739
169	111	1	5	3059	32.70413252861387
153	111	1	5	3069	29.97703993513953
158	111	1	5	3120	23.035562487177252
147	111	1	5	3141	60.1631637624047
170	111	1	5	3156	1.898830027252081
159	111	1	5	3171	12.393400266478235
140	111	1	5	3204	21.486031474127373
166	111	1	5	3216	13.145523663099869
173	111	1	5	3216	17.74278174816743
162	111	1	5	3230	0.7246469615673738
135	111	1	5	3234	64.03557871705233
144	111	1	5	3273	6.14302915008621
160	111	1	5	3297	2.8161864180154956
138	111	1	5	3368	61.66848652967317
150	111	1	5	3394	43.183210978427994
154	111	1	5	3451	23.34524373255927
161	111	1	5	3451	35.90268800202616
164	111	1	5	3487	17.153370532523887
171	111	1	5	3492	9.124242377502707
157	111	1	5	3526	94.21623161428549
149	111	1	5	3537	15.068004264783182
137	111	1	5	3545	26.10291857383871
146	111	1	5	3548	41.23618363547058
134	111	1	5	3551	18.349084853262823
133	111	1	5	3565	25.511307270927233
155	111	1	5	3589	80.95578959766425
142	111	1	5	3592	4.002965710156945
