id	type	origin	dest	dtime	vot
13	111	1	5	5	32.262071131583895
45	111	1	5	26	17.808487137220684
50	111	1	5	26	1.5102909862417286
12	111	1	5	34	31.79838574192041
2	111	1	5	42	15.918114280496873
161	121	1	5	44	35.90268800202616
160	121	1	5	70	2.8161864180154956
28	111	1	5	73	0.9670576118997007
23	111	1	5	74	11.189966485973866
171	121	1	5	101	9.124242377502707
177	121	1	5	122	33.596356669682905
16	111	1	5	124	25.711532854043863
6	111	1	5	127	14.540141575230582
158	121	1	5	132	23.035562487177252
170	121	1	5	133	1.898830027252081
189	121	1	5	133	28.53641543381318
157	121	1	5	141	94.21623161428549
169	121	1	5	146	32.70413252861387
4	111	1	5	149	21.688581692563883
168	121	1	5	151	13.32915546326261
22	111	1	5	155	25.328416365405964
39	111	1	5	156	10.625568258749478
191	121	1	5	172	10.72453149327532
25	111	1	5	174	6.106539882185638
37	111	1	5	194	22.056836343615835
30	111	1	5	199	42.8248954920562
181	121	1	5	205	9.66433540101989
24	111	1	5	223	2.8581669786001545
198	121	1	5	226	34.562393555454356
9	111	1	5	258	3.412492709201221
156	121	1	5	260	15.313372204014055
194	121	1	5	272	19.260201140144023
47	111	1	5	282	32.61902688398486
19	111	1	5	287	21.711330534191376
17	111	1	5	299	7.262034096291404
27	111	1	5	307	1.2284632953315824
187	121	1	5	325	9.831175235098844
162	121	1	5	338	0.7246469615673738
15	111	1	5	340	12.907133232649832
34	111	1	5	346	92.49037465789749
20	111	1	5	348	7.662563558026827
3	111	1	5	359	9.469431915183009
21	111	1	5	368	47.46973605907038
186	121	1	5	404	22.97686321868528
29	111	1	5	411	16.872122001534056
38	111	1	5	415	0.4461974879553524
41	111	1	5	435	5.105285658360791
159	121	1	5	436	12.393400266478235
18	111	1	5	455	6.2900798019262645
31	111	1	5	468	38.783567870643836
43	111	1	5	468	74.15739225472137
5	111	1	5	471	32.94024940127484
173	121	1	5	480	17.74278174816743
182	121	1	5	493	11.094098844246522
176	121	1	5	496	0.06341011876453738
199	121	1	5	496	4.0615165088225424
154	121	1	5	498	23.34524373255927
44	111	1	5	506	8.108125378782525
32	111	1	5	522	4.395580119883733
172	121	1	5	542	9.914333397410143
1	111	1	5	550	17.050873036960876
179	121	1	5	551	8.855464267142949
197	121	1	5	551	3.1414202882702837
175	121	1	5	555	52.298168103170795
14	111	1	5	558	20.525798454662496
7	111	1	5	562	27.62922183802941
8	111	1	5	564	11.783967948994675
163	121	1	5	582	32.15748757727253
48	111	1	5	590	14.949879776530203
166	121	1	5	601	13.145523663099869
167	121	1	5	633	0.0018944276545558346
165	121	1	5	651	27.485537154455848
184	121	1	5	663	11.554484195508396
193	121	1	5	680	6.950226155481177
49	111	1	5	696	5.709703353014268
180	121	1	5	704	83.38934230302681
192	121	1	5	706	18.787327877780903
188	121	1	5	726	6.3993768815586405
185	121	1	5	744	8.168907400365834
33	111	1	5	751	6.404727790398734
26	111	1	5	756	3.4853561560607953
151	121	1	5	764	12.186097151282627
190	121	1	5	771	86.40028935041556
36	111	1	5	782	43.3097430932532
10	111	1	5	791	10.681607066719884
35	111	1	5	815	4.86977531663428
152	121	1	5	815	17.68069149096398
155	121	1	5	815	80.95578959766425
11	111	1	5	824	103.5808076902391
178	121	1	5	824	50.776289008657415
153	121	1	5	827	29.97703993513953
46	111	1	5	828	21.227423192063398
196	121	1	5	831	13.073637457474513
42	111	1	5	833	10.042515940054143
200	121	1	5	845	21.039321691293374
174	121	1	5	862	14.477578234369053
40	111	1	5	873	36.10430413603879
195	121	1	5	895	39.33796279313408
164	121	1	5	899	17.153370532523887
183	121	1	5	899	7.5447629671216285
87	111	1	5	911	7.01570695416668
78	111	1	5	916	11.896595462305257
229	121	1	5	923	23.741093147370457
91	111	1	5	924	23.129098652693596
244	121	1	5	936	48.253188717323404
234	121	1	5	941	5.843974679080266
52	111	1	5	943	19.86634370923209
220	121	1	5	954	11.494576709369474
75	111	1	5	998	10.969296962915013
227	121	1	5	1001	38.44022190382136
238	121	1	5	1005	7.070921646638495
85	111	1	5	1017	11.94568548917926
93	111	1	5	1018	23.646441884924137
84	111	1	5	1020	10.01189849015779
206	121	1	5	1023	2.6235902783236416
62	111	1	5	1030	22.0215541000611
92	111	1	5	1036	21.421111518407468
71	111	1	5	1069	27.423293278666243
201	121	1	5	1072	24.668932954388726
237	121	1	5	1073	63.20170890490489
56	111	1	5	1090	10.770568617250916
51	111	1	5	1096	18.689913971125225
97	111	1	5	1133	4.46734620575321
76	111	1	5	1145	37.451626182166926
222	121	1	5	1162	4.776386979283012
203	121	1	5	1178	21.86334381545502
73	111	1	5	1182	15.164606012857519
95	111	1	5	1183	34.34402994766104
86	111	1	5	1184	26.109062355683182
69	111	1	5	1199	55.39480500396854
80	111	1	5	1206	12.081455875871892
214	121	1	5	1206	46.62643800492962
61	111	1	5	1209	3.8281272381620166
216	121	1	5	1216	52.09234934789948
90	111	1	5	1242	4.42006034885807
221	121	1	5	1242	7.4753179355004145
215	121	1	5	1245	49.65149232825221
233	121	1	5	1247	29.228188036601193
223	121	1	5	1257	10.502549332541363
83	111	1	5	1262	2.588330431406199
53	111	1	5	1279	7.497865630167448
96	111	1	5	1290	4.271400576019094
226	121	1	5	1294	6.298303950551761
213	121	1	5	1301	15.225945275727478
77	111	1	5	1312	81.44058901263712
70	111	1	5	1318	18.324902315793558
224	121	1	5	1325	15.5612946009174
246	121	1	5	1330	16.24259622502025
217	121	1	5	1339	41.47037453753923
88	111	1	5	1343	36.781262857278975
231	121	1	5	1344	39.085306445836906
218	121	1	5	1345	10.159202418139746
65	111	1	5	1351	6.801038811178646
57	111	1	5	1352	4.609119490247315
208	121	1	5	1360	80.87336895733193
100	111	1	5	1361	5.865744280093245
219	121	1	5	1373	5.1428733893234595
205	121	1	5	1376	30.412465945811153
60	111	1	5	1391	11.72319936075224
209	121	1	5	1409	0.5168346541607522
245	121	1	5	1415	13.390385385500057
98	111	1	5	1423	7.968486126263306
72	111	1	5	1438	14.345480382909077
228	121	1	5	1445	4.763491502127407
202	121	1	5	1451	9.095769206535518
79	111	1	5	1469	2.2840504094401757
232	121	1	5	1472	23.072179974666533
212	121	1	5	1486	2.3879406615481864
249	121	1	5	1494	48.88757163593227
81	111	1	5	1500	55.43716169946655
58	111	1	5	1547	0.6272821505754275
204	121	1	5	1554	20.323973111006662
54	111	1	5	1560	25.799210317579156
230	121	1	5	1579	31.373379246568838
211	121	1	5	1586	25.787768934869767
67	111	1	5	1587	25.97052242911718
247	121	1	5	1587	14.905438411825338
99	111	1	5	1591	26.41185280743534
241	121	1	5	1598	21.393704153299883
250	121	1	5	1612	56.73763242627726
210	121	1	5	1614	9.950817921595533
225	121	1	5	1617	1.8334022477937024
64	111	1	5	1624	17.238459722835575
236	121	1	5	1626	29.536184258746
68	111	1	5	1637	39.09961009129801
82	111	1	5	1661	25.295142041009374
59	111	1	5	1667	12.011301000400929
207	121	1	5	1678	14.115220168034773
235	121	1	5	1690	1.4686017636482958
63	111	1	5	1722	18.062810133568405
243	121	1	5	1729	3.1935875150958344
74	111	1	5	1733	39.719088514893244
239	121	1	5	1738	9.66845063720341
248	121	1	5	1741	14.235521618106084
242	121	1	5	1754	18.268130820211407
94	111	1	5	1763	20.82653338277584
89	111	1	5	1768	28.02071954329948
240	121	1	5	1773	30.15233679634205
66	111	1	5	1779	1.2662659196401433
55	111	1	5	1799	3.059816942267581
261	121	1	5	1804	15.263965609531402
123	111	1	5	1814	60.95157219370805
110	111	1	5	1819	1.5531037075388425
289	121	1	5	1828	26.51234808157627
102	111	1	5	1836	66.2451619528915
279	121	1	5	1849	30.312173916850657
136	111	1	5	1850	64.03557871705233
254	121	1	5	1852	1.8434710530439333
131	111	1	5	1865	6.647722424757379
283	121	1	5	1889	9.373876982940391
149	111	1	5	1898	2.0725960108722554
294	121	1	5	1899	2.1061910981869096
103	111	1	5	1917	26.656738820731153
117	111	1	5	1948	17.583629213868615
287	121	1	5	1949	34.06386181270527
253	121	1	5	1950	11.532575326321686
251	121	1	5	1954	70.70025070277944
146	111	1	5	1972	16.12831769062824
295	121	1	5	1973	10.512990024198325
256	121	1	5	1984	36.99709951828405
270	121	1	5	2034	20.835808273171395
264	121	1	5	2051	12.566002016482477
293	121	1	5	2059	14.531082173335232
271	121	1	5	2083	22.056541773538335
299	121	1	5	2105	6.62035925044997
134	111	1	5	2128	25.511307270927233
139	111	1	5	2128	61.66848652967317
118	111	1	5	2133	41.35859659654389
144	111	1	5	2133	10.46573298488739
252	121	1	5	2133	98.75167553582128
281	121	1	5	2143	75.82783778645205
112	111	1	5	2151	79.45349355498372
300	121	1	5	2165	22.17810701926423
133	111	1	5	2170	2.827549079206819
124	111	1	5	2176	77.31005397051686
282	121	1	5	2177	24.494644445802614
273	121	1	5	2183	28.770472509290595
138	111	1	5	2184	26.10291857383871
296	121	1	5	2189	46.422117182395276
105	111	1	5	2193	2.3285200516923665
126	111	1	5	2198	4.21480640560058
125	111	1	5	2203	123.06947101228864
127	111	1	5	2206	81.22679419833352
119	111	1	5	2212	1.4791883747957786
101	111	1	5	2223	37.9191702343742
263	121	1	5	2243	20.623252408494764
276	121	1	5	2262	25.69308869078058
267	121	1	5	2287	61.46788424551353
280	121	1	5	2289	50.50381636398048
114	111	1	5	2292	26.87068659259633
275	121	1	5	2295	16.64559617461053
265	121	1	5	2307	7.002796687450928
104	111	1	5	2308	3.033902150688857
111	111	1	5	2323	30.596979622592546
113	111	1	5	2331	10.466295071715702
291	121	1	5	2364	135.39395586528897
140	111	1	5	2377	0.22309737253817066
255	121	1	5	2386	0.6267345530418937
106	111	1	5	2388	105.26839292196834
107	111	1	5	2398	16.183371168347048
262	121	1	5	2402	6.215597275575057
135	111	1	5	2407	18.349084853262823
297	121	1	5	2410	2.0963606209517542
115	111	1	5	2412	20.195461375423786
292	121	1	5	2413	54.23280439614439
288	121	1	5	2415	65.17057675507775
128	111	1	5	2427	2.2433096577867953
259	121	1	5	2430	12.474555096858529
129	111	1	5	2450	17.62921551512039
285	121	1	5	2450	9.332192951176937
284	121	1	5	2453	23.56497126060584
150	111	1	5	2465	15.068004264783182
122	111	1	5	2478	12.98901255535084
278	121	1	5	2499	15.103810011025072
277	121	1	5	2501	15.749941452347207
121	111	1	5	2507	29.51260135540194
268	121	1	5	2522	17.46025542113681
132	111	1	5	2540	6.5271901939484644
290	121	1	5	2553	1.967823306372537
145	111	1	5	2556	6.14302915008621
143	111	1	5	2564	4.002965710156945
286	121	1	5	2571	24.915144702604593
141	111	1	5	2586	21.486031474127373
257	121	1	5	2590	44.3942474414743
120	111	1	5	2594	3.523237546433204
109	111	1	5	2605	8.774930443414313
272	121	1	5	2605	77.54744752290802
266	121	1	5	2619	14.284127362783133
108	111	1	5	2620	0.8633805050004093
147	111	1	5	2623	41.23618363547058
274	121	1	5	2623	8.600759752270994
258	121	1	5	2632	81.22748406778811
142	111	1	5	2634	34.272867032451266
260	121	1	5	2640	5.55056797441138
298	121	1	5	2651	19.72566321485378
269	121	1	5	2661	63.95126510782893
130	111	1	5	2666	12.318039720912122
116	111	1	5	2669	7.284866570689252
148	111	1	5	2671	60.1631637624047
137	111	1	5	2681	2.0669028548343538
