900	4176
1814	4178
2179	4180
2635	4182
2485	4184
419	4186
2068	4188
2427	4190
1019	4192
1707	4194
811	10499
3912	4198
212	4200
3488	4202
642	4204
3925	4206
3989	4208
534	4210
700	4212
1735	4214
11	4216
3850	4218
3056	4220
3926	4222
3848	4224
2522	4226
1417	10520
3302	10522
957	4232
3994	4234
919	4236
4022	4238
2747	4240
1411	10529
2780	4244
2834	10533
1892	4248
1170	4250
96	4252
2340	4254
1924	4256
3759	4258
2307	10541
3293	4262
1769	4264
1681	4266
3190	4268
250	4270
3053	10550
1109	10552
2051	4276
3139	4278
2754	4280
3694	4282
665	4284
1442	10559
3109	4288
3263	4290
3274	4292
2799	4294
214	4296
664	4284
2239	4298
3441	4300
3782	10571
2152	4304
3930	4306
2182	4308
3544	4310
1371	4312
1374	4312
2568	4314
2843	10580
1824	4318
3343	4320
340	4322
2291	4324
1984	10587
1578	4328
3189	4268
2874	4330
1032	4332
1891	4248
2130	4334
137	4336
1829	4338
2644	10598
1998	4342
88	4344
1787	4346
2715	10603
1514	4350
1014	4352
1710	10607
3226	4356
870	4358
3119	4360
579	4362
1958	4364
3411	10617
1092	4368
2202	4370
3315	4372
1294	4374
922	4376
1270	4378
1530	4380
1105	10626
2482	4184
2223	4384
550	4386
2661	4388
2944	4390
2141	4392
2911	4394
3562	4396
256	4398
4080	4400
667	4402
2127	10641
1869	4406
2125	10645
2156	4410
160	4412
7	4414
2379	4416
281	10653
673	4420
3474	4422
64	4424
1379	4312
396	4426
2258	10660
2352	4430
205	4432
538	4434
1022	4192
1116	4436
257	4438
1040	10667
2820	4442
3520	10670
2215	4446
338	4448
1046	4450
2898	10677
1078	10679
2909	4394
792	4456
3677	10682
1085	4460
2011	4462
139	4464
1696	4466
3240	10688
2589	4470
788	4472
3151	4474
2785	4476
2993	4478
3558	4480
3654	4482
3466	4484
1822	4486
2190	10701
263	4490
1922	4256
2225	10628
1211	4492
836	4494
1945	4496
2106	4498
2625	4500
4098	4502
2855	10712
2294	4506
29	4508
736	10716
3363	4512
3258	4514
784	4516
3451	4518
2320	4520
2586	10724
2330	4524
2049	4276
2108	10727
3012	4528
971	4530
1826	4532
3816	4534
3476	10734
4145	10736
1021	4192
310	4540
3005	4542
735	4544
4057	10742
3164	4548
2765	4550
843	4552
1383	10748
3657	4482
470	4556
1552	10752
3403	4560
3170	4562
267	4564
1129	4566
2267	10759
3598	4570
1571	4572
149	4574
2853	4576
4097	4578
1982	10587
1719	4580
389	10770
1006	4584
3229	4586
2817	4442
1790	4346
2036	4588
3143	4590
3279	4592
23	4216
2562	4594
3829	4596
2032	4588
3943	4598
3740	4600
850	4602
32	4604
1246	4606
956	4232
3039	10786
3182	4610
825	4612
3043	10791
2989	4616
1053	10794
2479	4184
618	4620
1212	10798
646	4624
1281	4626
3373	4628
3804	4630
3906	4632
809	10805
2471	4636
780	10808
2560	4640
1485	10812
2255	10814
3637	10816
472	4648
3180	4610
4068	10820
3849	4224
848	4602
1633	4652
1220	10823
2541	4656
2022	4658
3870	4660
176	4662
2289	4664
1372	4312
2325	4666
1290	4668
488	4670
2034	4588
2378	10651
275	10834
563	4674
189	4676
3982	4678
804	4680
916	4682
4146	4684
2087	10845
2610	4688
3107	4690
2362	4692
390	4694
2957	4696
3739	10852
2797	4700
2988	4702
3553	4704
1923	4256
1987	4342
1016	10858
4124	4708
1499	4710
976	10862
3241	10688
3255	4714
2739	4716
611	4718
2813	4720
478	4722
1743	4724
3460	4726
3878	4728
2027	4588
4016	4730
203	4732
2246	4734
465	4736
237	4738
1516	4740
3057	4742
133	4744
2626	4746
1359	4748
2437	4750
3330	4752
528	4754
3123	10889
3223	4758
9	4414
2862	10892
81	4344
835	4762
972	10895
2403	4766
2204	4768
803	4770
1265	4772
3507	10903
3581	4776
879	4778
1033	4332
1066	4780
2280	4782
1579	4328
3342	4784
1139	4786
2252	4788
760	4790
1101	4792
1764	10916
2781	10531
1753	4796
3146	4798
356	4800
58	4802
1657	4804
2773	4806
3154	4474
1202	4808
352	4810
450	4812
2415	4814
2457	4816
1955	4364
758	4818
2575	4820
1715	4822
2080	10937
469	10939
2397	10941
837	4830
2675	10944
3396	10946
586	10948
3660	4838
4054	4840
3970	4842
148	4844
457	4846
1431	4848
2664	4850
3788	4852
4020	4854
2163	4856
3889	4858
2719	4860
2876	4862
2154	10968
4014	4866
453	4868
1127	4870
1226	10973
3718	10975
2922	4876
3727	4878
4144	4880
2572	4882
3501	10983
2933	4886
1034	4332
2288	4888
2861	4890
2856	4504
3571	4892
1902	4894
890	4896
202	4732
3798	4898
4069	10820
1502	4900
3329	4752
842	10746
895	4176
1157	4902
2925	10997
1754	4796
899	4176
1757	4906
3837	4908
1918	4910
3453	4518
3688	4912
3962	11004
1193	11006
624	4918
1663	11009
3374	4922
2146	11012
173	11014
3489	4928
906	4930
1140	4786
1262	4932
1839	11019
3861	4936
3284	4938
2241	4940
702	4942
2047	4588
2682	4944
834	4946
427	4948
2232	4950
16	4216
1038	4952
17	4216
1544	4954
2072	4956
121	4958
1583	4960
3665	4962
40	4964
1496	4966
1819	4968
1648	4970
2745	4240
2328	4666
1781	4972
1104	4974
1841	4976
3983	11044
913	4980
3621	11048
1215	11050
3800	4986
1684	4988
1961	4990
2595	11056
3619	4994
755	4996
2399	4828
3913	4198
3625	4998
823	5000
3704	5002
2418	4190
1590	11066
198	5006
3326	4752
3142	4590
2081	11069
3372	5010
1207	11072
1666	11074
1555	5016
3890	5018
171	5020
284	5022
4033	5024
2639	11081
529	5028
19	4216
2053	4276
3257	5030
3901	5032
3653	5034
3368	5036
1944	4496
2950	5038
181	5040
2000	4342
3967	5042
2185	5044
2599	5046
3797	5048
2104	5050
4108	5052
4162	5054
931	5056
3166	4548
3511	5058
1462	11102
2009	4462
2616	5062
568	5064
2063	5066
307	5068
713	5070
918	5072
580	4362
502	5074
1064	5076
3781	11113
4147	5080
578	11116
2236	5084
2632	5086
2038	4588
4129	5088
3222	4758
1235	5090
3256	5030
2737	4716
3309	11123
1100	11125
152	5096
2120	11129
2448	5100
420	5102
1852	5104
209	5106
1620	4652
1827	4532
852	5108
858	5110
3682	11137
1049	5114
4150	5116
1491	5118
3485	5120
4106	5122
2842	4316
905	5125
4028	5127
1327	5129
1975	5131
49	11153
3322	5135
1209	5137
2145	5139
2540	4656
558	5142
761	5144
1413	11164
2698	5148
2750	4240
3856	5151
720	5153
1144	5155
3058	5157
1398	5159
3874	5161
1778	4972
182	5164
4045	5166
3420	11178
866	5170
1000	5172
1524	5174
3042	5176
978	5178
1859	11185
3602	5182
666	4402
2085	4686
3233	4586
846	4602
1424	5188
1832	11194
3885	5192
2380	4416
2491	11198
697	5197
3096	5199
521	5201
1970	5203
1437	5205
3765	11207
553	11209
1023	5211
2456	4816
506	5214
714	5070
3038	4608
2445	5100
3353	11217
776	5221
2545	5223
3262	4290
471	5226
1890	4248
576	5229
2070	4188
1746	5232
3473	11229
4161	5236
2193	5238
79	5240
1765	10916
2319	5243
2361	11237
18	4216
414	5248
1145	5155
2150	5250
704	5252
1466	5254
3589	5256
3933	4306
514	5259
2092	5261
1219	5263
2716	4348
3174	11254
1846	5268
2863	11257
3201	5272
3371	5274
3696	5276
3087	5278
719	5280
180	5282
4139	5284
677	5286
3133	11268
3880	5290
1325	5292
3273	10564
2348	5295
3752	5297
2309	5299
3934	5301
1223	5303
3266	5305
1343	5307
3529	5309
1808	5311
1385	11284
3244	11286
813	5317
2742	4240
2941	11289
3960	5321
3387	5323
3423	5325
3961	5327
2620	5329
2672	11299
3080	5333
2286	5335
779	5337
2868	5339
1091	5341
507	5343
909	5345
2936	5347
1685	5349
2353	5351
3126	11268
3761	4258
581	11316
2074	4956
1497	5357
3891	5359
3754	5361
2086	4686
2008	4462
1233	5364
1356	5366
3988	5368
3295	5370
2227	5372
3108	10561
1221	11330
768	11332
1432	11334
85	4344
891	5382
1244	5384
3020	5386
2848	11340
3545	4310
3098	11343
270	5393
3336	5395
3458	5397
1279	5399
4156	11351
3561	4396
208	5404
3768	11355
1051	5408
1303	5410
1837	5412
1884	5414
1748	5416
2135	11363
231	5420
873	5422
1305	5424
1904	4894
3540	5427
911	11370
286	5431
3319	11373
2251	11375
3071	5437
1210	5439
3032	11379
1697	4466
3541	5444
565	4674
128	5447
384	5449
2140	5451
2287	5453
2174	5455
2668	11391
660	5459
240	4738
722	5153
3755	11395
709	5464
3832	4596
132	5467
1856	5469
2136	11402
2532	5473
3872	5161
4024	5475
4170	5477
3601	5479
2510	5481
1214	5483
613	5485
364	5487
1972	5203
2062	5066
2756	4280
3181	11414
8	4414
1280	5399
1993	4342
3183	5494
3578	5496
2234	4950
2526	5499
749	5501
3767	5503
1225	5505
1009	4584
2823	5508
3944	5510
2031	4588
2894	5513
4120	5515
2738	4716
2529	5518
447	5520
1311	5522
2711	11440
3491	5526
1304	5528
3626	4998
377	5531
1983	4326
2129	5534
2040	4588
1268	5536
571	5538
1621	4652
3543	4310
984	5541
2390	5543
1537	5545
1762	5547
2422	4190
3207	5550
1230	5552
2138	11463
4006	5556
2554	11466
1619	4652
1469	5560
3642	5562
2477	5564
2509	5481
1573	5566
1366	5568
1973	5131
2102	5570
1171	5572
2398	11476
1185	5575
2588	11479
2721	4860
3231	4586
3744	5580
3499	5582
494	5584
2219	5586
3807	11488
1605	5590
1639	5592
3290	11492
1775	4972
2956	5596
2121	5098
3303	11496
656	11498
483	11500
2442	4750
2678	11503
3645	5608
4077	5610
489	5612
1276	5614
437	5616
2400	4828
2775	10924
3350	5619
3385	11512
1119	4436
1425	5624
272	11516
1737	5628
466	4736
3395	5631
3776	11521
2932	4886
2670	5331
1854	5636
1708	5638
2046	4588
1541	11526
1980	5642
684	5644
1622	4652
2875	5646
2113	5648
1285	4626
1458	11534
2663	5653
797	5655
3886	5657
3357	5659
2974	5661
3286	5663
847	4602
4122	5665
2904	5667
3422	5669
1169	5671
728	5673
2235	5084
1237	5676
3568	5678
989	5680
2443	5100
2019	4658
3860	4936
2433	5684
3175	4610
3725	5686
2802	5688
1726	5690
2857	5692
2878	11564
486	5696
3065	11567
3036	5700
2484	4184
744	5703
2649	11572
3171	4562
3546	4310
3658	5708
368	5710
2753	4280
2841	11577
2758	5714
3622	11580
2295	5718
1618	4652
3780	11583
3523	5722
262	11586
1925	5726
2298	5728
591	5730
590	5732
1243	5734
1659	5736
1701	5738
3595	5740
1459	5742
921	11599
854	5746
2356	5748
3276	5750
965	5752
992	5754
1646	5756
2360	11237
2458	4816
1293	4374
117	4958
894	5760
3716	5762
525	5764
1231	5552
2784	5766
39	4964
3905	5769
1728	5690
2357	11619
2186	5044
3838	4908
1077	11623
2787	4476
2206	5778
355	4800
3075	5781
1128	4870
559	5784
183	5786
3868	5788
1286	5790
3992	11636
78	5794
982	5796
3758	5798
33	4604
721	5153
353	4810
2413	4814
1460	5803
2134	11646
898	4176
1857	5808
3054	11650
4039	5812
1259	5814
2624	5816
1791	4346
232	5420
1337	11657
1882	5821
2558	5823
634	11661
698	11663
2881	11665
3953	11667
2506	5481
604	5833
2147	5835
3356	5837
630	11673
1093	5841
376	5843
2792	4476
4149	5845
549	4386
2574	11679
1527	5850
3366	5852
2538	4656
3802	4630
371	5710
1989	4342
2161	5855
298	5857
2300	5859
2124	4408
2041	4588
1390	5862
1178	11690
556	5866
2884	11693
230	5420
2133	11695
930	5872
2377	11698
3977	11700
2849	11702
937	5880
1508	5882
2416	4814
22	4216
2537	4656
1191	5884
2254	5886
3327	4752
4163	5889
2131	11710
3938	5893
3524	5722
3668	5895
2103	5050
2870	5898
4107	5900
1493	5902
1351	5904
2342	5906
2680	5606
1632	4652
1370	5908
2489	5910
3881	5290
3869	4660
2018	4658
497	5913
1847	5268
463	4736
966	5915
3361	5917
4061	5919
3673	5921
716	11735
3446	5925
2278	5927
2947	5929
3710	11740
3296	5933
1629	4652
2425	4190
1986	4342
3307	11744
1161	5937
3377	5939
1990	4342
3481	11749
2290	5943
932	5945
387	11753
76	5949
2973	5951
70	5953
1759	5955
2782	5957
676	5959
1863	11762
1560	5963
3530	5309
2006	4462
3708	11765
3297	11767
3471	5969
1083	5971
3808	11771
136	5975
297	5977
3991	5979
3713	5981
61	5983
316	5985
3425	5987
1538	11781
2431	5684
153	5992
653	5994
3135	4278
3449	11787
3130	11268
1576	6000
254	6002
3228	4586
3414	6005
3563	4396
2604	6008
2466	4636
2723	4860
1650	6012
98	4252
516	5259
3712	6016
306	5068
1234	6019
3628	6021
3700	6023
337	6025
3049	11809
3614	6029
1653	6031
3328	4752
4019	11814
4102	11816
2054	4276
1394	6039
3450	6041
3822	6043
185	5786
3517	6046
3185	5494
2195	6049
3574	6051
3086	5278
113	6054
3634	6056
3963	11833
657	5459
1347	11836
1709	6063
3556	6065
3591	11841
718	5280
2279	6070
859	6072
1935	6074
2075	4824
3840	4908
4026	6078
1901	4894
3831	4596
2105	5050
401	6083
2375	11855
2374	6086
1097	6088
1836	6090
2924	6092
1864	6094
3013	11864
392	11866
3198	5272
2168	11869
2393	6102
1720	11872
1965	11874
2453	5100
2301	6109
3009	6111
3037	5700
2194	6049
3707	6114
3790	4852
3985	6117
1106	4382
3187	4268
2067	6121
629	11888
3030	6125
2001	4342
1043	6128
2991	6130
1228	6132
2409	6134
2964	6136
1498	6138
1711	11902
1803	5311
2180	4308
1767	6144
3219	4758
3355	5837
3764	6148
3801	4630
2383	4416
3077	11628
3099	6153
3723	6155
3479	6157
147	6159
4095	6161
3417	11922
2779	6165
2915	6167
2636	6169
4078	5610
383	6172
2339	6174
238	4738
55	6177
3904	5769
1718	11933
3213	11935
1048	11937
2530	5518
1443	6187
2942	6189
2178	6191
3862	6193
1797	6195
2308	6197
3081	6199
974	11949
2405	4766
3419	6204
827	11953
1056	6208
4087	6210
1612	5590
4113	11960
458	6215
2627	6217
2183	6219
2128	11965
754	6223
1649	6225
2078	10937
2344	5906
2830	11970
3593	6230
302	11974
411	6234
2559	4640
247	6237
1793	6195
829	6239
2918	6241
2450	5100
577	6243
2364	4692
1593	6246
2705	11986
812	6250
643	4204
1878	6253
1295	11991
882	11993
3721	6259
2389	5543
2749	4240
745	6263
1289	4668
2901	5667
1671	12002
867	12004
1838	4934
2896	6272
2213	6274
3671	6276
369	5710
1806	5311
2012	4462
4160	6280
3678	12014
373	5710
2111	5648
2583	12018
1562	6287
1772	6289
51	6291
2429	5684
3826	6043
2382	4416
4065	6293
3486	12025
641	12027
3952	6299
1623	4652
1926	6302
3084	6304
2831	4246
1156	6307
1871	6309
127	6311
943	6313
3820	6315
2643	12042
3526	6318
3515	6046
2296	6320
2762	4550
748	6323
3775	6325
1835	6090
1569	6327
3291	6329
433	6331
2963	6333
570	6335
2256	6337
1483	6339
2885	12058
140	6343
228	6345
1355	5366
1594	11984
381	6348
1409	12064
924	12066
3627	6354
2518	6356
1818	4968
2266	6359
129	6361
1420	6363
1717	6365
2726	4860
2979	12077
3155	4474
2550	12080
2952	6372
91	4344
1997	4342
2091	6375
86	4344
3251	6377
1272	5614
1382	4554
2189	6381
3234	6383
807	6385
2035	4588
1586	6388
2143	6390
1292	6392
2366	6394
3090	6396
303	6398
3538	6400
1848	6402
3987	6404
3599	4570
1611	5590
4143	6407
3194	6409
1031	4332
3440	12110
1575	6414
1906	6416
4164	6418
2887	12115
1222	6422
1969	5203
3268	5305
2014	4658
1217	6427
4034	5024
1828	4532
393	6431
959	6433
3352	6435
56	6437
2388	6439
2454	4816
1284	4626
3900	5032
2335	6444
2226	11327
3559	4480
530	6448
1480	6450
3630	6452
3825	6043
3959	6454
2553	12143
2858	12145
1794	6195
3497	12147
2814	4720
1507	6462
1751	12151
958	6466
671	6468
3184	5494
1168	5671
2897	6272
1733	6471
3865	6193
4088	6473
3085	6475
3735	6477
4148	6479
1028	6481
1568	6483
1738	6485
531	6487
1319	6489
80	5240
269	6492
2212	6274
2996	12171
99	4252
3239	6496
167	6498
309	4540
4070	10820
2275	6502
1434	5205
3510	6505
539	6507
2472	6509
3002	6511
1449	6513
3536	6515
567	6517
3629	6519
2329	6521
743	12192
2628	6525
1149	6527
3383	6529
944	6531
2928	6533
3859	4936
4130	5088
2602	6537
2764	4550
3040	6539
2428	4190
2674	4832
2566	6543
3055	12210
2776	4806
3101	12213
2114	5648
3971	4842
1250	6551
1423	6553
990	6555
3635	11831
3260	6557
4116	6559
1528	6561
2233	4950
731	6564
2724	4860
2879	11564
872	6567
2733	6569
960	6571
1563	12229
1801	5311
2917	6241
253	6575
4099	12232
398	6579
1910	6416
295	6581
1712	6583
3188	4268
3774	6585
1467	6587
1352	6589
2372	6086
319	5985
380	6591
1453	12243
3106	4690
3597	6596
320	5985
3249	12248
3954	12250
2725	4860
3699	12252
1365	5568
631	6605
2248	6607
4017	4730
2806	5688
1545	6611
1905	6416
610	6613
3163	6615
1740	6617
3503	12264
3006	6621
2175	6623
3026	6625
2244	6627
382	12271
3430	12273
130	6633
3525	5722
1037	4952
2905	5667
2976	12278
2097	6639
45	6641
769	6643
532	12284
670	6468
1416	4228
1627	4652
1784	4346
1057	12288
1682	6651
602	6653
3811	6655
548	12293
1135	4786
3095	12296
3687	6662
2949	12300
3649	6666
1026	6668
1320	6670
2803	5688
1241	6672
625	6674
1300	6676
3756	5798
193	6679
4004	6681
3173	5266
2142	12313
987	6686
3487	6688
3947	6690
1357	5366
2998	12319
4132	6694
668	6696
674	6698
2043	4588
2684	6700
348	6702
3957	6704
402	6083
3633	6706
3792	6708
3041	12331
2837	10533
2311	6712
2392	6102
378	6714
4165	6716
1274	5614
3903	12132
255	4398
2153	6719
3280	12341
53	6723
1224	6725
1699	4466
331	6728
3535	6515
2277	6730
717	5923
725	6733
1613	5590
933	6735
1282	4626
327	6728
2961	6737
3624	12354
3582	12356
2434	5684
1588	12358
3592	6745
582	6747
2216	6749
165	6751
2760	4550
4071	6753
1561	6755
1596	6757
3421	12369
300	12371
1316	6763
1677	6765
220	6767
161	6769
3167	4548
3500	6772
2821	11428
3407	12383
508	5343
2600	6778
2465	4636
4103	6780
3858	4936
1820	6782
103	6784
1182	6786
3345	6788
3910	6790
2766	4550
3338	5395
1342	5307
1727	5690
841	6795
2828	12399
3717	6799
3177	4610
2891	6802
3346	6804
2487	6806
1543	6808
1673	12409
1408	6350
1029	6481
1616	4652
226	6815
4032	5024
2240	4298
1055	12417
939	6821
4040	5812
2505	12422
3803	4630
555	5866
3931	4306
791	6829
1667	6831
821	12429
1742	12431
3145	4798
2826	12434
1177	6840
3468	6842
845	6844
2082	12440
2169	6848
2893	12444
4073	6852
2203	4768
910	6855
4154	6857
1761	6859
2076	4824
2622	12453
3076	11628
432	6865
875	6867
4101	6869
1208	6871
3409	6873
3720	6875
1007	4584
637	6878
332	6728
520	5201
2007	4462
1444	12473
444	6885
2630	6887
2786	4476
1913	6890
2414	4814
3923	6893
1513	6895
3150	4474
1162	6898
2689	6700
2464	4636
325	6728
1688	12487
467	6904
3785	12490
2467	4636
942	6908
1213	6910
2880	6912
3443	12496
940	6916
2447	5100
66	5953
2346	5906
1529	4380
2579	12504
3452	4518
593	6925
2770	12509
3091	6396
1264	4772
2317	5243
3650	6666
2332	4524
3565	6934
3217	12517
3475	6938
3907	6790
261	6941
3248	6598
1641	5592
3010	6111
4062	5919
430	6947
3590	6949
1069	12530
831	6953
83	4344
2122	12534
1125	4870
1312	5522
2463	4636
1777	4972
2274	6961
490	6963
227	6965
304	6967
3401	6969
448	5520
2951	5038
2243	6973
1883	6975
551	6977
1349	12552
3023	6981
752	6983
2871	6985
988	6686
1968	5203
1350	6989
305	6991
2016	4658
339	6994
2531	5473
1387	5862
3116	4360
2305	12567
233	7001
1487	12570
832	7005
2959	7007
225	7009
2205	7011
499	5913
3747	7014
3121	10889
1141	7017
63	12580
583	7021
1705	7023
1373	4312
3894	7026
1313	7028
3380	7030
1606	5590
311	7033
1084	7035
480	12593
1113	7039
1637	5592
2962	6737
1565	12597
515	5259
3845	4224
268	7046
1175	7048
2098	7050
3089	5278
3318	5433
501	5074
2883	7055
1062	7057
2546	12611
273	7060
503	5074
3456	7062
881	12616
2611	7066
622	7068
2681	11026
2132	12622
2594	7073
3984	7075
2995	7077
464	4736
3998	7080
1750	7082
2633	12632
3594	7086
3021	7088
4083	7090
3364	7092
1167	7094
114	7096
1600	7098
1903	4894
112	7101
3467	7103
504	5074
2877	7105
2596	7107
2483	4184
3393	7110
1834	11194
3068	5437
765	7114
3462	7116
1492	7118
3125	5288
2481	4184
1384	11284
1760	5955
2354	12660
1722	7125
3603	7127
2229	7129
3192	6409
1654	7132
2037	4588
2368	12669
1811	5311
2527	5499
1172	7138
2548	7140
4025	7142
2436	4750
1158	7145
360	4800
1933	12682
2376	5874
1463	12685
3741	7153
3325	5135
4084	7156
2064	5066
50	7159
2710	12694
1380	4554
2259	7163
3882	5290
1060	7166
3611	12701
3726	12703
2107	4498
2656	12706
2245	4734
2167	6100
3015	7177
3855	5151
826	6206
3557	12715
2045	4588
3604	7183
2706	12718
2250	7187
2488	7189
917	7191
271	12723
3402	12725
3986	7197
2272	7199
1939	12729
3277	7203
1531	4380
729	5673
1503	12734
1509	7208
2676	12738
2621	7211
892	7213
3705	7215
2042	4588
243	7217
3924	6893
633	7219
293	6581
3247	6598
2496	5195
3447	7223
2077	10937
3842	4908
1044	7226
1107	7228
1283	4626
1512	7231
2197	7233
87	4344
246	6237
493	7236
686	7238
123	4958
505	5214
727	5673
1015	4706
2478	4184
3681	11137
2923	12765
814	7246
336	7248
1190	7250
2890	12771
2900	10677
279	7255
3110	12776
1792	6195
4063	5919
3667	7259
122	4958
154	7261
2316	5243
699	7263
187	7265
1240	7267
3444	7269
2864	7271
3809	12789
2534	7275
1695	7277
3893	7026
104	7279
2217	6749
901	7282
981	7284
1810	5311
2207	5778
3392	7287
756	7289
839	12800
168	7293
1703	5738
1949	7296
3147	4798
3331	7298
902	7300
4035	5024
2686	6700
3978	7302
3206	5550
345	7305
927	7307
2164	12813
3382	7311
3008	7313
1481	12817
3204	11460
3918	7317
2345	5906
1115	4436
3928	7320
945	7322
2578	12823
3478	12825
4126	12827
1686	7330
3225	7332
1587	12832
1263	4772
1974	5131
2249	7337
2535	7275
1770	4264
26	7340
89	4344
3376	7342
438	12839
2699	5148
3267	11279
2859	12843
1188	7350
1176	12846
3176	4610
1344	7354
2461	7356
2424	4190
3306	12852
3996	7361
1192	12855
3464	7364
4029	5127
1399	5159
3252	12086
517	7369
2503	12864
2685	6700
620	7373
878	7375
2253	7377
2323	4520
2697	11166
3046	12871
52	6723
935	7383
2303	12875
3805	12877
3897	7389
2748	4240
599	7392
1472	12883
2790	4476
1985	10587
1323	7397
1714	12888
116	7401
274	7403
2889	12892
1628	4652
2115	5648
2657	12706
459	6215
1971	5203
1574	5566
1981	7410
2567	7412
2412	7414
659	5459
4052	4840
1020	4192
2452	5100
3531	7419
1375	4312
2740	4716
2230	4950
372	5710
3505	12908
889	12910
1698	4466
3	4414
1932	12682
3698	12914
3715	7432
2337	6174
3877	7435
3762	7437
4005	5556
3659	5708
3647	7441
1017	4706
2423	4190
2493	11198
3843	4224
4127	7443
1887	7445
3202	7447
2411	7414
2517	12927
3410	7450
2005	4462
2851	5878
1953	7453
2407	6134
2808	7456
476	7458
1103	7460
2158	7462
1273	5614
150	7465
1072	7467
1693	7277
574	7469
1253	7471
1515	7473
2658	12706
1845	7475
1511	7477
251	4270
707	7480
1656	7482
2439	4750
287	5431
431	7485
3400	7487
1050	7489
109	7491
3035	7493
662	4284
1163	7496
1630	4652
1962	11054
4015	4866
206	4432
1909	6416
3875	5161
1706	7023
3067	5437
62	7503
3937	7505
1661	12973
2816	4442
47	12976
1200	7512
1506	7514
644	4204
3733	7517
2490	5910
3857	4936
102	6784
1132	4566
357	4800
1554	7523
2455	4816
1025	5211
3265	4290
1377	4312
1610	5590
1689	7528
3320	5433
4118	7530
3254	4714
3730	7533
857	7535
69	5953
3806	7537
3830	4596
680	7540
2729	6569
970	13003
2838	7545
308	4540
681	7548
2440	4750
3484	13009
177	13011
278	13013
799	13015
4067	10820
1812	4178
3844	4224
4123	7561
3079	11301
1392	6039
2052	4276
810	4196
3097	13026
3772	13028
4166	7570
1551	13031
1779	4972
886	7575
2157	7577
2494	5195
101	6784
475	13039
1027	6668
2417	4190
3272	13043
107	7587
407	7589
1186	7591
105	7279
3335	7594
2662	7596
413	7598
934	7600
868	13054
3664	4962
1266	5536
3227	4586
385	7607
1519	7609
3588	7611
1440	7613
603	5833
2704	11986
2977	7617
3834	7619
2499	7371
3122	10889
3048	13072
3670	7625
2268	7627
980	7629
155	7631
2486	4184
3643	13080
1660	7636
1183	5575
3669	13085
3884	7641
977	5178
3379	7644
1782	4972
1789	4346
4086	7647
1547	7649
10	4414
218	13095
4051	7654
2954	7656
1873	7658
3424	7660
1154	13102
2695	13104
2761	4550
335	7667
2714	13108
346	7305
2815	4720
323	7673
213	13113
1602	7098
292	7678
4152	7680
757	7682
3679	7684
3369	5036
1415	4228
394	7688
2980	7690
2638	5026
1131	4566
947	7694
2728	4860
1954	7453
2384	4416
184	5786
54	7700
3261	7702
1548	7704
3384	7706
4002	7708
1766	13139
3028	13141
3063	13143
5	4414
2187	5044
2511	5481
2717	10603
2645	4340
4023	7719
3408	13151
612	7723
3606	13154
640	12027
2812	7728
4136	13159
1004	4584
3605	7183
3898	7389
3921	7735
3332	7298
408	7589
986	6686
1196	13167
1426	13169
1287	5790
1482	7315
1786	4346
2322	10722
2030	4588
2270	13175
487	13177
2355	5748
404	7589
1152	7752
2324	4666
442	7755
1414	5146
2242	4940
3771	5406
3413	7760
1298	7762
1402	7764
1061	7766
2692	7768
1331	7770
2373	13196
4076	7773
1598	7775
2094	7777
259	7779
1931	7781
2285	7783
3695	7785
3686	7787
1456	7789
2609	4688
468	7792
2391	6102
1911	7795
3652	5034
3566	13215
2265	13217
3812	13219
435	7804
2906	5667
1118	4436
2513	7808
2892	13226
1406	7812
3817	7814
3074	7816
1942	13232
358	4800
3567	7821
441	13237
1267	5536
3555	7825
2757	5714
391	7828
314	7830
1640	5592
1881	7833
2327	4666
2982	7835
2769	6927
72	5953
2385	6439
265	13250
851	5108
3810	13253
4046	5166
1102	4792
1584	7847
2845	7849
647	4624
1652	13261
2013	4658
884	7855
282	7857
1940	13266
1155	7861
1817	4968
3684	13270
1126	4870
3576	7867
2927	7869
1401	5159
3300	13278
682	7874
2095	7777
594	7876
3773	13282
3680	7880
1227	13286
474	7884
3238	6383
600	7887
3060	7889
740	7891
3073	7816
1271	5614
3477	13296
3916	7317
3683	13299
914	7899
3539	6400
1114	7039
1608	5590
3641	7904
4043	5166
3465	4484
405	7589
1486	7907
2209	7909
422	7911
111	7913
37	4604
764	7916
1631	4652
3569	4892
801	7920
2593	13320
3285	7924
3127	5288
1604	5590
2854	4576
3104	4690
819	7929
190	7931
1550	7933
527	7935
3134	4278
1075	13334
2326	4666
3498	13336
4007	5556
3949	7943
3919	7735
650	7945
1418	7947
3777	7949
2712	12694
1725	5690
1876	13347
2994	4478
1842	7956
4168	7958
495	7960
938	7962
2801	4294
4010	7965
1920	4910
399	7968
2930	7970
221	7972
200	7974
1526	7976
3738	7978
3437	7980
3214	12517
3426	7983
1277	7985
3779	13371
2480	4184
388	7989
3308	13374
1669	7993
3066	7995
2986	13379
3732	7999
1473	8001
2318	5243
796	5655
2498	5195
3394	13386
926	8007
2873	13390
2580	8011
3821	6315
678	8014
1318	8016
496	7960
885	8018
1821	4486
1870	13401
683	8023
2565	13405
1124	4870
2945	13407
3397	8028
815	8030
569	6335
2908	4394
3310	13414
239	4738
2003	4462
595	8038
3137	4278
1013	4352
2089	6375
264	13422
1251	8044
2659	13425
4105	13427
783	13429
781	13431
2110	8054
3554	8056
115	8058
3703	8060
564	4674
2561	4640
1206	13441
1991	4342
2985	13444
2564	13405
1929	6302
3311	8070
1988	4342
4091	8072
2495	11198
2860	8074
2533	8076
3070	5437
3794	8079
485	8081
547	13456
2069	4188
2907	4394
828	12713
67	5953
1461	8087
2262	8089
3902	5032
1928	6302
1771	8092
3492	13466
536	13468
94	4252
4027	8099
2476	5564
3289	13473
452	8104
1938	7201
2059	5066
290	8108
3212	6182
2597	13481
3140	4278
2919	6241
605	8114
2060	5066
2367	6394
773	8117
903	7300
2810	8120
1886	8122
2840	5712
343	8125
1850	5104
2315	5243
2642	13495
3522	8130
2304	8132
948	7694
1704	5738
1321	8135
1960	4364
3722	8138
737	13504
1448	6513
1275	5614
3742	8143
1522	8145
2653	8147
3638	8149
4038	8151
191	8153
2137	13515
2419	4190
3431	6631
830	6239
3763	7437
424	13520
3915	8162
2500	12864
2607	8164
2671	5331
242	7217
4001	13526
614	8170
4018	11814
1096	13530
2953	8175
3102	8177
1589	8179
2587	10724
2869	13538
1205	13540
1457	13542
4060	4546
3314	4372
3651	6666
1533	8191
3103	4690
222	13361
4037	8151
2181	4308
561	4674
1203	8194
175	8196
1346	8198
1159	12679
1490	13555
3513	8203
3706	8205
38	8207
146	8209
1229	8211
1005	4584
1655	8213
2637	5026
144	8215
3216	6936
3941	8217
820	8219
445	6885
350	6702
888	8223
3796	5048
3111	10561
1047	13573
1076	8229
2703	6248
711	8231
1930	7781
726	8233
3094	8235
3381	7030
3018	8238
138	4464
1329	5129
535	13585
865	13587
439	8246
511	5343
3144	4798
1691	8250
1978	5642
1755	13595
877	13597
2615	5062
1364	5568
1052	8259
1428	8261
2751	4280
3034	13604
1976	5131
2612	7066
573	8268
1252	8270
557	8272
2937	8274
3014	13613
3956	8278
2435	5684
1518	8281
2302	8283
1301	8285
608	8287
2536	8289
782	8291
1866	13625
3587	8295
1783	4972
2410	6134
2470	4636
2577	8299
2666	8301
2796	4700
3191	6409
3115	10561
294	6581
3061	13638
1680	4266
2793	4476
1880	8310
2139	13644
1683	8314
907	8316
1774	8318
2524	10518
4003	7708
2508	5481
3152	4474
4119	8322
1419	7947
2237	8324
1112	8326
1307	8328
1840	8330
3784	8332
597	8334
710	5464
1011	4352
3165	4548
3899	12132
4085	8340
860	13665
1732	6471
1338	8345
2449	5100
4042	5166
1947	13671
2420	4190
1553	7523
2057	5066
3281	8353
1489	13678
652	7945
3205	5550
3955	13682
3975	8361
1816	4968
1296	8364
3294	8366
3981	8368
2497	11198
701	8371
3876	7435
751	8374
93	8376
552	8378
1494	8380
2709	7185
1465	8383
2312	5243
1012	4352
1510	8386
3351	8388
4110	8390
2722	4860
2913	8393
1348	13707
2741	4240
131	8398
3490	8400
3390	8402
1907	6416
4047	5166
157	8405
3972	8407
3504	13717
730	5673
3162	6615
2507	5481
1700	5738
747	13724
178	8416
787	8418
3270	8420
3995	8422
912	13732
636	8426
2432	5684
1702	5738
3537	6400
3156	4474
3692	8431
3405	8433
1549	8435
2331	4524
3024	8438
4169	8440
2404	4766
2024	4588
2819	4442
897	4176
3000	8446
1721	8448
362	4800
3052	8451
1860	8453
706	8455
3935	5301
3939	13760
2984	8460
3993	8462
2026	4588
3169	4548
800	8464
2210	8466
1692	8468
34	4604
1525	8471
2774	10924
950	8474
3416	8476
3050	8478
4096	8480
1992	4342
1455	8483
2734	6569
733	8486
3760	4258
409	8489
2614	5062
952	8474
3128	5288
3230	4586
3551	4704
3388	5323
3693	8496
163	8498
1617	4652
2971	8501
1780	4972
2591	13797
3313	8506
1500	8508
2065	5066
598	8510
638	13802
4167	7570
1539	8515
696	8517
1941	8519
1823	4318
1324	13810
1542	6808
3105	4690
3215	6936
3689	8527
795	8529
4066	4650
194	8532
1798	6195
361	4800
3980	8535
2619	5329
3083	6304
374	5710
1073	8540
2800	13828
3580	13830
856	7535
3509	4774
2732	6569
3415	8547
2048	4276
1353	13838
1232	8552
1201	8554
1260	13842
3729	7533
3512	8203
473	8560
2983	13847
2895	8564
354	4810
82	4344
1534	8568
2160	13853
1674	8572
1745	8574
1336	5819
2640	11081
1744	4724
2598	13860
1716	8581
3496	13863
1054	4618
2101	13866
2648	11572
27	8588
3469	8590
326	6728
1597	8593
3317	5433
2220	5586
3940	8217
1068	8598
1658	8600
2772	4806
2271	13878
4030	8604
2557	5823
217	13883
1580	4328
1626	4652
3157	4474
3406	8610
2396	4828
434	8613
632	8615
3136	4278
2214	4446
3617	8619
344	8621
3069	13896
1151	7752
1577	6000
3334	7594
1567	8627
3841	4908
451	8104
1404	8631
3399	8633
1269	4378
141	8636
446	8638
135	8640
164	8642
2910	4394
3278	8645
1582	4960
1921	4910
679	8649
1916	6890
3445	5925
763	7916
3632	8654
669	6468
477	8657
2866	8659
925	13927
2306	13929
2451	5100
3386	8665
3584	13932
1679	8669
1807	5311
3129	11268
1326	5129
993	8673
863	8675
1849	8677
498	5913
1090	5341
1070	8681
1108	8683
864	8685
2123	13947
3750	8689
3132	5288
949	7694
1302	8692
3312	8694
705	8696
1521	8698
1339	8345
1468	13956
3997	13958
2165	13960
1830	8705
1479	6450
92	8376
1556	8708
2542	4656
572	13967
2269	13969
3751	8715
2184	8717
2783	5957
853	5746
694	13976
1354	5366
1776	4972
2844	7849
1585	8725
2099	13982
4141	8728
2886	6420
170	5020
4053	4840
2199	8733
3209	5550
186	5786
2475	5564
1595	8737
3051	13992
742	13994
689	13996
1520	13998
953	8747
1867	14001
3506	14003
3324	5135
785	8754
732	8486
955	8747
2926	14008
2665	4850
2850	5878
537	8760
2071	4956
3867	5788
928	14017
124	4958
2501	7371
1333	8768
3793	6708
1950	8771
2446	5100
2617	8773
3378	8775
3549	8777
941	8779
3454	8781
2196	8783
3196	6409
3749	7014
2020	4658
738	8788
2023	4658
1386	11284
1731	8791
802	8793
3064	14039
1505	8797
3033	5441
2584	14043
236	7001
4172	14046
771	8805
3640	8807
2394	13888
584	14050
1438	14052
1912	7795
2002	4462
522	8815
1833	5190
2010	4462
3813	7802
1625	4652
1546	8819
313	8821
151	8823
1893	4248
651	7945
3404	8826
4135	8828
2693	7768
778	8831
3348	8833
1477	8835
1756	4906
44	6641
426	14072
3195	6409
766	7114
2401	4766
1180	6786
3690	14076
249	4270
2946	8026
3618	8847
95	4252
1388	5862
3920	7735
1670	8852
4092	14085
2149	8856
2967	8858
3435	8860
3719	8862
2281	8864
3577	8866
3976	8868
3203	7447
1024	5211
1785	4346
134	8873
1166	8875
3019	5386
4058	4546
3304	14107
328	6728
588	8881
4081	4400
484	8884
2468	4636
1335	8887
3113	10561
421	8890
3596	8892
3560	4480
1030	6481
4140	8896
2257	6337
3676	8899
2172	8901
2798	4700
280	8904
1137	4786
1412	4242
1160	8908
2646	8910
3158	6615
2955	7656
2827	14134
936	7383
1291	8916
3001	8918
3824	6043
400	6083
540	14141
3691	14143
1564	8926
3299	14147
77	8930
492	8932
1257	8934
1368	5908
2694	13193
3613	8937
2358	14156
2811	13489
3948	14159
3472	8944
366	5487
285	5431
793	8948
3783	14165
20	4216
4050	7654
1436	5205
1885	14170
1427	7741
1879	6253
1397	5159
1094	8960
1517	8962
3321	5135
790	6829
541	8965
2669	11391
3532	8968
3160	6615
219	8970
2473	6509
3210	8973
4138	14185
1089	8977
2804	14189
3093	8980
2208	5778
74	5953
110	8984
3745	14195
1002	5172
195	8989
3017	8238
3482	14201
805	4680
818	8995
513	8997
3457	5397
241	4738
2408	6134
3236	6383
998	9003
3863	6193
1074	9006
691	9008
3600	5479
1039	9011
4079	9013
2882	9015
3714	9017
13	4216
1218	14222
179	9021
2441	4750
3770	5406
546	9025
2755	4280
619	9028
2690	12324
3851	4218
1862	9032
4008	7965
3552	4704
2688	6700
3045	9035
1148	9037
143	8215
481	9040
1098	5094
3172	5266
455	9044
2634	4182
3968	9047
983	5796
1478	9050
3839	4908
1087	9052
100	6784
234	7001
3864	6193
2912	8393
276	14249
1122	4436
3439	9058
4074	9060
545	9062
3375	4922
968	9065
1855	9067
2201	14261
1668	9071
1724	5690
1739	6485
3583	9075
3242	4468
3789	4852
1393	6039
428	9080
3579	9082
2836	4246
1381	4554
2321	4520
1967	9087
1439	8811
2818	4442
3607	9091
1071	14282
1421	6553
2293	9096
3655	4482
403	7589
3942	9100
4075	9102
288	9104
2528	5499
1164	14292
762	14294
4155	14296
523	9113
1360	10884
1435	5205
2824	14302
3483	9119
994	9121
2514	9123
75	5953
4093	14309
2073	4956
1133	4786
2492	5195
923	14314
2576	9133
639	9135
84	4344
1008	4584
1676	6765
2117	14321
3917	7317
1332	9143
4013	9145
672	4420
2126	4404
2333	6444
1599	7098
3347	9151
3608	9153
166	6498
2968	9156
1088	9158
2218	9160
1340	9162
962	9164
2159	9166
2469	4636
3337	5395
4036	5024
2050	4276
1915	6890
1395	6039
500	5074
2999	9175
3389	5323
3769	11355
207	5404
3199	5272
4171	9181
687	14358
816	9185
2171	14123
2544	4656
3114	4288
3895	7026
106	9191
3082	6199
3648	6666
2261	14368
794	9197
1999	4342
2118	14372
2336	6444
1422	6553
3003	6511
3022	7088
3609	9204
301	14377
1474	14379
2767	9210
2948	14383
317	5985
2590	9215
4056	4840
1690	14389
759	9220
1908	6416
526	9223
2809	14394
2713	12694
775	9227
2601	9229
1254	9231
21	4216
2730	6569
3333	9235
4112	9237
1601	7098
2940	14406
946	7694
2865	9242
3480	14411
2502	7371
97	4252
14	4216
3929	4306
2888	14416
334	6728
2683	4944
4059	4546
386	9254
1003	4584
416	9256
2260	9258
628	14424
3757	5798
266	14427
2641	13495
3004	10739
3029	14431
260	14433
1919	4910
2551	6370
3922	6893
2347	5295
1979	5642
2292	9274
964	9276
3508	4774
2902	5667
4158	9280
4082	9282
692	14447
1763	5547
1796	6195
158	9288
258	9290
2155	9292
1111	8326
1540	9295
3459	4726
838	4830
3186	5494
1896	4248
543	9301
1389	5862
436	9304
2276	9306
746	14466
1591	9310
1445	14470
2017	4658
770	9315
786	9317
1795	6195
2771	12509
3218	6936
4041	5166
1035	4332
3027	9323
849	4602
1501	9326
1614	5590
3502	14484
654	5994
3131	11268
1174	7048
1297	9334
1495	9336
3746	9338
159	9340
2847	5388
3927	9343
1150	6527
2929	14498
1536	9348
460	6215
2021	4658
3412	9351
2805	5688
3836	4908
1238	9355
3615	9357
1010	4584
3025	6625
367	5487
655	5601
1747	9362
3305	8879
3493	9365
1123	4870
118	4958
954	8747
2211	9370
3833	7619
3323	5135
4114	9374
2029	4588
1815	4968
1877	9378
1736	5628
1813	4178
2058	5066
1045	14528
3616	9384
3711	9386
1197	9388
1952	8771
461	6215
2015	4658
1634	4652
2343	5906
869	9393
1378	4312
1643	9396
2759	5714
3298	11767
119	4958
3936	5301
2605	9401
1236	9403
192	9405
2647	11572
566	4674
1889	9409
59	14552
73	5953
2763	4550
3620	9414
4128	9416
223	9418
4021	9420
2547	5223
3827	6043
491	9424
3118	4360
188	9427
1153	13102
2166	13960
1804	5311
2735	4716
3534	9433
2173	9435
1138	4786
609	6613
2055	4276
90	4344
235	7001
2426	4190
3743	14575
1943	4496
2807	5688
1181	6786
2365	4692
996	9445
2965	9447
3674	11733
244	7217
1799	6195
1900	4248
2969	9451
4044	5166
3193	6409
2556	5823
197	14587
365	5487
3964	9457
3220	4758
2552	9460
2778	6165
904	7300
4109	9464
2677	11503
43	6641
1868	9468
3958	9470
3612	9472
862	14604
2381	10651
1362	10884
35	4604
142	9478
2997	9480
3253	4714
347	6702
3945	9484
969	14613
1638	5592
2707	7185
6	4414
544	9491
2198	9493
1888	9409
2987	9495
2350	14622
2822	5508
789	4472
658	5459
4090	9502
1117	4436
4100	14630
1651	6012
2846	5388
688	9508
3527	9510
695	9512
3709	9514
1306	5424
2791	13641
3932	4306
1247	4606
560	9519
4111	14644
4159	6280
690	9008
2746	4240
1558	14649
3092	9528
542	9530
1734	6471
715	5070
3663	9534
750	14657
1067	9538
2083	14661
2221	4384
321	5985
1204	9543
806	9545
4009	7965
1865	9548
2788	4476
1376	4312
4117	9550
1245	9552
2148	9554
3748	7014
3879	4728
617	9558
1959	4364
2162	14679
2512	7808
248	6237
2701	11986
24	4216
120	4958
1261	4932
406	7589
41	4964
2525	5499
3088	5278
4133	9569
42	4964
1358	10884
2144	9571
1825	4532
1189	9574
169	9576
1729	5690
1964	11874
3631	14696
4064	9581
2093	14699
2515	9123
2852	14701
3007	6621
616	9587
2650	9589
3442	9591
861	14709
2231	4950
3887	5657
415	9597
3438	9599
1557	8708
3731	9602
291	8108
1843	14719
3815	9606
1937	14722
1403	7764
46	9611
2313	5243
997	14727
2349	14729
1065	5076
1874	9619
3951	14734
4012	9145
2660	13425
741	9624
2084	4686
196	9627
3548	8777
2282	9630
299	9632
2794	4700
2935	9635
3847	4224
3287	14747
2170	14749
3221	4758
876	9642
2970	9644
4125	14754
341	9648
324	7673
1345	9651
1288	5790
753	9654
2061	5066
3059	9656
3418	9658
3736	14766
479	9662
3521	4444
363	4800
1110	4274
3246	9667
2981	14773
3031	14775
979	9673
2920	9675
1741	6617
1805	5311
1675	9678
2581	9680
1059	9682
48	9684
2585	9686
1410	6350
995	9689
1607	5590
3644	14791
685	14793
3016	8238
1647	9695
2402	4766
1405	7812
412	9699
2990	9701
1994	4342
524	9703
2421	4190
2623	14803
3283	9707
3455	8781
4072	6753
1018	10858
2116	9140
3153	14810
1079	9713
3636	9715
991	9717
3969	9047
1446	9720
3799	9722
3819	6315
2222	4384
2521	4226
601	14821
3854	5151
1036	4952
585	9730
1624	4652
2460	7356
2718	10603
1957	4364
3044	14828
3846	4224
3883	7641
798	5655
3542	4310
621	9739
1255	14835
410	14837
1713	9745
592	9747
518	7369
1407	6350
3259	9750
2543	4656
1995	4342
2444	5100
1130	4566
3117	10611
2691	13193
318	5985
3666	7259
322	7673
2044	4588
3141	4590
3159	14848
3245	11286
2519	6356
929	9760
2569	14854
429	9764
3391	9766
315	7830
871	9769
1173	9771
2696	7664
3250	6377
589	9775
874	9777
3362	9779
1198	9781
2960	7007
3911	6790
379	12334
1086	9786
2310	14873
329	6728
1195	14876
1996	4342
1142	7017
596	8334
2825	14881
3367	5852
2238	9798
703	9800
2523	14886
2833	4246
2679	14889
777	5221
509	5343
3292	14893
3518	9809
2033	4588
1927	6302
1800	5311
3047	9814
31	9816
1875	9818
2224	4384
1752	6464
817	14908
2119	14910
774	8117
2314	5243
3161	6615
3946	9828
533	9830
2702	14918
1977	5642
1441	7613
2039	4588
635	9835
1535	9837
289	8108
2921	9840
880	9842
3237	6383
2191	9845
908	9847
3149	4474
3211	6182
896	4176
808	9852
3349	9854
1322	9856
4142	9858
772	9860
734	14942
2338	6174
3728	4878
4089	9865
2654	14948
2972	9869
1	4414
3224	4758
3550	4704
3873	5161
1242	9875
1391	5862
1851	5104
1042	9879
2351	9881
2736	4716
2975	9884
675	14964
1844	14966
1328	5129
963	9890
1853	14971
2631	9894
3586	9896
3354	14977
4011	7965
204	4432
440	9902
1341	5307
2570	14984
3573	14986
3814	9909
1239	9911
1694	7277
1831	11194
627	9260
3470	14993
2112	5648
2939	9919
2835	4246
4134	9921
3888	5657
1278	7985
2247	9925
2839	15002
65	4424
2777	10924
1396	11819
3514	15007
3264	4290
1592	9933
3564	6934
3200	5272
2520	6356
3519	9809
1147	9037
3656	4482
1642	9396
883	9941
1566	15019
211	9945
1948	15022
2867	15024
3852	4218
1758	10999
3724	9952
587	9954
162	9956
2555	5823
1665	15034
1603	5590
1471	15037
3434	9964
1041	9879
893	9966
3243	4468
824	9969
2731	6569
3208	5550
723	5153
1532	9974
2516	9976
3197	6409
2386	6439
3316	4372
712	8231
3979	9982
3973	9984
4094	9986
283	5022
3896	9989
1447	15059
30	4508
2629	15062
4131	9996
3275	5750
3908	6790
4153	15067
57	10001
2938	10003
767	10005
4115	10007
3950	15074
2177	10011
449	5520
1951	15078
2109	10015
3795	8079
1773	8318
855	5746
3179	4610
3448	5997
3661	9534
3701	10023
1687	15088
3974	8361
2151	10028
1636	4652
1216	10031
512	5343
1095	15095
2571	10035
2430	5684
1081	10038
1146	9037
2228	7129
3271	10041
3461	7116
2903	5667
2667	15105
1433	10047
1476	15108
1570	10051
3341	10053
1308	10055
1946	7296
2025	4588
3282	15115
1082	10059
229	5420
2727	4860
3339	5395
724	10064
1470	15122
4137	15124
2263	10070
3623	5716
607	10073
199	10075
693	15132
4048	10079
210	10081
3269	5305
1504	10084
3463	10086
1559	10088
330	6728
1898	4248
126	10091
71	5953
1134	4786
1966	9087
3570	4892
2004	4462
3662	9534
2056	4276
4049	10079
351	4810
2539	4656
3685	15153
2079	4824
2603	10104
359	4800
1678	6765
3178	11414
3892	5359
423	10109
3516	6046
2100	5570
2341	4254
2992	10113
1363	10884
2914	10116
4000	8168
623	15168
3853	5151
462	10122
312	8821
1572	5566
425	10126
418	10128
3494	10130
645	4624
3011	6111
2958	10134
36	4604
1861	10137
967	10139
985	6686
1914	6890
3675	5921
2708	13697
3866	5788
108	15189
395	10148
2606	10150
1963	4990
3427	10153
833	10155
3078	11301
216	10158
3753	10160
3428	15200
1484	15202
397	10165
456	15205
333	6728
1258	10169
3138	4278
2608	4688
1184	5575
2284	10174
156	8405
2743	4240
1361	4748
3786	10178
2264	10180
562	4674
1730	8791
1454	10184
4104	10186
2088	11189
3120	4360
4055	4840
1749	10191
915	10193
3702	10195
1367	5568
1099	5094
1369	5908
3433	10200
3778	10202
1635	4652
1645	5756
3168	4548
1644	5756
2200	15241
224	9418
296	6581
2273	10210
2592	10212
2829	10214
3697	10216
2406	6134
3818	6315
1858	5808
708	7480
822	10222
951	15259
1001	5172
1451	10226
3365	5852
28	4508
4174	10228
3737	15264
2176	10232
1248	10234
2744	4240
739	15268
1314	10238
454	10240
2789	4476
1256	15273
2334	6444
3112	15276
245	7217
1430	15279
1488	15281
3572	15283
3585	15285
3965	10255
277	15288
342	8125
3360	11729
3734	10261
2	4414
2795	4700
3966	10264
2978	10266
1723	10268
68	5953
626	10270
3148	4474
1199	15299
1330	7770
1310	10275
649	10277
961	10279
615	10281
1165	10283
1523	15308
1936	10287
1581	10289
1609	5590
2369	6394
1450	10226
2359	10292
3914	8162
2096	10295
2387	6439
3235	6383
60	15317
2934	4886
3909	6790
2363	4692
2687	12324
1934	10302
973	15324
1429	15279
3344	6788
999	10307
1400	5159
3835	7619
2090	6375
3100	6548
887	15333
840	10314
1917	4910
575	10317
1143	7017
349	6702
1249	10320
3301	15341
510	5343
661	10324
975	15344
2943	10328
1063	10330
2188	10332
1121	4436
1452	10335
2700	6248
2370	12669
125	4958
3359	15353
2651	9589
3495	10341
1120	4436
1187	7591
2299	10344
3639	8149
2966	10347
3990	5979
3999	8168
1809	5311
2462	7356
2192	10351
2459	4816
443	10354
1788	4346
1058	15370
3062	15372
4173	15374
3610	10363
4	4414
172	10365
1309	10367
920	10369
3432	10371
2066	6121
1334	8887
1897	4248
2720	4860
2768	14381
1956	4364
215	10377
4121	10379
2028	4588
1317	10381
3232	4586
3340	10384
15	4216
2655	12706
2582	10388
3072	7816
2395	4828
2563	15399
4157	10393
2549	7140
1895	4248
375	5710
2916	6167
174	15405
3766	10400
554	10402
1080	15409
12	4216
2652	9589
519	5201
1179	6786
3124	5288
3370	5274
3828	4596
3575	7867
3528	9510
3398	10413
3871	10415
201	10417
370	5710
1475	15422
2899	10677
3288	10422
3646	10424
1664	15428
2618	10428
2438	4750
1315	10431
3358	5659
844	6844
2931	15437
3823	6043
145	10438
3787	15441
3429	10442
663	4284
1768	6144
2613	7066
1802	5311
3436	8860
606	8114
4031	10449
1194	10451
417	9256
3547	4310
3533	8968
2573	10456
2474	5564
2752	4280
1899	4248
2673	15459
2283	10461
2297	6320
1464	15463
1894	4248
2872	15465
1615	5590
1299	10468
2504	6824
2371	6086
1662	15470
1672	10474
25	7340
648	10277
3672	10477
1136	4786
4151	10479
3791	4852
252	15478
482	15480
1872	10486
2832	4246
