2825	7199
6882	7201
187	7203
239	7205
2743	7207
5213	7209
6058	7211
540	7213
624	7215
2035	7217
2336	7219
4527	7221
845	7223
3259	7225
129	7227
1757	7229
2077	7217
2374	7231
2696	7233
3195	7235
948	7237
2156	7239
5818	7241
6023	7243
1145	7245
2605	7247
5451	7249
6999	7251
1413	7253
2384	7231
5809	7255
6501	7257
7122	7259
1113	7261
3053	7263
3904	7265
6806	7267
1395	7269
4653	7271
801	7273
1795	7275
2517	7277
2917	7279
4220	7281
5833	7283
942	7237
1215	7285
5577	7287
5739	7289
3723	7291
4876	7293
6878	7201
5883	7295
5927	7297
6344	7299
6720	7301
2185	7303
6321	7305
7009	7307
1624	7309
5994	7311
6858	7313
945	7237
1259	7315
3479	7317
4082	7319
4457	7321
5518	7323
5874	7295
231	7325
7066	7327
4770	7329
5261	7331
2392	7231
5517	7323
7022	7307
2678	7333
3459	7317
5455	7249
165	7335
568	7337
4128	7339
4670	7341
4972	7343
5286	7345
797	7273
1487	7347
1493	7347
1911	7349
2918	7279
5079	7351
2159	7239
2900	7353
4520	7221
4893	7355
1754	7229
2640	7357
3945	7359
4353	7361
4540	7221
4750	7329
3182	7363
4827	7365
4973	7343
5892	7295
11	7367
2275	7369
3980	7371
6197	7373
6363	7375
6848	7377
265	7379
1266	7315
1551	7381
2572	7383
4263	7385
4719	7387
5680	7389
7169	7391
5206	7209
5398	7393
6540	7395
7123	7259
2245	7369
3011	7397
4336	7399
5134	7401
5507	7323
5889	7295
6900	7403
6954	7405
1623	7309
2647	7357
3436	7407
3776	7409
4095	7411
4178	7413
5043	7415
3144	7417
3607	7419
4625	7421
1494	7347
1495	7347
1580	7423
6709	7301
7084	7327
939	7237
2970	7425
5078	7351
5716	7427
6784	7429
810	7431
6602	7433
6833	7435
5085	7351
6027	7243
6365	7375
1433	7437
2464	7439
4748	7329
897	7441
1340	7443
1611	7445
3146	7417
3970	7371
694	7447
1964	7349
4254	7385
4249	7385
6055	7449
7138	7451
908	7453
2247	7369
4247	7385
6152	7455
765	7457
2177	7303
2372	7231
4683	7341
4271	7385
41	7459
1470	7347
1672	7461
2620	7463
2948	7465
3433	7407
471	7467
1013	7469
3853	7471
5259	7331
6622	7473
7133	7451
572	7337
2045	7217
2441	7475
4491	7477
4590	7479
5114	7401
3905	7265
3923	7481
3984	7371
5335	7483
5420	7485
5506	7323
6527	7395
1689	7487
2383	7231
3010	7397
3217	7235
3793	7489
4615	7491
5063	7493
3689	7495
5862	7295
6339	7299
6935	7497
208	7499
1822	7275
3113	7501
5462	7249
6800	7267
6807	7267
6832	7435
7069	7327
1368	7503
2862	7505
5961	7507
806	7509
1820	7275
2348	7219
4389	7511
5771	7513
6285	7515
6487	7257
6972	7517
994	7519
4338	7399
2839	7521
3079	7523
3761	7525
4774	7329
6918	7527
1673	7461
1907	7349
3685	7495
3978	7371
4070	7529
4519	7221
539	7213
1687	7487
2872	7505
6223	7531
6577	7533
6986	7535
1467	7347
1803	7275
3137	7537
5328	7483
3299	7539
4886	7541
5624	7543
1482	7347
2691	7233
3463	7317
4067	7529
1186	7545
1471	7347
2068	7217
5718	7427
6274	7547
1371	7503
139	7549
3084	7551
5997	7311
77	7553
1649	7555
3663	7557
4257	7385
7065	7327
6785	7429
480	7559
986	7519
4186	7413
5262	7331
5666	7561
442	7563
1360	7565
1488	7347
3712	7291
3882	7567
3953	7569
5265	7331
5309	7571
6598	7433
2752	7207
4828	7365
5458	7249
6923	7527
2180	7303
4219	7281
4501	7221
4981	7343
5523	7323
3267	7573
5574	7287
1406	7575
3014	7397
3106	7501
3215	7235
5890	7295
131	7227
2263	7369
2571	7383
2953	7465
3050	7263
3856	7471
7136	7451
1459	7347
5425	7577
173	7579
1796	7275
4906	7581
4948	7583
2429	7475
3468	7317
4768	7329
357	7585
382	7587
560	7337
4667	7341
6529	7395
1246	7589
3212	7235
5649	7591
722	7593
745	7595
2506	7277
4708	7387
3398	7597
3846	7599
1486	7347
3604	7419
5136	7401
6252	7601
1917	7349
2509	7277
2947	7465
4270	7385
5399	7393
5963	7507
7149	7603
34	7605
3418	7607
3730	7291
3838	7609
3854	7471
6657	7611
6786	7429
285	7613
545	7337
1736	7615
4175	7413
375	7587
944	7237
3944	7359
5524	7323
5880	7295
6225	7531
6677	7611
1049	7617
3678	7495
5512	7323
6656	7611
7152	7603
1732	7615
3658	7619
6370	7375
6940	7497
7080	7327
1743	7621
2082	7217
1303	7623
2076	7217
5930	7297
6134	7625
6478	7257
6971	7517
293	7627
1629	7309
4328	7629
6719	7301
212	7631
516	7633
561	7337
4397	7511
5784	7513
123	7635
347	7637
1652	7555
3476	7317
4440	7321
6226	7531
1078	7639
1212	7285
3176	7363
1116	7261
5019	7641
1766	7229
4264	7385
5219	7209
5376	7643
5984	7645
700	7447
3810	7647
4161	7649
5178	7651
470	7467
1239	7653
4676	7341
6722	7301
1260	7315
2257	7369
221	7655
1481	7347
3903	7265
6596	7433
67	7657
238	7205
3881	7567
4654	7271
5742	7289
5926	7297
6575	7533
3811	7647
5212	7209
6180	7659
7083	7327
3092	7551
3884	7567
5481	7661
553	7337
1758	7229
2186	7303
3877	7567
3986	7371
5217	7209
4238	7663
5081	7351
6766	7665
3570	7667
5556	7669
6380	7375
650	7671
1768	7229
3029	7673
4490	7477
5062	7493
5087	7351
5372	7643
3078	7523
1763	7229
1959	7349
2269	7369
3519	7675
4447	7321
5588	7287
93	7677
98	7677
3108	7501
4399	7511
5035	7679
5092	7351
22	7681
1760	7229
2988	7683
3285	7685
5460	7249
5708	7427
5714	7427
6632	7473
409	7687
2379	7231
2661	7689
447	7563
1274	7315
1306	7623
2822	7199
6996	7251
1380	7691
5979	7645
6464	7693
5018	7641
6082	7695
6666	7611
1017	7469
1576	7423
4865	7697
630	7215
1721	7699
2525	7277
4769	7329
1716	7699
2030	7217
6633	7473
426	7701
1626	7309
3197	7235
4674	7341
6776	7703
554	7337
1804	7275
4518	7221
6105	7705
546	7337
5992	7311
6448	7707
7165	7391
1178	7709
5548	7669
6623	7473
1369	7503
1908	7349
1949	7349
2461	7439
5832	7283
717	7711
1628	7309
4313	7713
4485	7477
7026	7307
444	7563
2736	7207
2745	7207
3531	7715
4649	7271
5020	7641
919	7717
1756	7229
3518	7675
3887	7567
4340	7399
5127	7401
6227	7531
6415	7719
1458	7347
3261	7225
4192	7413
3885	7567
5090	7351
1860	7721
5437	7723
6051	7725
7105	7727
1018	7469
1916	7349
2761	7207
2897	7353
3444	7407
4680	7341
1217	7285
1457	7347
5545	7669
1550	7381
3924	7481
4713	7387
6625	7473
1497	7347
1713	7699
1912	7349
3610	7419
4949	7583
7164	7391
2075	7217
3103	7501
3694	7495
3718	7291
3994	7371
4524	7221
4759	7329
5013	7641
5734	7289
6003	7311
385	7587
1691	7487
160	7729
2209	7731
4628	7421
6412	7719
54	7733
743	7595
844	7223
1152	7245
3983	7371
771	7457
3605	7419
4385	7511
4756	7329
5121	7401
5778	7513
190	7735
4964	7343
6662	7611
693	7447
1452	7347
1906	7349
4455	7321
4158	7649
5433	7737
5550	7669
4921	7739
7120	7259
2214	7731
4596	7479
6500	7257
579	7337
6355	7375
7139	7451
3159	7741
4623	7421
5203	7209
5287	7345
1096	7743
2190	7303
2240	7369
3409	7607
5216	7209
6354	7375
445	7563
2679	7333
3521	7675
6933	7497
10	7367
3987	7371
5928	7297
1248	7589
1396	7269
2189	7303
2437	7475
3750	7745
4651	7271
4967	7343
7184	7747
3086	7551
4717	7387
6193	7373
378	7587
1009	7749
1717	7699
2757	7207
4386	7511
4946	7583
5093	7351
6674	7611
79	7553
1117	7261
1588	7751
4516	7221
4517	7221
5585	7287
1442	7753
5254	7331
5885	7295
6883	7201
493	7755
1426	7757
2505	7277
5371	7643
5983	7645
6087	7695
6899	7403
1465	7347
4588	7479
469	7467
4968	7343
5995	7311
6792	7759
253	7761
1686	7487
4137	7339
6939	7497
6979	7535
2342	7219
3972	7371
5012	7641
12	7367
28	7763
1890	7765
2901	7353
3317	7767
736	7769
1937	7349
2088	7217
2751	7207
3539	7771
3691	7495
7140	7451
1381	7691
3827	7773
4617	7491
6126	7775
947	7237
1463	7347
2567	7383
4777	7329
5653	7591
5785	7513
6172	7777
2491	7779
5349	7781
6139	7625
863	7223
3055	7263
3601	7419
4829	7365
5251	7331
481	7559
941	7237
1752	7229
1888	7765
2215	7731
5698	7783
5849	7785
350	7637
4164	7649
6292	7787
263	7789
3855	7471
1630	7309
7071	7327
800	7273
4511	7221
5183	7651
5980	7645
7168	7391
678	7791
2278	7369
4396	7511
4847	7793
5379	7643
269	7795
1024	7469
1344	7443
4537	7221
6970	7517
2667	7797
3992	7371
5690	7799
989	7519
2861	7505
4767	7329
5119	7401
5835	7283
6117	7801
1965	7349
2710	7207
3419	7607
5122	7401
3847	7599
4831	7365
5586	7287
1681	7803
1714	7699
3716	7291
5214	7209
6340	7299
1119	7261
3878	7567
4121	7339
6206	7531
6288	7787
7150	7603
3773	7409
6619	7473
621	7215
3324	7805
6810	7267
6951	7405
333	7807
1769	7229
2212	7731
2396	7231
2975	7425
4521	7221
4960	7343
5400	7393
5587	7287
1794	7275
2069	7217
2072	7217
2823	7199
3265	7573
4237	7663
5775	7513
6483	7257
94	7677
257	7809
685	7811
943	7237
2062	7217
4903	7581
2430	7475
2758	7207
910	7453
1924	7349
2439	7475
3974	7371
5937	7297
6211	7531
2395	7231
3322	7805
3412	7607
5017	7641
3219	7235
4039	7813
4312	7713
6779	7703
477	7559
794	7815
2483	7779
2733	7207
3415	7607
3472	7317
4715	7387
6073	7817
1492	7347
1750	7229
3361	7819
4163	7649
6278	7821
6758	7823
7187	7747
2255	7369
6748	7825
1909	7349
2238	7369
6477	7257
842	7223
987	7519
1337	7443
2508	7277
6273	7547
2689	7233
3254	7827
5478	7661
6168	7777
1341	7443
2646	7357
3362	7819
4778	7329
4811	7829
625	7215
2087	7217
2513	7277
6129	7775
6465	7693
43	7459
3211	7235
3260	7225
4122	7339
5132	7401
1326	7831
2986	7683
3859	7471
3932	7833
4123	7339
5250	7331
5654	7591
1806	7275
3353	7835
4261	7385
5553	7669
6481	7257
3201	7235
3996	7371
5508	7323
5521	7323
6192	7373
380	7587
2929	7279
3323	7805
6773	7837
220	7655
1886	7765
2063	7217
4179	7413
3326	7805
4652	7271
4982	7343
6665	7611
6834	7435
760	7839
6717	7301
766	7457
915	7841
171	7579
1149	7245
1273	7315
2675	7333
3155	7741
4488	7477
5253	7331
5738	7289
6217	7531
273	7843
1366	7503
2569	7383
2726	7207
5623	7543
629	7215
2442	7475
2734	7207
3012	7397
3671	7845
5248	7331
5741	7289
6835	7435
7106	7727
2575	7383
4083	7319
5138	7401
1270	7315
2715	7207
2756	7207
4589	7479
726	7593
2753	7207
3063	7847
3209	7235
4626	7421
198	7849
2721	7207
4236	7663
4360	7851
6224	7531
6536	7395
2732	7207
6300	7853
1154	7245
4513	7221
5333	7483
7046	7855
808	7431
5378	7643
5764	7857
6310	7859
4458	7321
335	7807
1556	7381
1800	7275
3636	7861
4502	7221
5315	7571
5514	7323
6361	7375
6917	7527
286	7613
495	7755
1089	7743
1198	7545
2281	7369
2463	7439
3680	7495
6220	7531
6983	7535
1048	7617
2032	7217
2332	7219
196	7849
348	7637
1179	7709
1479	7347
1707	7863
3152	7741
1477	7347
1706	7863
1919	7349
5482	7661
6113	7865
569	7337
5967	7507
6763	7867
178	7869
559	7337
1496	7347
2521	7277
4080	7319
984	7519
3107	7501
4930	7739
5583	7287
2158	7239
2394	7231
2577	7383
3378	7871
4068	7529
7121	7259
1864	7721
1921	7349
2578	7383
1966	7349
2187	7303
2708	7207
2848	7521
4106	7411
4859	7873
327	7875
483	7559
631	7215
1249	7589
1416	7253
4716	7387
4945	7583
1305	7623
1690	7487
2604	7247
5014	7641
5929	7297
6119	7801
6620	7473
291	7877
565	7337
1231	7879
1915	7349
895	7441
3034	7673
153	7881
654	7671
679	7791
3399	7597
3414	7607
1263	7315
1346	7443
2343	7219
4928	7739
5088	7351
5479	7661
6490	7257
6560	7533
6936	7497
3389	7883
4345	7885
6533	7395
6873	7201
6874	7201
7160	7391
781	7887
1819	7275
4924	7739
2680	7333
2749	7207
3861	7471
5175	7651
5179	7651
5571	7287
6156	7455
6599	7433
299	7889
2057	7217
3637	7861
259	7891
271	7843
772	7457
1234	7879
3826	7773
4522	7221
959	7237
3943	7359
6137	7625
1008	7749
1298	7623
2512	7277
2529	7277
3713	7291
7050	7855
36	7605
2754	7207
4215	7281
468	7467
1147	7245
3305	7893
724	7593
2600	7247
2873	7505
6562	7533
6973	7517
958	7237
1590	7751
3480	7317
4214	7281
6829	7435
755	7895
2389	7231
6089	7695
6280	7821
230	7325
247	7897
4762	7329
5076	7351
6024	7243
1007	7749
1041	7899
2074	7217
2597	7247
2838	7521
3483	7317
3725	7291
4980	7343
5184	7651
5306	7571
6219	7531
6876	7201
166	7335
684	7811
5330	7483
2524	7277
2924	7279
3679	7495
4079	7319
6934	7497
443	7563
626	7215
1733	7615
3127	7901
3413	7607
5308	7571
7163	7391
358	7585
1076	7639
2928	7279
6802	7267
6953	7405
2531	7277
2846	7521
5120	7401
6906	7403
1939	7349
6182	7659
6445	7707
6846	7377
7021	7307
721	7593
1613	7445
4882	7541
6205	7531
509	7903
2339	7219
5350	7781
6432	7905
42	7459
1586	7751
5289	7345
6488	7257
6857	7313
544	7337
1466	7347
2271	7369
3278	7907
7162	7391
1441	7753
2760	7207
5848	7785
181	7909
5112	7401
6411	7719
521	7911
725	7593
2270	7369
3657	7619
3873	7567
1115	7261
2064	7217
2896	7353
3388	7883
4976	7343
5205	7209
6414	7719
1070	7913
3178	7363
4857	7873
954	7237
1058	7915
2737	7207
4587	7479
4638	7917
6757	7823
737	7769
1213	7285
1415	7253
2387	7231
2919	7279
3033	7673
6787	7429
925	7919
1345	7443
6078	7695
4131	7339
6213	7531
6980	7535
2987	7683
5803	7255
6364	7375
887	7921
2037	7217
3467	7317
3770	7409
3806	7647
4135	7339
5240	7923
1073	7925
4376	7927
5358	7781
6072	7817
6368	7375
1734	7615
4000	7371
5130	7401
6253	7601
3154	7741
5779	7513
6416	7719
6676	7611
1793	7275
2341	7219
3727	7291
3956	7569
78	7553
985	7519
3379	7871
3726	7291
3911	7929
3132	7931
6195	7373
108	7933
564	7337
2036	7217
2080	7217
3179	7363
5884	7295
6002	7311
1019	7469
5405	7393
5968	7507
768	7457
3364	7819
3470	7317
6151	7455
7020	7307
503	7935
2755	7207
2874	7505
3968	7371
4671	7341
2860	7505
4947	7583
5876	7295
4352	7361
6418	7719
6904	7403
3860	7471
3880	7567
4395	7511
687	7811
1700	7937
4710	7387
5772	7513
5941	7297
1461	7347
2274	7369
2740	7207
5931	7297
157	7939
3102	7501
5355	7781
5675	7941
57	7733
698	7447
991	7519
1612	7445
3220	7235
3538	7771
3824	7773
5419	7485
5685	7943
3341	7945
4665	7341
5765	7857
5819	7241
7051	7855
573	7337
940	7237
1887	7765
5422	7947
446	7563
656	7671
2188	7303
3401	7597
5046	7415
6712	7301
7010	7307
2658	7689
2676	7333
6958	7405
1264	7315
3360	7819
5745	7289
3834	7609
4673	7341
5551	7669
1863	7721
2633	7949
2876	7505
1715	7699
4650	7271
6714	7301
7024	7307
326	7875
1554	7381
4162	7649
6831	7435
1651	7555
1955	7349
6154	7455
1873	7951
1938	7349
2181	7303
2344	7219
3572	7667
5187	7651
6074	7817
317	7953
1197	7545
5622	7543
8	7367
24	7681
1742	7621
6153	7455
6618	7473
6875	7201
1124	7261
2386	7231
2440	7475
2579	7383
5594	7287
6376	7375
6629	7473
1232	7879
1276	7315
1397	7269
3533	7715
5348	7781
387	7587
3778	7409
6301	7853
1143	7245
1598	7955
5293	7345
5575	7287
6136	7625
2061	7217
2747	7207
3136	7537
5089	7351
5115	7401
5497	7957
6268	7959
1343	7443
2034	7217
3390	7883
4739	7961
5736	7289
1489	7347
3174	7363
3556	7963
4256	7385
5143	7401
5646	7591
1798	7275
4387	7511
6489	7257
1664	7965
2826	7199
6984	7535
531	7967
3363	7819
6257	7601
6369	7375
761	7839
4961	7343
6328	7305
6434	7905
2644	7357
5336	7483
6718	7301
1633	7309
1767	7229
555	7337
1918	7349
1952	7349
3879	7567
5691	7799
6362	7375
6621	7473
2246	7369
3729	7291
5935	7297
628	7215
1607	7445
1808	7275
3180	7363
3198	7235
217	7969
1329	7831
1561	7381
2241	7369
4451	7321
6603	7433
6746	7825
1077	7639
1578	7423
2534	7277
2956	7465
5457	7249
5834	7283
1065	7971
2927	7279
4821	7365
580	7337
1483	7347
5842	7785
632	7215
1075	7639
3922	7481
1764	7229
2253	7369
3001	7973
3553	7963
6704	7301
7118	7259
1879	7951
2530	7277
4823	7365
562	7337
1922	7349
2868	7505
5291	7345
3151	7741
52	7733
2258	7369
3589	7975
4866	7697
6708	7301
1118	7261
2160	7239
3109	7501
3252	7827
5707	7427
6799	7267
6959	7405
180	7909
785	7887
3173	7363
5886	7295
379	7587
834	7977
4970	7343
5133	7401
5593	7287
2824	7199
97	7677
189	7735
5407	7393
6671	7611
4216	7281
2492	7779
5516	7323
6352	7375
1802	7275
2260	7369
3814	7647
1945	7349
2998	7973
2999	7973
3333	7979
5628	7543
6006	7311
852	7223
3276	7907
4707	7387
6041	7981
818	7983
1562	7381
3836	7609
4627	7421
5480	7661
6495	7257
914	7841
3200	7235
3769	7409
4319	7713
1310	7623
2067	7217
2574	7383
6064	7985
1414	7253
2391	7231
4885	7541
6166	7777
6183	7659
172	7579
2053	7217
2643	7357
4860	7873
6210	7531
6056	7449
7054	7855
431	7701
652	7671
907	7453
6216	7531
6367	7375
6941	7497
6985	7535
295	7627
692	7447
3082	7987
4268	7385
5578	7287
1025	7469
2254	7369
668	7989
2923	7279
3520	7675
4538	7221
4848	7793
2250	7369
4531	7221
5428	7991
5493	7993
6531	7395
4190	7413
4678	7341
6526	7395
6827	7435
6877	7201
7185	7747
1751	7229
2266	7369
2866	7505
3087	7551
3473	7317
3760	7525
4185	7413
4388	7511
6127	7775
1300	7623
2182	7303
4372	7927
4408	7511
2735	7207
4584	7479
5118	7401
6634	7473
6675	7611
7012	7307
697	7447
2955	7465
3568	7667
6528	7395
655	7671
784	7887
2184	7303
4189	7413
2875	7505
4595	7479
5851	7785
6535	7395
6847	7377
383	7587
510	7903
1069	7913
3683	7495
3876	7567
4974	7343
6436	7905
315	7953
548	7337
3067	7847
3143	7417
4738	7961
7074	7327
2628	7995
2727	7207
4962	7343
5310	7571
1817	7275
4259	7385
4613	7491
4957	7343
5334	7483
6067	7985
6745	7825
309	7997
3208	7235
2052	7217
3279	7907
3344	7945
5640	7999
7107	7727
450	7563
2219	7731
2347	7219
2904	7353
4637	7917
244	8001
1824	7275
2337	7219
5038	7679
5314	7571
5712	7427
6302	7853
5934	7297
6804	7267
1150	7245
1335	7443
3216	7235
5549	7669
2031	7217
2669	7797
3204	7235
5326	7483
1454	7347
1631	7309
4536	7221
5555	7669
7000	7251
1632	7309
5865	7295
832	7977
2282	7369
2729	7207
4535	7221
4971	7343
5288	7345
5650	7591
6995	7251
1861	7721
6375	7375
3456	7317
5940	7297
1928	7349
3054	7263
3145	7417
5208	7209
5878	7295
6222	7531
1589	7751
4875	7293
274	7843
1022	7469
3958	7569
6410	7719
1810	7275
1953	7349
2153	7239
2373	7231
2432	7475
3541	7771
6492	7257
216	7969
1269	7315
4943	7583
1472	7347
2073	7217
5188	7651
5215	7209
6777	7703
1816	7275
3910	7929
5257	7331
119	7635
828	8003
930	8005
1114	7261
1476	7347
5735	7289
833	7977
1874	7951
2377	7231
3314	7767
5668	7561
5871	7295
1923	7349
5204	7209
5743	7289
1809	7275
3857	7471
2818	7199
5679	7389
405	7687
2528	7277
4255	7385
4884	7541
695	7447
2694	7233
3592	7975
5817	7241
430	7701
1753	7229
4127	7339
6624	7473
377	7587
1192	7545
3203	7235
5456	7249
5520	7323
6721	7301
140	7549
578	7337
3569	7667
4824	7365
159	7729
5870	7295
6322	7305
213	7631
225	8007
427	7701
2570	7383
5740	7289
137	7549
229	7325
3088	7551
3135	7537
3665	7557
5176	7651
2709	7207
4714	7387
6374	7375
406	7687
504	7935
1462	7347
1893	7765
5710	7427
6759	7823
3807	7647
4272	7385
6065	7985
7167	7391
50	7733
3759	7525
3938	8009
4403	7511
4	8011
413	7687
2510	7277
5783	7513
5936	7297
6327	7305
1267	7315
2641	7357
4191	7413
5383	7643
5777	7513
5891	7295
6664	7611
6956	7405
95	7677
5218	7209
749	8013
2431	7475
2820	7199
4927	7739
6086	7695
1609	7445
3862	7471
96	7677
1875	7951
3919	8015
5823	8017
938	7237
1014	7469
1079	7639
3621	8019
4975	7343
6957	7405
308	7997
1930	7349
2739	7207
3035	7673
3089	7551
547	7337
2568	7383
6413	7719
1498	7347
4969	7343
5581	7287
6037	7981
6901	7403
566	7337
937	7237
1480	7347
6444	7707
7048	7855
1412	7253
5439	7723
4983	7343
5582	7287
7189	7747
1599	7955
2066	7217
2085	7217
2329	7219
3812	7647
6155	7455
194	8021
1156	7245
3275	7907
4484	7477
5140	7401
5868	7295
1439	7753
2984	7683
3383	8023
3792	7489
4514	7221
4826	7365
6313	7859
6658	7611
2598	7247
3935	8009
4370	7927
384	7587
113	8025
359	7585
4534	7221
2867	7505
5116	7401
6059	7211
290	7877
918	7717
2217	7731
2436	7475
2840	7521
6325	7305
6498	7257
6571	7533
1605	7445
3286	7685
3971	7371
4772	7329
5744	7289
576	7337
5424	7577
7015	7307
826	8027
1196	7545
5925	7297
2460	7439
4586	7479
3303	7893
5260	7331
6214	7531
6567	7533
6902	7403
2071	7217
3687	7495
6272	7547
6284	7515
342	8029
3590	7975
3644	8031
5709	7427
6859	7313
2220	7731
2333	7219
3469	7317
2381	7231
3289	7685
4104	7411
6267	7959
4049	7813
1876	7951
2817	7199
6080	7695
571	7337
5239	7923
2090	7217
3266	7573
3981	7371
4133	7339
4597	7479
6626	7473
2634	7949
3532	7715
3912	7929
4677	7341
6499	7257
6	7367
956	7237
3777	7409
2952	7465
3367	7819
4763	7329
5061	7493
6600	7433
6879	7201
1098	7743
1807	7275
2330	7219
4098	7411
4845	7793
6793	7759
672	8033
1596	7955
2157	7239
2268	7369
3580	8035
9	7367
1382	7691
3813	7647
4712	7387
892	7441
3051	7263
5080	7351
5824	8017
6497	7257
1304	7623
5241	7923
1759	7229
2438	7475
4583	7479
6417	7719
6919	7527
1095	7743
4077	7319
4958	7343
6079	7695
1468	7347
2086	7217
3684	7495
3825	7773
4812	7829
2716	7207
5135	7401
5329	7483
5966	7507
3207	7235
4105	7411
4317	7713
4401	7511
6291	7787
549	7337
2055	7217
2486	7779
5774	7513
1920	7349
1931	7349
1087	7743
3031	7673
5258	7331
5454	7249
5700	7783
6568	7533
386	7587
558	7337
7070	7327
7188	7747
2466	7439
3991	7371
56	7733
699	7447
4174	7413
4274	7385
4277	7385
7166	7391
5351	7781
2954	7465
3345	7945
3484	7317
4753	7329
6627	7473
1257	7315
5141	7401
5864	7295
6128	7775
949	7237
6494	7257
6706	7301
7117	7259
3693	7495
6574	7533
331	7807
361	7585
2433	7475
2493	7779
2533	7277
5048	7415
6938	7497
619	7215
920	7717
1140	7245
1240	7653
2526	7277
3253	7827
1387	8037
3354	7835
3973	7371
4908	7581
4925	7739
1408	7253
2902	7353
5887	7295
6060	7211
7068	7327
29	7763
482	7559
575	7337
2731	7207
3481	7317
6343	7299
1927	7349
2070	7217
2507	7277
2601	7247
2989	7683
3641	8039
4682	7341
4391	7511
4846	7793
5352	7781
1943	7349
2697	7233
3471	7317
3602	7419
4042	7813
4822	7365
5982	7645
341	8029
1153	7245
2972	7425
3006	7397
5845	7785
2459	7439
3126	7901
4096	7411
5459	7249
6309	7859
2256	7369
2331	7219
5238	7923
5375	7643
6357	7375
2049	7217
5142	7401
767	7457
2602	7247
2621	7463
6138	7625
992	7519
4758	7329
5676	7941
6803	7267
316	7953
2949	7465
4094	7411
5669	7561
2746	7207
6323	7305
2519	7277
3196	7235
4706	7387
3158	7741
6485	7257
4331	7629
6371	7375
1255	7315
3623	8019
5058	7493
5872	7295
23	7681
2576	7383
4248	7385
4448	7321
6463	7693
1961	7349
4868	7697
459	8041
2819	7199
3609	7419
4251	7385
4260	7385
6749	7825
7073	7327
552	7337
3990	7371
4895	7355
5332	7483
30	7763
1814	7275
4239	7663
1225	8043
3578	8035
537	7213
1188	7545
3720	7291
5647	7591
6431	7905
6538	7395
653	7671
1093	7743
2244	7369
4176	7413
288	8045
1016	7469
2693	7233
5866	7295
5572	7287
3638	7861
7159	7391
929	8005
2957	7465
3482	7317
3719	7291
4362	7851
5701	7783
6377	7375
1092	7743
4512	7221
3608	7419
6221	7531
7047	7855
891	7441
1155	7245
2922	7279
3210	7235
5404	7393
5692	7799
6120	7801
6255	7601
7014	7307
1895	7765
990	7519
1121	7261
2208	7731
3646	8031
6085	7695
2870	7505
3662	7557
7082	7327
2695	7233
5397	7393
769	7457
1745	7621
5077	7351
1148	7245
1342	7443
3009	7397
3886	7567
6102	7705
4614	7491
5036	7679
7077	7327
228	7325
2207	7731
4894	7355
6341	7299
2243	7369
3288	7685
3416	7607
410	7687
3284	7685
5869	7295
6040	7981
332	7807
1194	7545
1398	7269
1469	7347
5249	7331
6379	7375
2163	7239
2462	7439
4923	7739
5699	7783
130	7227
1761	7229
3315	7767
4815	7829
6491	7257
224	8007
2465	7439
4384	7511
4616	7491
1648	7555
2155	7239
5382	7643
532	7967
3681	7495
3751	7745
4525	7221
4761	7329
7134	7451
702	7447
3161	7741
952	7237
1926	7349
2666	7797
3016	7397
3954	7569
4081	7319
6191	7373
1892	7765
1932	7349
2618	7463
3068	7847
4539	7221
7072	7327
363	7585
2375	7231
2443	7475
3213	7235
3457	7317
4591	7479
5117	7401
5651	7591
5939	7297
6955	7405
1450	7347
4773	7329
5381	7643
6446	7707
1144	7245
2283	7369
4907	7581
853	7223
1791	7275
5686	7943
5965	7507
318	7953
3921	7481
4358	7851
7049	7855
2262	7369
6081	7695
563	7337
1262	7315
657	7671
1191	7545
1625	7309
1862	7721
3486	7317
3015	7397
4754	7329
5546	7669
6617	7473
1245	7589
1925	7349
4044	7813
7161	7391
3809	7647
3995	7371
4926	7739
55	7733
1389	8037
1910	7349
1944	7349
6029	7243
6916	7527
1708	7863
1646	7555
3652	8047
3753	7745
3982	7371
4646	7271
5461	7249
3111	7501
3304	7893
3728	7291
4737	7961
92	7677
618	7215
4177	7413
4276	7385
519	7911
1142	7245
2060	7217
5236	7923
13	7367
236	7205
492	7755
723	7593
2520	7277
5644	7591
272	7843
1577	7423
4084	7319
6573	7533
149	8049
2759	7207
6088	7695
6157	7455
1942	7349
4125	7339
6597	7433
1560	7381
4218	7281
5592	7287
6659	7611
6805	7267
5933	7297
950	7237
3586	7975
5591	7287
3218	7235
4100	7411
5255	7331
6372	7375
756	7895
5401	7393
6028	7243
7183	7747
1050	7617
1792	7275
4136	7339
5186	7651
6170	7777
6920	7527
5126	7401
5139	7401
5515	7323
6828	7435
6905	7403
6673	7611
2728	7207
3858	7471
6329	7305
4506	7221
5554	7669
622	7215
3104	7501
1755	7229
2264	7369
3402	7597
3772	7409
5356	7781
7008	7307
1308	7623
4766	7329
5056	7493
843	7223
4181	7413
1226	8043
1735	7615
2687	7233
3205	7235
4825	7365
3967	7371
4002	7371
4529	7221
4922	7739
5307	7571
799	7273
1158	7245
1334	7443
3439	7407
4188	7413
4515	7221
2639	7357
5373	7643
727	7593
1388	8037
3795	7489
6630	7473
6778	7703
3475	7317
3791	7489
5681	7389
2211	7731
2489	7779
3038	7673
3540	7771
4664	7341
2864	7505
3410	7607
6026	7243
462	8041
6443	7707
4404	7511
676	7791
1597	7955
2376	7231
2903	7353
5621	7543
6765	7665
5313	7571
6111	7865
5498	7957
2039	7217
5445	8051
283	8053
3458	7317
4441	7321
329	8055
3342	7945
5737	7289
3105	7501
4443	7321
4977	7343
167	7335
849	7223
4394	7511
4400	7511
4504	7221
6982	7535
716	7711
1020	7469
1484	7347
3037	7673
3206	7235
4444	7321
5773	7513
822	8057
1411	7253
3392	7883
3724	7291
4339	7399
5938	7297
53	7733
251	7761
3110	7501
5552	7669
7076	7327
1440	7753
4134	7339
2056	7217
3465	7317
3581	8035
4483	7477
4487	7477
4919	7739
5209	7209
2388	7231
3156	7741
3202	7235
3464	7317
3474	7317
3477	7317
5311	7571
5584	7287
3848	7599
4905	7581
1967	7349
2470	7439
2518	7277
5806	7255
6001	7311
2983	7683
3916	8059
4752	7329
5867	7295
5969	7507
829	8003
3529	7715
5638	7999
6442	7707
372	7587
1878	7951
2261	7369
4489	7477
6479	7257
1051	7617
1187	7545
1473	7347
2046	7217
2267	7369
3408	7607
4508	7221
5123	7401
6141	7625
6326	7305
449	7563
847	7223
1933	7349
3624	8019
5645	7591
6570	7533
356	7585
4063	8061
5991	7311
6480	7257
432	7701
1744	7621
6669	7611
6678	7611
6713	7301
142	7549
1662	7965
1670	7461
3400	7597
648	7671
1123	7261
1361	7565
6541	7395
184	8063
5022	7641
5841	7785
6266	7959
1913	7349
6256	7601
2054	7217
4062	8061
4182	7413
5924	7297
4048	7813
7019	7307
496	7755
1224	8043
2748	7207
5084	7351
850	7223
3052	7263
3365	7819
4711	7387
6809	7267
3160	7741
4217	7281
4450	7321
6981	7535
1247	7589
4061	8061
854	7223
2724	7207
3688	7495
4503	7221
6672	7611
1241	7653
2047	7217
2599	7247
3032	7673
3300	7539
4097	7411
5620	7543
5847	7785
7108	7727
122	7635
953	7237
3837	7609
4046	7813
6289	7787
824	8065
1718	7699
4126	7339
5488	8067
491	7755
2722	7207
5086	7351
1815	7275
2218	7731
114	8025
4533	7221
5091	7351
5781	7513
5879	7295
627	7215
2511	7277
3343	7945
3587	7975
993	7519
1063	7971
1685	7487
4212	7281
4375	7927
4624	7421
6048	8069
896	7441
4966	7343
5357	7781
6534	7395
1146	7245
5377	7643
121	7635
2280	7369
4315	7713
6711	7301
2399	7231
6112	7865
6311	7859
815	8071
2730	7207
3993	7371
5996	7311
6561	7533
1125	7261
1941	7349
2398	7231
4406	7511
6850	7377
7075	7327
2265	7369
3411	7607
3998	7371
4159	7649
4830	7365
5011	7641
5431	7737
2865	7505
2869	7505
3366	7819
4357	7851
6880	7201
141	7549
1403	8073
2213	7731
3368	7819
6661	7611
1456	7347
1894	7765
2629	7995
3925	7481
2738	7207
3462	7317
4639	7917
6703	7301
2619	7463
3008	7397
5406	7393
6860	7313
4183	7413
5125	7401
6460	7693
530	7967
1665	7965
2468	7439
2527	7277
4356	7851
5519	7323
83	7553
1478	7347
3153	7741
6969	7517
478	7559
1157	7245
1272	7315
2974	7425
3310	8075
3332	7979
4668	7341
6616	7473
1464	7347
3290	7685
3542	7771
4640	7917
5576	7287
5763	7857
6308	7859
2725	7207
6903	7403
3325	7805
6419	7719
1370	7503
2385	7231
2617	7463
6356	7375
2378	7231
3277	7907
6856	7313
82	7553
3339	7945
5137	7401
6000	7311
1328	7831
4883	7541
1960	7349
6215	7531
7186	7747
4909	7581
6312	7859
6486	7257
523	7911
1587	7751
1491	7347
6038	7981
6530	7395
200	7849
300	7889
4252	7385
4740	7961
5181	7651
5403	7393
5547	7669
115	8025
1813	7275
2048	7217
3645	8031
3763	7525
3874	7567
6258	7601
3543	7771
550	7337
1720	7699
2485	7779
4041	7813
1088	7743
3091	7551
3485	7317
3794	7489
4530	7221
5625	7543
69	7657
1699	7937
2038	7217
3622	8019
4510	7221
4813	7829
6849	7377
1799	7275
3552	7963
3947	7359
4963	7343
6279	7821
70	7657
266	7379
1610	7445
6663	7611
3664	7557
1877	7951
2720	7207
3269	7573
3937	8009
6228	7531
1475	7347
5444	8051
3391	7883
649	7671
2252	7369
4393	7511
5082	7351
6715	7301
894	7441
2040	7217
3069	7847
4329	7629
2717	7207
3442	7407
5964	7507
1680	7803
2692	7233
3551	7963
4132	7339
4452	7321
4929	7739
6576	7533
3357	8077
5573	7287
1428	7757
1453	7347
3030	7673
3125	7901
4585	7479
71	7657
408	7687
928	8005
1367	7503
2535	7277
4267	7385
4314	7713
4775	7329
1258	7315
3588	7975
6196	7373
6572	7533
1811	7275
2216	7731
2390	7231
4157	7649
4398	7511
4523	7221
305	8079
151	7881
5873	7295
6767	7665
1190	7545
4594	7479
448	7563
798	7273
1474	7347
2242	7369
237	7205
1390	8037
2580	7383
5380	7643
5888	7295
6171	7777
7025	7307
7137	7451
1271	7315
2843	7521
461	8041
4849	7793
1557	7381
3268	7573
783	7887
4262	7385
4505	7221
5674	7941
132	7227
1307	7623
2239	7369
1559	7381
1821	7275
2043	7217
6884	7201
751	8013
2516	7277
3632	8081
5825	8017
6190	7373
3085	7551
152	7881
1455	7347
1555	7381
551	7337
786	7887
860	7223
1091	7743
5064	7493
7170	7391
3571	7667
3955	7569
6565	7533
6667	7611
2081	7217
5065	7493
770	7457
1047	7617
2382	7231
3796	7489
4160	7649
5044	7415
862	7223
2083	7217
2435	7475
3762	7525
1443	7753
2490	7779
2816	7199
5782	7513
6104	7705
3417	7607
5500	7957
955	7237
1790	7275
3138	7537
3989	7371
5083	7351
1818	7275
3036	7673
109	7933
1195	7545
4099	7411
5294	7345
80	7553
1327	7831
3977	7371
3193	7235
5846	7785
314	7953
3642	8039
4771	7329
909	7453
957	7237
2742	7207
5128	7401
6025	7243
6342	7299
750	8013
2349	7219
4877	7293
6140	7625
6307	7859
6830	7435
814	8071
2276	7369
2659	7689
6921	7527
3656	7619
3931	7833
4437	7321
120	7635
809	7431
1336	7443
2079	7217
5331	7483
5998	7311
848	7223
2899	7353
6898	7403
2273	7369
2845	7521
3287	7685
4233	7663
3653	8047
4405	7511
4442	7321
5353	7781
4507	7221
4718	7387
6459	7693
6461	7693
2393	7231
4156	7649
6194	7373
1823	7275
6863	7313
411	7687
1309	7623
2397	7231
3672	7845
4269	7385
4959	7343
5747	7289
51	7733
1181	7709
6353	7375
138	7549
2532	7277
2930	7279
5711	7427
7109	7727
1097	7743
2044	7217
5626	7543
5713	7427
1805	7275
2744	7207
5648	7591
5882	7295
279	8083
1151	7245
2951	7465
4187	7413
4747	7329
5266	7331
6167	7777
1265	7315
1865	7721
2371	7231
2522	7277
2714	7207
5826	8017
6482	7257
1126	7261
1216	7285
2154	7239
2259	7369
4679	7341
5037	7679
6066	7985
6373	7375
2982	7683
4180	7413
4709	7387
6772	7837
557	7337
1311	7623
1935	7349
1940	7349
3774	7409
5570	7287
1180	7709
1606	7445
6631	7473
1765	7229
2162	7239
3090	7551
3670	7845
3717	7291
4103	7411
4124	7339
5182	7651
5719	7427
538	7213
5060	7493
7078	7327
3835	7609
3976	7371
5875	7295
6359	7375
312	7953
4250	7385
2645	7357
2711	7207
2842	7521
4265	7385
5513	7323
7081	7327
3969	7371
6458	7693
6668	7611
425	7701
1080	7639
2712	7207
3377	7871
3620	8019
4409	7511
5544	7669
7067	7327
2059	7217
5256	7331
479	7559
1122	7261
2084	7217
2161	7239
6290	7787
44	7459
186	7203
890	7441
2050	7217
3936	8009
6563	7533
6106	7705
6604	7433
674	8085
2206	7731
4359	7851
4371	7927
4666	7341
4904	7581
5843	7785
161	7729
623	7215
3647	8031
4221	7281
4901	7581
5844	7785
4076	7319
2627	7995
3438	7407
6794	7759
2251	7369
4449	7321
7053	7855
1339	7443
2345	7219
6366	7375
304	8079
2042	7217
2205	7731
2340	7219
2971	7425
5667	7561
5960	7507
6937	7497
1193	7545
4528	7221
5034	7679
5113	7401
5511	7323
505	7935
936	7237
1026	7469
2078	7217
4439	7321
206	7499
428	7701
2985	7683
3028	7673
3959	7569
4078	7319
4402	7511
412	7687
1086	7743
1299	7623
4045	7813
4390	7511
4541	7221
6710	7301
6747	7825
1866	7721
2204	7731
6811	7267
793	7815
2210	7731
2484	7779
2713	7207
4047	7813
574	7337
2595	7247
5717	7427
429	7701
2514	7277
5290	7345
1948	7349
4760	7329
1404	8073
1957	7349
3309	8075
4965	7343
5881	7295
3435	7407
3839	7609
1671	7461
5715	7427
6208	7531
49	7733
835	7977
4526	7221
3172	7363
6409	7719
6435	7905
7016	7307
7017	7307
362	7585
2841	7521
2871	7505
4456	7321
35	7605
1891	7765
4040	7813
4446	7321
4735	7961
4765	7329
1929	7349
3460	7317
3434	7407
3443	7407
3631	8081
6881	7201
4681	7341
4749	7329
1021	7469
4347	7885
6378	7375
819	7983
4892	7355
5015	7641
5693	7799
6360	7375
1090	7743
6324	7305
6601	7433
1956	7349
3214	7235
4592	7479
4672	7341
6484	7257
7013	7307
2272	7369
3997	7371
6705	7301
2051	7217
2346	7219
3437	7407
4130	7339
4374	7927
6358	7375
570	7337
1046	7617
1701	7937
3466	7317
4318	7713
5016	7641
3999	7371
4944	7583
5452	7249
6169	7777
7151	7603
522	7911
2642	7357
5706	7427
5993	7311
6496	7257
81	7553
651	7671
931	8005
1627	7309
3112	7501
3563	8087
3630	8081
4235	7663
6447	7707
7079	7327
334	7807
381	7587
1688	7487
2921	7279
2946	7465
4814	7829
5804	7255
1301	7623
3384	8023
3441	7407
5805	7255
2338	7219
4532	7221
5776	7513
294	7627
2334	7219
3461	7317
5292	7345
5402	7393
6209	7531
3478	7317
5432	7737
7	7367
2719	7207
3007	7397
3065	7847
4486	7477
5185	7651
6135	7625
4330	7629
5639	7999
6433	7905
6783	7429
107	7933
2523	7277
3714	7291
5312	7571
6628	7473
1141	7245
1214	7285
3673	7845
3775	7409
1434	7437
6181	7659
6493	7257
2183	7303
4979	7343
5786	7513
5932	7297
2065	7217
2677	7333
2690	7233
4764	7329
346	7637
2950	7465
3013	7397
4445	7321
6605	7433
6998	7251
33	7605
667	7989
3771	7409
5589	7287
7110	7727
923	7919
5780	7513
6537	7395
6862	7313
2249	7369
2380	7231
2925	7279
5590	7287
376	7587
5580	7287
738	7769
3334	7979
5177	7651
5877	7295
1268	7315
1275	7315
4757	7329
5210	7209
5850	7785
6569	7533
3715	7291
4184	7413
4858	7873
5045	7415
6539	7395
6716	7301
1889	7765
2638	7357
3251	7827
5766	7857
1579	7423
1947	7349
2898	7353
261	8089
1064	7971
1362	7565
1499	7347
1951	7349
4373	7927
1372	7503
2847	7521
2877	7505
6084	7695
349	7637
460	8041
1647	7555
1410	7253
1719	7699
2248	7369
3979	7371
4273	7385
5124	7401
6660	7611
1	8091
714	7711
946	7237
1451	7347
2660	7689
4636	7917
5627	7543
846	7223
1261	7315
6861	7313
556	7337
856	7223
951	7237
1958	7349
2603	7247
3752	7745
5492	7993
6118	7801
7052	7855
2089	7217
5047	7415
6707	7301
2091	7217
3066	7847
3554	7963
1552	7381
5510	7323
6449	7707
1302	7623
1460	7347
5450	7249
5463	7249
5652	7591
280	8083
858	7223
7055	7855
677	7791
1432	7437
246	7897
520	7911
861	7223
4275	7385
6184	7659
6872	7201
4266	7385
4920	7739
3591	7975
4593	7479
1650	7555
1946	7349
3808	7647
4075	7319
1490	7347
1934	7349
3579	8035
3957	7569
2487	7779
4392	7511
1427	7757
1801	7275
3564	8087
744	7595
886	7921
3175	7363
5207	7209
373	7587
3985	7371
4453	7321
1797	7275
2573	7383
4316	7713
6004	7311
620	7215
2179	7303
2596	7247
3199	7235
3440	7407
3603	7419
924	7919
2033	7217
4346	7885
6212	7531
3340	7945
4776	7329
5509	7323
5808	7255
6052	7725
2488	7779
3316	7767
3975	7371
6103	7705
511	7903
3181	7363
3358	8077
4361	7851
5831	7283
5981	7645
252	7761
1558	7381
2905	7353
3555	7963
4213	7281
5999	7311
2178	7303
2723	7207
4454	7321
4669	7341
5237	7923
7124	7259
686	7811
5059	7493
851	7223
859	7223
2718	7207
4253	7385
7119	7259
701	7447
1608	7445
6564	7533
388	7587
2515	7277
6808	7267
1962	7349
5440	7723
5522	7323
5746	7289
197	7849
360	7585
467	7467
782	7887
1189	7545
3828	7773
4407	7511
4647	7271
6039	7981
983	7519
2688	7233
2821	7199
3194	7235
4069	7529
4234	7663
4844	7793
6207	7531
7153	7603
3000	7973
3682	7495
5374	7643
7135	7451
1023	7469
2277	7369
1645	7555
2434	7475
4648	7271
6826	7435
494	7755
1015	7469
1553	7381
2041	7217
2058	7217
3692	7495
4101	7411
4278	7385
4978	7343
3522	7675
4755	7329
5453	7249
857	7223
1712	7699
3883	7567
5807	7255
6047	8069
1094	7743
1256	7315
1438	7753
2844	7521
7182	7747
199	7849
715	7711
2973	7425
3157	7741
3530	7715
3946	7359
4869	7697
6299	7853
6922	7527
1120	7261
5327	7483
6083	7695
1059	7915
1409	7253
1762	7229
1963	7349
4736	7961
5211	7209
68	7657
207	7499
696	7447
4258	7385
5263	7331
7011	7307
2335	7219
3064	7847
3690	7495
4001	7371
4129	7339
4438	7321
4902	7581
5021	7641
3875	7567
988	7519
1914	7349
3721	7291
855	7223
1042	7899
4337	7399
4436	7321
5438	7723
6952	7405
374	7587
4751	7329
5962	7507
6635	7473
4102	7411
4043	7813
4881	7541
759	7839
1812	7275
3797	7489
5579	7287
6801	7267
3131	7931
3722	7291
5252	7331
6542	7395
2750	7207
2920	7279
2926	7279
3902	7265
4675	7341
6723	7301
414	7687
567	7337
3221	7235
5489	8067
6566	7533
529	7967
6997	7251
1233	7879
2164	7239
6744	7825
177	7869
313	7953
577	7337
1057	7915
2863	7505
5129	7401
5295	7345
5863	7295
508	7903
1674	7461
4684	7341
5354	7781
893	7441
2467	7439
2469	7439
6218	7531
407	7687
4509	7221
5131	7401
5446	8051
841	7223
2279	7369
7023	7307
735	7769
1338	7443
2741	7207
5180	7651
1485	7347
4705	7387
5057	7493
5264	7331
6670	7611
1936	7349
1954	7349
3177	7363
4867	7697
6462	7693
6466	7693
2668	7797
3606	7419
3988	7371
6005	7311
6254	7601
6532	7395
1663	7965
1950	7349
3686	7495
3790	7489
5499	7957
3557	7963
7018	7307
588	7337
2168	7239
3224	7235
4201	7413
1993	7349
2196	7303
2856	7521
4380	7927
6161	7455
25	7681
748	7595
2129	7217
4140	7339
4721	7387
5855	7785
5950	7297
7086	7327
3166	7741
4355	7361
6476	7693
741	7769
5466	7249
7060	7855
2299	7369
3757	7745
5173	7401
600	7337
3566	8087
3619	7419
4019	7371
4246	7663
1038	7469
1054	7617
2636	7949
3894	7567
3900	7567
6512	7257
6275	7547
338	7807
2112	7217
4552	7221
5026	7641
5607	7287
5958	7297
5972	7507
6583	7533
1901	7765
2364	7219
3513	7317
3965	7569
66	7733
1709	7863
2175	7239
4988	7343
5759	7289
5948	7297
1658	7555
3842	7609
4598	7479
6116	7865
7004	7251
1108	7743
7126	7259
1785	7229
4169	7649
4209	7413
1676	7461
4144	7339
4878	7293
5657	7591
5754	7289
2624	7463
6697	7611
401	7587
3077	7847
3262	7225
3867	7471
5540	7323
1099	7743
5470	7249
6770	7665
3395	7883
6236	7531
643	7215
1355	7443
1695	7487
5910	7295
2608	7247
5096	7351
6388	7375
6438	7905
670	7989
1103	7743
1203	7545
2298	7369
2916	7353
3639	7861
5267	7331
487	7559
3500	7317
4634	7421
4915	7581
971	7237
1847	7275
4466	7321
5730	7427
932	8005
2322	7369
4426	7511
4482	7321
4560	7221
5614	7287
72	7657
4832	7365
6991	7535
101	7677
6909	7403
592	7337
1974	7349
3803	7489
4423	7511
5801	7513
1081	7639
2566	7277
2673	7797
6468	7693
6825	7267
1541	7347
2367	7219
2706	7233
4688	7341
5655	7591
5727	7427
543	7213
1987	7349
2363	7219
4307	7385
4470	7321
282	8083
3675	7845
5637	7543
6511	7257
6702	7611
683	7791
975	7237
2773	7207
4694	7341
4952	7583
5195	7651
6142	7625
2123	7217
2401	7231
2834	7199
5158	7401
6234	7531
6650	7473
2855	7521
4871	7697
5757	7289
5895	7295
6752	7825
1622	7445
2833	7199
4332	7629
6689	7611
268	7379
1431	7757
3128	7901
5166	7401
5987	7645
641	7215
2969	7465
3780	7409
5947	7297
7096	7327
396	7587
5413	7393
6109	7705
6124	7801
6506	7257
1084	7639
3781	7409
2366	7219
2967	7465
3170	7741
5618	7287
658	7671
663	7671
666	7671
1535	7347
6441	7905
5662	7591
1546	7347
3307	7893
3805	7489
4011	7371
4580	7221
2911	7353
4006	7371
5271	7331
3248	7235
1999	7349
3600	7975
4984	7343
3312	8075
4498	7477
5276	7331
5443	7723
2411	7231
355	7637
437	7701
3920	8015
4557	7221
4843	7365
6944	7497
298	7627
607	7337
640	7215
1417	7253
1639	7309
2150	7217
4114	7411
6701	7611
1583	7423
4295	7385
5010	7343
502	7755
598	7337
4862	7873
5153	7401
5749	7289
6550	7395
26	7681
147	7549
3245	7235
5053	7415
6579	7533
980	7237
5110	7351
3327	7805
4629	7421
4940	7739
5318	7571
6454	7707
2791	7207
3547	7771
4430	7511
5148	7401
6061	7211
6930	7527
195	8021
258	7809
1996	7349
2131	7217
2793	7207
3666	7557
3739	7291
3898	7567
6520	7257
872	7223
2193	7303
4050	7813
4563	7221
5695	7799
1971	7349
2606	7247
4153	7339
4782	7329
5815	7255
4791	7329
5068	7493
5227	7209
5606	7287
6559	7395
6868	7313
163	7729
981	7237
2452	7475
4287	7385
4853	7793
5283	7331
728	7593
978	7237
1789	7229
3094	7551
5861	7785
7040	7307
1872	7721
3528	7675
3896	7567
6853	7377
89	7553
235	7325
645	7215
1348	7443
1437	7437
2444	7475
4322	7713
6070	7985
6507	7257
127	7635
1419	7253
2130	7217
7195	7747
787	7887
1898	7765
2295	7369
2762	7207
3651	8031
6764	7867
3	8091
117	8025
174	7579
3742	7291
1447	7753
1738	7615
7100	7327
1970	7349
2106	7217
3095	7551
3565	8087
4301	7385
6427	7719
6470	7693
488	7559
961	7237
1032	7469
1424	7253
1977	7349
2360	7219
4840	7365
5728	7427
210	7499
3228	7235
4020	7371
4325	7713
4550	7221
6143	7625
6471	7693
2809	7207
6966	7405
803	7273
1004	7519
6964	7405
1835	7275
4435	7511
6508	7257
2310	7369
2827	7199
5906	7295
5986	7645
6695	7611
3374	7819
3493	7317
5629	7543
5664	7591
2235	7731
4349	7885
4364	7851
6771	7665
583	7337
4687	7341
6294	7787
6684	7611
1840	7275
4030	7371
4424	7511
7094	7327
1347	7443
2563	7277
3292	7685
1182	7709
3737	7291
5225	7209
2400	7231
3243	7235
4703	7341
5341	7483
5957	7297
1405	8073
3615	7419
3942	8009
4366	7851
4745	7961
1444	7753
4610	7479
5160	7401
192	7735
2976	7425
3782	7409
4729	7387
4932	7739
5075	7493
2301	7369
2554	7277
6319	7859
1219	7285
1998	7349
3731	7291
5813	7255
1102	7743
1849	7275
1990	7349
2100	7217
2637	7949
5149	7401
1973	7349
5602	7287
6819	7267
866	7223
4786	7329
5111	7351
5198	7651
5724	7427
5828	8017
5918	7295
6582	7533
2670	7797
3350	7945
3454	7407
1621	7445
4910	7581
5920	7295
6333	7305
739	7769
1979	7349
2198	7303
2320	7369
3185	7363
3516	7317
6338	7305
6612	7433
711	7447
979	7237
1511	7347
4779	7329
5632	7543
5802	7513
4291	7385
84	7553
484	7559
1101	7743
5722	7427
3654	8047
5414	7393
5434	7737
2325	7369
4089	7319
6742	7301
3934	7833
4806	7329
6854	7377
2140	7217
5154	7401
840	7977
1392	8037
2222	7731
6756	7825
1530	7347
2122	7217
4434	7511
6760	7823
4241	7663
6820	7267
1358	7443
3101	7551
5822	7241
2783	7207
5359	7781
6384	7375
2416	7231
2908	7353
3783	7409
4686	7341
4837	7365
6755	7825
6870	7313
306	8079
4197	7413
4618	7491
836	7977
1159	7245
2583	7383
3301	7539
125	7635
4286	7385
514	7903
795	7815
3352	7945
1110	7743
1206	7545
1364	7565
5169	7401
5908	7295
593	7337
1184	7709
1373	7503
2169	7239
671	7989
3356	7835
4720	7387
7178	7391
1868	7721
2451	7475
2625	7463
2813	7207
3420	7607
675	8085
1207	7545
4320	7713
5560	7669
5903	7295
2888	7505
6457	7707
3426	7607
6975	7517
2145	7217
3708	7495
6700	7611
6730	7301
1034	7469
5604	7287
6132	7775
881	7223
1533	7347
1544	7347
2778	7207
3743	7291
4053	7813
682	7791
4794	7329
5247	7923
6173	7777
1637	7309
3258	7827
5505	7957
7158	7603
3779	7409
5107	7351
2651	7357
2653	7357
87	7553
1747	7621
3799	7489
972	7237
5274	7331
6681	7611
1235	7879
1508	7347
3042	7673
3747	7291
5663	7591
5755	7289
6473	7693
6841	7435
1052	7617
2166	7239
2309	7369
3017	7397
3313	8075
4916	7581
5347	7483
5395	7643
807	7509
3021	7397
3380	7871
6148	7625
2656	7357
4805	7329
4850	7793
4936	7739
6159	7455
7002	7251
2191	7303
2546	7277
4899	7355
6950	7497
451	7563
1163	7245
3142	7537
3892	7567
5597	7287
5532	7323
709	7447
4064	8061
5902	7295
1045	7899
1846	7275
1855	7275
4570	7221
6125	7801
2408	7231
2800	7207
5956	7297
6247	7531
287	7613
5483	7661
5526	7323
1839	7275
1991	7349
4088	7319
5894	7295
6988	7535
76	7657
1737	7615
3045	7673
105	7677
276	7843
1132	7261
3018	7397
301	7889
2858	7521
2966	7465
5150	7401
6865	7313
5	8011
1900	7765
2892	7505
3559	7963
2202	7303
2994	7683
6817	7267
1222	7285
3832	7773
4381	7927
5636	7543
6160	7455
3655	8047
1170	7245
3711	7495
4343	7399
5032	7641
6320	7859
6472	7693
1011	7749
2151	7217
5192	7651
7148	7451
5561	7669
533	7967
585	7337
3297	7685
3338	7979
6293	7787
4294	7385
179	7869
2101	7217
3733	7291
5942	7297
740	7769
1061	7915
2093	7217
2851	7521
3044	7673
4014	7371
4283	7385
6097	7695
1221	7285
1614	7445
2018	7349
2497	7779
3584	8035
6297	7787
2887	7505
3371	7819
3650	8031
4562	7221
5487	7661
2474	7439
1320	7623
4699	7341
6692	7611
145	7549
5789	7513
6910	7403
74	7657
660	7671
664	7671
3148	7417
5362	7781
6688	7611
2663	7689
5535	7323
7180	7391
746	7595
754	8013
1085	7639
1391	8037
1832	7275
3740	7291
5040	7679
5953	7297
144	7549
1253	7589
5914	7295
1324	7623
3427	7607
5279	7331
3046	7673
3056	7263
3241	7235
5277	7331
1281	7315
1516	7347
2195	7303
5031	7641
6502	7257
1173	7245
1384	7691
1501	7347
2321	7369
2705	7233
4292	7385
5197	7651
366	7585
3497	7317
3863	7471
5342	7483
5770	7857
6145	7625
1585	7423
2835	7199
4368	7851
7155	7603
4310	7385
6515	7257
2005	7349
6010	7311
4031	7371
6731	7301
260	7891
633	7215
2293	7369
4057	7813
6925	7527
3558	7963
5792	7513
6399	7375
6423	7719
3187	7363
5146	7401
6926	7527
1642	7309
4581	7221
6556	7395
706	7447
882	7223
3962	7569
4150	7339
4477	7321
1000	7519
4662	7271
5688	7943
614	7337
1421	7253
2857	7521
3099	7551
4619	7491
5233	7209
345	8029
638	7215
5601	7287
3244	7235
4807	7329
5343	7483
6796	7759
820	7983
2960	7465
5323	7571
1056	7617
2121	7217
3534	7715
5559	7669
6107	7705
6270	7959
3282	7907
3376	7819
4086	7319
4600	7479
4954	7583
5094	7351
5720	7427
1782	7229
5756	7289
6043	7981
3281	7907
5904	7295
6978	7517
6610	7433
591	7337
789	7887
2114	7217
2118	7217
330	8055
1001	7519
2119	7217
5389	7643
2473	7439
3517	7317
4795	7329
5029	7641
5411	7393
6871	7313
823	8057
3488	7317
4279	7385
5144	7401
2894	7505
3707	7495
4861	7873
6761	7823
2420	7231
18	7367
297	7627
1237	7879
1603	7955
1684	7803
4199	7413
5598	7287
6611	7433
512	7903
2004	7349
3899	7567
4554	7221
6241	7531
1130	7261
5004	7343
6337	7305
1425	7253
6165	7455
3913	7929
5201	7651
1174	7245
2128	7217
2765	7207
4701	7341
5222	7209
5285	7331
5364	7781
6867	7313
1534	7347
1982	7349
2424	7231
5477	7249
1135	7261
2450	7475
5305	7345
1175	7245
4173	7649
4464	7321
6108	7705
6121	7801
2017	7349
5952	7297
6754	7825
3233	7235
3735	7291
4009	7371
4917	7581
7098	7327
5616	7287
1027	7469
2457	7475
2500	7779
3598	7975
3616	7419
7036	7307
368	7585
6549	7395
6838	7435
970	7237
2993	7683
4896	7355
1774	7229
3005	7973
3649	8031
5723	7427
636	7215
998	7519
1227	8043
3429	7607
3706	7495
421	7687
1352	7443
4852	7793
7030	7307
507	7935
1315	7623
3283	7907
3895	7567
5467	7249
5859	7785
6147	7625
240	7205
2702	7233
4299	7385
47	7459
2684	7333
5041	7679
839	7977
960	7237
4203	7413
7044	7307
613	7337
2992	7683
3449	7407
4008	7371
773	7457
1749	7621
1837	7275
6686	7611
3020	7397
6404	7375
6732	7301
1127	7261
3625	8019
4479	7321
4542	7221
5156	7401
5985	7645
7085	7327
222	7655
353	7637
2446	7475
2895	7505
3163	7741
4004	7371
6298	7787
6504	7257
440	7701
1997	7349
2173	7239
3043	7673
6420	7719
234	7325
704	7447
3915	7929
5476	7249
6655	7473
1702	7937
2886	7505
7157	7603
4555	7221
6406	7375
6751	7825
747	7595
1171	7245
4195	7413
5300	7345
1725	7699
3425	7607
5052	7415
6737	7301
1399	7269
1972	7349
4151	7339
3190	7363
3698	7495
4428	7511
6007	7311
281	8083
1280	7315
1584	7423
4298	7385
4431	7511
6840	7435
7113	7727
2538	7277
3524	7675
3821	7647
5145	7401
5162	7401
6694	7611
1138	7261
2104	7217
4696	7341
703	7447
969	7237
1354	7443
4797	7329
456	7563
2589	7383
899	7441
1401	7269
3498	7317
3949	7359
4085	7319
4296	7385
2113	7217
4418	7511
4468	7321
5543	7323
4573	7221
963	7237
2792	7207
6455	7707
307	8079
2421	7231
6437	7905
6843	7435
7130	7259
1295	7315
5501	7957
6158	7455
7034	7307
710	7447
3890	7567
4138	7339
2503	7779
2590	7383
5275	7331
542	7213
884	7223
1030	7469
1545	7347
2980	7425
3308	7893
3695	7495
3830	7773
5733	7427
2779	7207
4327	7713
4354	7361
6075	7817
6094	7695
4034	7371
4109	7411
7154	7603
2405	7231
4605	7479
6592	7533
4842	7365
5528	7323
1136	7261
4230	7281
1162	7245
3545	7771
5284	7331
635	7215
996	7519
2011	7349
2943	7279
3831	7773
4051	7813
5610	7287
6306	7853
719	7711
2448	7475
3121	7501
3964	7569
6177	7777
6402	7375
6637	7473
7043	7307
1526	7347
4208	7413
4500	7477
4611	7479
6008	7311
499	7755
1703	7937
1724	7699
2551	7277
3446	7407
4194	7413
729	7593
2315	7369
2417	7231
2478	7439
4607	7479
455	7563
1289	7315
1978	7349
2582	7383
3929	7481
6781	7703
7171	7391
777	7457
4728	7387
6946	7497
1903	7765
3096	7551
3548	7771
4492	7477
5242	7923
1278	7315
4695	7341
6031	7243
903	7441
6913	7403
2480	7439
3674	7845
6648	7473
1616	7445
3933	7833
4170	7649
5599	7287
5973	7507
2961	7465
4022	7371
5795	7513
874	7223
4546	7221
4569	7221
4987	7343
6130	7775
6332	7305
31	7763
465	8041
3407	7597
4033	7371
4168	7649
2475	7439
4854	7793
742	7769
4543	7221
5299	7345
5596	7287
1210	7545
2550	7277
2854	7521
4820	7829
6932	7527
513	7903
934	8005
1570	7381
4661	7271
5436	7737
5911	7295
878	7223
5671	7561
5683	7389
6687	7611
250	7897
1109	7743
2361	7219
1500	7347
1730	7699
2284	7369
6836	7435
805	7273
3117	7501
4245	7663
370	7585
3295	7685
4036	7371
4785	7329
6558	7395
3508	7317
4577	7221
5008	7343
5243	7923
609	7337
867	7223
2944	7279
5396	7643
1356	7443
1571	7381
3369	7819
4599	7479
4300	7385
4951	7583
397	7587
3296	7685
4113	7411
336	7807
2176	7239
3701	7495
5023	7641
662	7671
1574	7381
2000	7349
2686	7333
2852	7521
4817	7829
5915	7295
1531	7347
3318	7767
4953	7583
5537	7323
1209	7545
2171	7239
6246	7531
7035	7307
1386	7691
2965	7465
5394	7643
5916	7295
6045	7981
7129	7259
1208	7545
3115	7501
1317	7623
5748	7289
6095	7695
6735	7301
7131	7259
2564	7277
3452	7407
4240	7663
4622	7491
6791	7429
2915	7353
6907	7403
734	7593
3257	7827
3635	8081
5025	7641
2542	7277
4305	7385
4475	7321
7197	7747
1161	7245
2958	7465
3502	7317
4383	7927
4935	7739
5152	7401
6553	7395
1772	7229
3242	7235
3510	7317
5002	7343
790	7887
1394	8037
1536	7347
2022	7349
3120	7501
3386	8023
454	7563
2418	7231
3599	7975
5165	7401
5630	7543
242	7205
2194	7303
3004	7973
5538	7323
6235	7531
6303	7853
6812	7267
2537	7277
3070	7847
5245	7923
5410	7393
6018	7311
433	7701
1904	7765
2914	7353
869	7223
1291	7315
1378	7503
1436	7437
2362	7219
6187	7659
1284	7315
4066	8061
4365	7851
104	7677
118	8025
3745	7291
75	7657
1202	7545
2767	7207
4800	7329
5608	7287
1549	7347
3239	7235
3448	7407
6474	7693
7088	7327
1537	7347
3291	7685
4244	7663
4574	7221
4990	7343
7003	7251
1164	7245
2406	7231
2879	7505
4874	7697
1131	7261
2025	7349
2094	7217
4143	7339
4196	7413
7056	7855
3057	7263
5659	7591
354	7637
779	7457
6578	7533
322	7953
1635	7309
3951	7359
2849	7521
5810	7255
344	8029
3022	7397
4801	7329
4856	7793
6815	7267
2313	7369
3746	7291
5273	7331
6753	7825
248	7897
1592	7751
2672	7797
3841	7609
4013	7371
4478	7321
4606	7479
616	7337
4028	7371
5051	7415
17	7367
183	7909
458	7563
1565	7381
1654	7555
4037	7371
4578	7221
5541	7323
5732	7427
106	7677
3123	7501
3329	7805
4060	7813
5790	7513
6993	7535
4015	7371
5435	7737
6844	7435
7193	7747
169	7335
3355	7835
3504	7317
4152	7339
4469	7321
4900	7355
6318	7859
501	7755
518	7633
2662	7689
2814	7207
2831	7199
3643	8039
4029	7371
2940	7279
3097	7551
3098	7551
6451	7707
3562	7963
1528	7347
1675	7461
4012	7371
6544	7395
1169	7245
3019	7397
5729	7427
6046	7981
6398	7375
485	7559
4690	7341
5660	7591
6963	7405
1825	7275
2009	7349
3549	7771
27	7681
1506	7347
6262	7601
6911	7403
3505	7317
6076	7817
871	7223
2979	7425
4007	7371
1036	7469
3026	7397
4727	7387
7038	7307
7089	7327
1006	7519
1319	7623
2591	7383
2906	7353
4985	7343
5421	7485
792	7887
2096	7217
2615	7247
3952	7359
4476	7321
6383	7375
45	7459
4608	7479
6866	7313
389	7587
392	7587
2707	7233
6295	7787
40	7605
581	7337
5758	7289
6345	7299
6855	7377
1060	7915
1568	7381
1679	7461
3396	7883
5897	7295
6201	7373
6774	7837
61	7733
1353	7443
1449	7753
3450	7407
5363	7781
5988	7645
1786	7229
2788	7207
5473	7249
6516	7257
1741	7615
2308	7369
4689	7341
5703	7783
6691	7611
4575	7221
5370	7781
2545	7277
1230	8043
2807	7207
2962	7465
4023	7371
5024	7641
6581	7533
774	7457
2092	7217
3225	7235
5917	7295
905	7441
1359	7443
2997	7683
5167	7401
5393	7643
5612	7287
6652	7473
264	7789
506	7935
1513	7347
4139	7339
4891	7541
2355	7219
3311	8075
3535	7715
15	7367
340	7807
802	7273
1254	7589
6690	7611
6739	7301
7156	7603
3424	7607
5387	7643
135	7227
870	7223
3525	7675
6895	7201
7141	7451
303	7889
418	7687
997	7519
1071	7913
1897	7765
4003	7371
4731	7387
2907	7353
4912	7581
5164	7401
5830	8017
176	7579
2652	7357
6989	7535
1002	7519
2174	7239
3700	7495
6248	7531
733	7593
1448	7753
2111	7217
2610	7247
5000	7343
827	8027
3492	7317
2477	7439
3660	7619
3909	7265
5304	7345
5856	7785
5912	7295
6892	7201
669	7989
2016	7349
5322	7571
2232	7731
2290	7369
2565	7277
2803	7207
2828	7199
4311	7385
7128	7259
3741	7291
4838	7365
615	7337
995	7519
1313	7623
3850	7599
5475	7249
3702	7495
5390	7643
6331	7305
6453	7707
3527	7675
3575	7667
4166	7649
6014	7311
6203	7373
2234	7731
4118	7411
6614	7433
1983	7349
3116	7501
3235	7235
5196	7651
6393	7375
6475	7693
6584	7533
2548	7277
3927	7481
3928	7481
4732	7387
6305	7853
6947	7497
2	8091
86	7553
1710	7863
3914	7929
4685	7341
6091	7695
6395	7375
7062	7855
32	7763
1211	7545
2811	7207
3618	7419
5840	7283
367	7585
602	7337
4556	7221
5280	7331
5899	7295
2501	7779
3027	7397
4351	7885
1659	7555
3183	7363
4226	7281
6178	7777
6231	7531
6316	7859
7142	7451
1504	7347
4549	7221
4818	7829
2556	7277
3237	7235
4429	7511
4462	7321
5633	7543
1279	7315
2942	7279
1666	7965
3321	7767
3403	7597
1620	7445
3786	7409
4228	7281
4938	7739
5101	7351
902	7441
2134	7217
2539	7277
2880	7505
3192	7363
3583	8035
3815	7647
1220	7285
2021	7349
4334	7629
4880	7293
2318	7369
4410	7511
5229	7209
5388	7643
6304	7853
1775	7229
1852	7275
2291	7369
2616	7247
2794	7207
2941	7279
3059	7263
4227	7281
5193	7651
62	7733
6647	7473
419	7687
2797	7207
4282	7385
5447	8051
6296	7787
3234	7235
5324	7571
6554	7395
2203	7303
3320	7767
3585	8035
6068	7985
6816	7267
2015	7349
2148	7217
2172	7239
2815	7207
3129	7901
4788	7329
4835	7365
5361	7781
7115	7727
1402	7269
4281	7385
4913	7581
7143	7451
1517	7347
1739	7615
1283	7315
2028	7349
2802	7207
3226	7235
4093	7319
4730	7387
6162	7455
6242	7531
439	7701
3550	7771
5793	7513
1167	7245
1593	7751
1509	7347
1981	7349
6743	7301
1200	7545
1683	7803
2133	7217
302	7889
2635	7949
6390	7375
155	7881
708	7447
1035	7469
1316	7623
1351	7443
1393	8037
1834	7275
2655	7357
4998	7343
5103	7351
6146	7625
3593	7975
4416	7511
6176	7777
6727	7301
2136	7217
3319	7767
541	7213
2649	7357
6347	7299
7090	7327
2167	7239
2612	7247
2774	7207
3818	7647
911	7453
1236	7879
2472	7439
3491	7317
4873	7697
5232	7209
6450	7707
422	7687
457	7563
490	7559
865	7223
1422	7253
2536	7277
6762	7823
2555	7277
4171	7649
5974	7507
6813	7267
1780	7229
837	7977
2319	7369
2630	7995
3640	7861
4333	7629
5951	7297
5157	7401
5536	7323
134	7227
5494	7993
5791	7513
5367	7781
2125	7217
3509	7317
4303	7385
2008	7349
3667	7557
390	7587
2285	7369
6015	7311
6682	7611
7127	7259
337	7807
1325	7623
2192	7303
2236	7731
4799	7329
5787	7513
6099	7695
6638	7473
103	7677
1201	7545
1423	7253
1988	7349
5704	7783
6035	7243
7132	7259
245	8001
3394	7883
1037	7469
1228	8043
1858	7275
2026	7349
3668	7557
4697	7341
5562	7669
6030	7243
6069	7985
6961	7405
1905	7765
6769	7665
214	7631
590	7337
249	7897
2012	7349
3703	7495
4887	7541
730	7593
2142	7217
2963	7465
4141	7339
4641	7917
5098	7351
5762	7289
7042	7307
1285	7315
3494	7317
3897	7567
4285	7385
4321	7713
2029	7349
3337	7979
3926	7481
5268	7331
5564	7669
1055	7617
3119	7501
4297	7385
4783	7329
5922	7295
6100	7695
3223	7235
4955	7583
6974	7517
2027	7349
2496	7779
6452	7707
6736	7301
3083	7987
3184	7363
3238	7235
596	7337
775	7457
825	8065
4198	7413
831	8003
5978	7507
6351	7299
2784	7207
5049	7415
5694	7799
6945	7497
974	7237
1333	7831
6150	7625
423	7687
1618	7445
2305	7369
3787	7409
3908	7265
1636	7309
2287	7369
2770	7207
3359	8077
3514	7317
4417	7511
4474	7321
933	8005
3387	8023
3507	7317
3595	7975
3865	7471
4165	7649
4200	7413
4302	7385
5812	7255
6044	7981
6251	7531
6440	7905
1518	7347
1694	7487
2648	7357
4781	7329
4796	7329
6022	7311
6726	7301
1520	7347
3122	7501
3381	7871
3382	7871
6724	7301
4996	7343
7095	7327
524	7911
6053	7725
1111	7743
2350	7219
5609	7287
6509	7257
3331	7805
4918	7581
2143	7217
4702	7341
642	7215
1160	7245
1218	7285
1314	7623
1854	7275
6456	7707
6741	7301
1653	7555
2584	7383
5005	7343
6350	7299
20	7367
1514	7347
1573	7381
5095	7351
5281	7331
5909	7295
154	7881
2199	7303
2549	7277
2981	7425
3047	7673
7033	7307
889	7921
1039	7469
5613	7287
758	7895
1376	7503
1566	7381
1640	7309
5340	7483
5474	7249
6387	7375
7093	7327
112	7933
1137	7261
2415	7231
1668	7965
3191	7363
5921	7295
6421	7719
6734	7301
201	7849
5202	7651
5303	7345
5426	7577
5619	7287
7039	7307
2481	7439
3249	7235
4547	7221
6821	7267
1726	7699
4091	7319
5643	7999
6942	7497
2428	7231
2806	7207
3002	7973
812	7431
5074	7493
6422	7719
7181	7391
168	7335
1543	7347
3271	7573
4733	7387
5569	7669
420	7687
3229	7235
6077	7817
1297	7315
5070	7493
5954	7297
612	7337
2498	7779
6200	7373
185	8063
391	7587
2231	7731
5853	7785
1243	7653
5605	7287
2001	7349
4025	7371
4564	7221
5946	7297
6929	7527
65	7733
4427	7511
4433	7511
5417	7393
2110	7217
3840	7609
4115	7411
6613	7433
1134	7261
1667	7965
4421	7511
4422	7511
5369	7781
6092	7695
6189	7659
6277	7547
3236	7235
3273	7573
5430	7991
6054	7725
753	8013
2149	7217
5282	7331
6887	7201
320	7953
1357	7443
5949	7297
1591	7751
2102	7217
1601	7955
2306	7369
898	7441
4841	7365
498	7755
1290	7315
2700	7233
3167	7741
3738	7291
6314	7859
60	7733
582	7337
757	7895
1223	7285
2447	7475
5705	7783
634	7215
1641	7309
4323	7713
2613	7247
4378	7927
6653	7473
796	7815
1288	7315
1322	7623
3800	7489
6888	7201
205	7849
352	7637
2502	7779
5429	7991
7147	7451
525	7911
2170	7239
2495	7779
2850	7521
5558	7669
6960	7405
1643	7309
2323	7369
2407	7231
4808	7329
5039	7679
5726	7427
6175	7777
146	7549
267	7379
3140	7537
4110	7411
99	7677
2312	7369
3801	7489
705	7447
3829	7773
4232	7281
982	7237
2990	7683
3255	7827
4415	7511
6237	7531
6728	7301
2328	7369
2650	7357
3966	7569
4809	7329
284	8053
2351	7219
148	7549
218	7969
1843	7275
2808	7207
193	7735
6886	7201
732	7593
2787	7207
4601	7479
4833	7365
6405	7375
6962	7405
690	7811
927	7919
1833	7275
3822	7647
5678	7941
5814	7255
6795	7759
2099	7217
3901	7567
4997	7343
6098	7695
262	8089
762	7839
2412	7231
3073	7847
5368	7781
5689	7943
296	7627
325	7953
2456	7475
6608	7433
474	7467
1770	7229
2200	7303
2409	7231
6283	7821
1005	7519
1784	7229
2623	7463
3633	8081
4621	7491
4734	7387
1377	7503
1777	7229
2772	7207
1723	7699
2354	7219
3430	7607
3626	8019
5907	7295
6243	7531
2300	7369
4897	7355
5066	7493
5656	7591
2837	7199
3629	8019
2368	7219
977	7237
1521	7347
1524	7347
2120	7217
3677	7845
4090	7319
4306	7385
5365	7781
1828	7275
5595	7287
64	7733
1012	7749
1292	7315
1856	7275
3061	7263
4425	7511
4460	7321
4571	7221
4579	7221
6282	7821
3536	7715
5302	7345
6987	7535
7028	7307
438	7701
3764	7525
3872	7471
4612	7479
5050	7415
5490	8067
6049	8069
6522	7257
3093	7551
3617	7419
2105	7217
2626	7463
2881	7505
6521	7257
603	7337
904	7441
2931	7279
4293	7385
5836	7283
435	7701
2327	7369
2937	7279
5174	7401
5163	7401
5495	7993
6789	7429
6914	7403
227	8007
278	7843
912	7453
2353	7219
5226	7209
610	7337
1330	7831
1729	7699
2445	7475
3348	7945
3422	7607
3490	7317
6615	7433
605	7337
1199	7545
2657	7357
4780	7329
7179	7391
647	7215
3582	8035
4561	7221
4633	7421
5976	7507
1602	7955
6580	7533
4005	7371
4055	7813
5502	7957
19	7367
1619	7445
2024	7349
3188	7363
3659	7619
5409	7393
203	7849
1740	7615
2585	7383
3749	7291
6428	7719
3240	7235
3393	7883
1107	7743
2019	7349
2454	7475
5072	7493
6396	7375
6780	7703
7103	7327
1547	7347
5673	7561
6543	7395
39	7605
88	7553
164	7729
637	7215
2098	7217
4242	7663
5033	7641
6062	7211
255	7761
1595	7751
2607	7247
5977	7507
535	7967
3503	7317
3512	7317
4021	7371
4072	7529
4120	7411
6244	7531
644	7215
906	7441
2020	7349
2201	7303
3499	7317
5073	7493
5412	7393
182	7909
5990	7645
6931	7527
1205	7545
5970	7507
6269	7959
486	7559
4229	7281
6391	7375
2014	7349
3788	7409
3864	7471
4991	7343
6889	7201
1323	7623
5857	7785
1969	7349
1986	7349
2013	7349
5191	7651
5338	7483
170	7335
2540	7277
3917	8059
4553	7221
4911	7581
5557	7669
6122	7801
599	7337
2426	7231
2935	7279
4864	7873
515	7903
2541	7277
594	7337
5030	7641
6738	7301
211	7499
1029	7469
1420	7253
1678	7461
2559	7277
2771	7207
2945	7279
3263	7225
4804	7329
5151	7401
5670	7561
6607	7433
143	7549
3918	8059
5147	7401
5751	7289
7029	7307
4112	7411
4642	7917
2977	7425
4872	7697
6012	7311
1771	7229
2933	7279
3843	7609
6788	7429
1502	7347
2197	7303
2614	7247
2766	7207
4545	7221
1870	7721
2229	7731
3699	7495
4092	7319
4224	7281
5408	7393
2006	7349
3489	7317
4660	7271
5542	7323
365	7585
3118	7501
3372	7819
4863	7873
5221	7209
5820	7241
6232	7531
6259	7601
6287	7515
2365	7219
3736	7291
5069	7493
6239	7531
5067	7493
5600	7287
5767	7857
2804	7207
3264	7225
7092	7327
91	7553
2139	7217
2286	7369
4787	7329
4914	7581
5752	7289
5768	7857
6021	7311
1068	7971
1332	7831
1350	7443
1572	7381
3080	7523
4604	7479
6636	7473
1183	7709
1884	7951
4379	7927
4565	7221
4724	7387
1581	7423
2117	7217
3445	7407
4870	7697
4993	7343
6401	7375
6654	7473
1503	7347
2453	7475
5811	7255
780	7457
2135	7217
4855	7793
441	7701
1043	7899
3164	7741
813	7431
4052	7813
6852	7377
4432	7511
5416	7393
5943	7297
6524	7257
7037	7307
966	7237
6013	7311
4145	7339
5172	7401
4289	7385
5684	7389
6845	7435
1826	7275
7099	7327
1538	7347
1660	7555
1773	7229
453	7563
1003	7519
3891	7567
4743	7961
5104	7351
7063	7855
175	7579
5900	7295
424	7687
1082	7639
1512	7347
2304	7369
3256	7827
6330	7305
7097	7327
2561	7277
4790	7329
5565	7669
5567	7669
1882	7951
3130	7901
6685	7611
292	7877
1851	7275
2002	7349
2137	7217
3648	8031
128	7635
2097	7217
2504	7779
3852	7599
5190	7651
2632	7995
7191	7747
3133	7931
2144	7217
2419	7231
2785	7207
4459	7321
6523	7257
204	7849
2303	7369
5246	7923
5696	7799
7111	7727
2317	7369
3351	7945
4054	7813
4889	7541
7091	7327
763	7839
1168	7245
1968	7349
4816	7829
5448	8051
1539	7347
4548	7221
371	7585
689	7811
1677	7461
3704	7495
3906	7265
4746	7961
5923	7295
1567	7381
1656	7555
2682	7333
3798	7489
6336	7305
5635	7543
5913	7295
1010	7749
1053	7617
1446	7753
5527	7323
6967	7405
7112	7727
7144	7451
328	7875
4210	7413
804	7273
1692	7487
1848	7275
1883	7951
1984	7349
5901	7295
6408	7375
681	7791
1383	7691
6110	7705
7006	7251
277	7843
343	8029
3039	7673
4496	7477
4742	7961
6897	7201
434	7701
673	8033
2934	7279
3511	7317
5821	7241
6133	7775
6260	7601
403	7587
3169	7741
3676	7845
4207	7413
4582	7221
5687	7943
6264	7601
3375	7819
5449	8051
5472	7249
3272	7573
3546	7771
3866	7471
1527	7347
1655	7555
3168	7741
4839	7365
6348	7299
136	7227
2010	7349
2978	7425
5161	7401
5504	7957
5658	7591
864	7223
2225	7731
4544	7221
4792	7329
4890	7541
5220	7209
6009	7311
6586	7533
6680	7611
394	7587
1435	7437
2482	7439
6640	7473
2108	7217
2544	7277
4645	7917
4657	7271
6587	7533
6591	7533
1871	7721
1881	7951
2007	7349
2964	7465
3869	7471
3487	7317
5097	7351
46	7459
4643	7917
6517	7257
6693	7611
2224	7731
2479	7439
5391	7643
5769	7857
2403	7231
3758	7745
4810	7329
5641	7999
589	7337
877	7223
1176	7245
6250	7531
7175	7391
2494	7779
3280	7907
5269	7331
319	7953
1312	7623
2369	7219
3515	7317
7005	7251
1638	7309
1779	7229
4167	7649
4620	7491
5615	7287
6164	7455
6595	7533
369	7585
3141	7537
3385	8023
3784	7409
5337	7483
2853	7521
3705	7495
4038	7371
4784	7329
1067	7971
1880	7951
6797	7759
1776	7229
4335	7629
5325	7571
6036	7243
7173	7391
2109	7217
5852	7785
6750	7825
3930	7481
6928	7527
6949	7497
59	7733
1379	7503
5319	7571
7001	7251
1287	7315
2812	7207
3081	7523
4148	7339
4243	7663
4288	7385
5838	7283
7102	7327
1992	7349
6547	7395
1783	7229
1899	7765
2790	7207
2932	7279
5200	7651
7192	7747
1062	7915
1129	7261
2352	7219
3397	7883
3335	7979
6839	7435
3062	7263
3767	7525
404	7587
1331	7831
962	7237
4284	7385
7114	7727
1242	7653
1244	7653
3744	7291
6204	7373
901	7441
1072	7913
2830	7199
3231	7235
7145	7451
4472	7321
4559	7221
2147	7217
4567	7221
2127	7217
2586	7383
5392	7643
517	7633
1781	7229
1838	7275
2302	7369
2884	7505
2889	7505
4344	7399
1976	7349
3870	7471
4010	7371
6649	7473
38	7605
85	7553
3611	7419
4999	7343
5054	7415
1615	7445
2370	7219
3948	7359
4602	7479
6885	7201
1788	7229
2413	7231
2665	7689
2878	7505
4950	7583
1028	7469
416	7687
1778	7229
3060	7263
4725	7387
5386	7643
6924	7527
364	7585
680	7791
4723	7387
5223	7209
6123	7801
6557	7395
7045	7307
778	7457
791	7887
466	8041
5534	7323
6790	7429
1564	7381
2776	7207
2795	7207
73	7657
1374	7503
1867	7721
2909	7353
4342	7399
6096	7695
6552	7395
1277	7315
1569	7381
3346	7945
7172	7391
3404	7597
4558	7221
6725	7301
3748	7291
606	7337
776	7457
1229	8043
1445	7753
4851	7793
6101	7695
6768	7665
1100	7743
1318	7623
2560	7277
3040	7673
1407	7575
3100	7551
4942	7739
4986	7343
6555	7395
6912	7403
2592	7383
4280	7385
4419	7511
4308	7385
4741	7961
5829	8017
6609	7433
718	7711
1705	7937
2891	7505
3432	7607
4420	7511
5484	7661
6439	7905
3561	7963
3710	7495
3849	7599
1250	7589
1995	7349
3889	7567
4989	7343
6385	7375
7007	7251
5971	7507
6334	7305
1844	7275
5171	7401
3960	7569
6641	7473
5945	7297
6594	7533
6644	7473
452	7563
2314	7369
2455	7475
3328	7805
3613	7419
4551	7221
6346	7299
188	7203
1251	7589
4635	7421
2449	7475
3423	7607
1294	7315
3732	7291
4056	7813
6017	7311
6245	7531
5159	7401
6093	7695
7176	7391
976	7237
1133	7261
2996	7683
6229	7531
1830	7275
2296	7369
2781	7207
5529	7323
6386	7375
6908	7403
215	7631
601	7337
2227	7731
4107	7411
4147	7339
6696	7611
63	7733
463	8041
5297	7345
5896	7295
6698	7611
587	7337
2674	7797
2780	7207
3851	7599
4744	7961
4789	7329
5672	7561
156	7881
4480	7321
1282	7315
1363	7565
2294	7369
5321	7571
6822	7267
1286	7315
1563	7381
2326	7369
3274	7573
4411	7511
5468	7249
5858	7785
6198	7373
6851	7377
219	7969
2311	7369
2557	7277
2939	7279
3820	7647
5682	7389
926	7919
5750	7289
191	7735
1515	7347
2782	7207
4016	7371
5001	7343
133	7227
752	8013
5753	7289
5839	7283
1831	7275
5317	7571
209	7499
2107	7217
3833	7773
3907	7265
4659	7271
4802	7329
1594	7751
398	7587
586	7337
1542	7347
1693	7487
3150	7417
3421	7607
3697	7495
150	8049
400	7587
489	7559
935	8005
1731	7699
2593	7383
3139	7537
5301	7345
6646	7473
913	7453
3576	7667
16	7367
6090	7695
3373	7819
5486	7661
1532	7347
4412	7511
5794	7513
712	7447
1293	7315
3071	7847
3709	7495
4463	7321
5189	7651
323	7953
3023	7397
3075	7847
3406	7597
3765	7525
4324	7713
4803	7329
6019	7311
6034	7243
1661	7555
3453	7407
4931	7739
5959	7297
6230	7531
110	7933
885	7223
3250	7235
3816	7647
3845	7609
4992	7343
1787	7229
6869	7313
2132	7217
3614	7419
1375	7503
2913	7353
5721	7427
3817	7647
2292	7369
3003	7973
4193	7413
6042	7981
6699	7611
900	7441
2553	7277
6149	7625
7027	7307
1525	7347
1696	7487
5028	7641
6818	7267
967	7237
2699	7233
4149	7339
4382	7927
5496	7993
5415	7393
2622	7463
2230	7731
2499	7779
4017	7371
4473	7321
4572	7221
5568	7669
126	7635
2359	7219
3186	7363
3819	7647
4934	7739
6394	7375
100	7677
526	7911
4035	7371
2654	7357
3247	7235
3431	7607
4204	7413
6429	7719
6645	7473
876	7223
2683	7333
2769	7207
6032	7243
2588	7383
5108	7351
5427	7577
5827	8017
6977	7517
528	7911
4495	7477
1902	7765
2836	7199
5944	7297
6782	7703
1727	7699
2289	7369
7061	7855
1529	7347
2223	7731
2237	7731
2316	7369
2832	7199
2883	7505
3669	7557
6551	7395
5109	7351
6513	7257
7059	7855
2297	7369
4655	7271
6261	7601
6469	7693
223	7655
497	7755
1166	7245
3025	7397
3058	7263
3950	7359
4367	7851
6643	7473
5007	7343
6400	7375
311	7997
2552	7277
4231	7281
6823	7267
6824	7267
111	7933
1644	7309
2095	7217
3597	7975
4341	7399
4879	7293
4937	7739
310	7997
5071	7493
5105	7351
5168	7401
5234	7209
536	7967
1985	7349
4644	7917
661	7671
2356	7219
2885	7505
3844	7609
4369	7851
6589	7533
7057	7855
816	8071
4117	7411
4225	7281
6057	7449
1177	7245
1204	7545
3755	7745
6864	7313
1238	7879
4154	7339
3734	7291
4377	7927
5003	7343
5366	7781
6199	7373
1980	7349
2698	7233
4499	7477
6115	7865
527	7911
2358	7219
2801	7207
4722	7387
4939	7739
5230	7209
2768	7207
2995	7683
289	8045
1634	7309
4202	7413
254	7761
597	7337
2141	7217
5272	7331
6729	7301
1044	7899
3941	8009
4898	7355
37	7605
788	7887
1252	7589
1842	7275
4304	7385
6503	7257
324	7953
1853	7275
2777	7207
3627	8019
5042	7679
5345	7483
1040	7469
2165	7239
2910	7353
4471	7321
4819	7829
6389	7375
1139	7261
2146	7217
2938	7279
3134	7931
6317	7859
256	7761
4793	7329
6519	7257
1989	7349
5298	7345
5665	7591
4348	7885
5027	7641
6588	7533
6606	7433
3871	7471
6915	7403
3171	7741
6179	7777
4494	7477
5442	7723
6593	7533
124	7635
1827	7275
4704	7341
5799	7513
691	7811
821	7983
1711	7863
4074	7529
5485	7661
5661	7591
6842	7435
617	7337
880	7223
4018	7371
4994	7343
5296	7345
5800	7513
665	7671
6186	7659
838	7977
2587	7383
5106	7351
6894	7201
226	8007
764	7839
2103	7217
3232	7235
3963	7569
5423	7947
1083	7639
2594	7383
4467	7321
6238	7531
1859	7275
6240	7531
6397	7375
2775	7207
6514	7257
6990	7535
2685	7333
2893	7505
2912	7353
4206	7413
5009	7343
5155	7401
5760	7289
5788	7513
6740	7301
6891	7201
1682	7803
5797	7513
6011	7311
7194	7747
21	7367
351	7637
1617	7445
2789	7207
4172	7649
6948	7497
14	7367
4413	7511
3405	7597
4631	7421
917	7841
1112	7743
1857	7275
2631	7995
5228	7209
6349	7299
2152	7217
2547	7277
3455	7407
4032	7371
964	7237
3330	7805
4027	7371
4326	7713
2609	7247
4309	7385
5566	7669
4414	7511
6976	7517
90	7553
473	7467
973	7237
4108	7411
4146	7339
5503	7957
6585	7533
7058	7855
1165	7245
1722	7699
5339	7483
5634	7543
6131	7775
102	7677
1582	7423
2681	7333
3222	7235
3523	7675
5441	7723
5603	7287
6679	7611
1604	7955
1746	7621
2288	7369
3124	7501
2023	7349
3447	7407
3596	7975
4223	7281
1172	7245
3049	7673
3661	7619
4465	7321
6590	7533
6733	7301
7177	7391
604	7337
3189	7363
6642	7473
4888	7541
6050	8069
476	7467
4111	7411
6424	7719
2116	7217
3074	7847
3594	7975
3768	7525
6426	7719
6943	7497
417	7687
584	7337
1885	7951
5464	7249
3754	7745
4481	7321
1836	7275
4693	7341
5491	8067
7146	7451
58	7733
464	8041
2829	7199
5055	7415
1105	7743
1698	7487
2701	7233
4726	7387
2991	7683
4632	7421
6893	7201
1400	7269
6020	7311
6965	7405
1975	7349
4566	7221
3939	8009
395	7587
3634	8081
5816	7255
5905	7295
1031	7469
2471	7439
4836	7365
6403	7375
2324	7369
3628	8019
5731	7427
879	7223
1540	7347
1994	7349
2786	7207
4119	7411
5244	7923
6033	7243
6430	7719
3294	7685
3428	7607
6286	7515
1841	7275
2003	7349
5955	7297
5989	7645
6163	7455
2703	7233
2890	7505
3230	7235
5525	7323
6382	7375
6683	7611
1066	7971
2810	7207
6315	7859
48	7459
3544	7771
6546	7395
999	7519
2581	7383
2704	7233
1575	7381
2799	7207
3227	7235
3495	7317
4211	7413
4700	7341
4798	7329
5860	7785
1429	7757
2558	7277
2796	7207
2805	7207
3149	7417
3451	7407
3560	7963
4222	7281
5102	7351
6114	7865
6407	7375
888	7921
3961	7569
4933	7739
5170	7401
5798	7513
1505	7347
1845	7275
3789	7409
3804	7489
4691	7341
5270	7331
611	7337
5697	7799
2422	7231
3766	7525
3306	7893
3893	7567
4142	7339
7116	7727
817	8071
1128	7261
1869	7721
5563	7669
7196	7747
1104	7743
6063	7211
6202	7373
6249	7531
393	7587
968	7237
2307	7369
3347	7945
3823	7647
4059	7813
5344	7483
4956	7583
3048	7673
4058	7813
7064	7855
3076	7847
3802	7489
5099	7351
6144	7625
6518	7257
6276	7547
1510	7347
3302	7539
6281	7821
6392	7375
868	7223
3567	8087
4576	7221
4941	7739
7190	7747
659	7671
688	7811
2763	7207
6425	7719
1896	7765
7125	7259
243	7205
2138	7217
2959	7465
4834	7365
5418	7393
5919	7295
7032	7307
720	7711
2458	7475
3349	7945
3573	7667
4116	7411
5611	7287
5898	7295
595	7337
639	7215
2859	7521
3574	7667
1418	7253
2764	7207
5194	7651
158	7939
436	7701
1321	7623
2423	7231
5006	7343
6639	7473
7041	7307
116	8025
202	7849
402	7587
921	7717
1522	7347
3072	7847
3785	7409
4350	7885
6233	7531
811	7431
1430	7757
2936	7279
3370	7819
5642	7999
6263	7601
1296	7315
1385	7691
2233	7731
2410	7231
5725	7427
6185	7659
6548	7395
646	7215
5471	7249
2124	7217
3024	7397
3162	7741
3336	7979
3888	7567
5100	7351
5854	7785
6775	7837
875	7223
6927	7527
3041	7673
4205	7413
5677	7941
5796	7513
5893	7295
6071	7985
6188	7659
6335	7305
916	7841
1657	7555
2126	7217
2404	7231
3496	7317
4461	7321
4663	7271
7031	7307
5199	7651
4073	7529
5533	7323
162	7729
7174	7391
2476	7439
3526	7675
3940	8009
4065	8061
4698	7341
1548	7347
5320	7571
270	7795
6992	7535
731	7593
1600	7955
3537	7715
5316	7571
275	7843
2221	7731
6510	7257
7087	7327
7104	7327
1523	7347
1850	7275
4995	7343
1507	7347
1704	7937
4658	7271
6016	7311
830	8003
4026	7371
4609	7479
5539	7323
2357	7219
3246	7235
241	7205
2226	7731
6896	7201
415	7687
883	7223
1033	7469
2427	7231
4155	7339
2425	7231
3612	7419
4493	7477
6890	7201
321	7953
707	7447
1748	7621
2543	7277
4692	7341
5278	7331
5617	7287
4497	7477
4568	7221
5975	7507
873	7223
2414	7231
4656	7271
5224	7209
5631	7543
5761	7289
6381	7375
6651	7473
475	7467
1365	7565
1829	7275
2968	7465
6525	7257
534	7967
713	7447
1349	7443
6505	7257
6837	7435
1185	7709
1697	7487
3293	7685
3501	7317
3756	7745
4290	7385
5385	7643
6265	7601
233	7325
339	7807
1728	7699
4087	7319
500	7755
6968	7405
608	7337
2402	7231
2562	7277
2671	7797
2798	7207
3165	7741
5235	7209
5530	7323
2228	7731
3577	7667
5384	7643
922	7717
3298	7685
3696	7495
6174	7777
7101	7327
232	7325
1519	7347
5231	7209
5837	7283
1074	7925
1106	7743
1669	7965
2611	7247
4024	7371
5469	7249
4603	7479
4630	7421
2882	7505
5346	7483
399	7587
3506	7317
3868	7471
2115	7217
6814	7267
3270	7573
4363	7851
5465	7249
6467	7693
6545	7395
965	7237
3114	7501
3147	7417
5702	7783
6798	7759
472	7467
2664	7689
4071	7529
5360	7781
5531	7323
6994	7535
6271	7959
