id	type	origin	dest	dtime	vot
170	121	1	5	24	1.898830027252081
19	111	1	5	25	21.711330534191376
153	121	1	5	54	29.97703993513953
8	111	1	5	60	11.783967948994675
50	111	1	5	104	1.5102909862417286
171	121	1	5	108	9.124242377502707
5	111	1	5	125	32.94024940127484
196	121	1	5	129	13.073637457474513
177	121	1	5	130	33.596356669682905
44	111	1	5	131	8.108125378782525
157	121	1	5	134	94.21623161428549
45	111	1	5	135	17.808487137220684
175	121	1	5	135	52.298168103170795
22	111	1	5	142	25.328416365405964
47	111	1	5	145	32.61902688398486
15	111	1	5	147	12.907133232649832
194	121	1	5	151	19.260201140144023
1	111	1	5	152	17.050873036960876
195	121	1	5	161	39.33796279313408
155	121	1	5	172	80.95578959766425
189	121	1	5	175	28.53641543381318
187	121	1	5	189	9.831175235098844
176	121	1	5	190	0.06341011876453738
21	111	1	5	197	47.46973605907038
38	111	1	5	226	0.4461974879553524
181	121	1	5	232	9.66433540101989
29	111	1	5	249	16.872122001534056
200	121	1	5	249	21.039321691293374
3	111	1	5	265	9.469431915183009
165	121	1	5	271	27.485537154455848
40	111	1	5	274	36.10430413603879
39	111	1	5	275	10.625568258749478
17	111	1	5	283	7.262034096291404
2	111	1	5	290	15.918114280496873
183	121	1	5	299	7.5447629671216285
178	121	1	5	306	50.776289008657415
37	111	1	5	311	22.056836343615835
180	121	1	5	316	83.38934230302681
154	121	1	5	320	23.34524373255927
161	121	1	5	329	35.90268800202616
12	111	1	5	335	31.79838574192041
41	111	1	5	335	5.105285658360791
18	111	1	5	349	6.2900798019262645
35	111	1	5	353	4.86977531663428
184	121	1	5	353	11.554484195508396
14	111	1	5	376	20.525798454662496
166	121	1	5	402	13.145523663099869
152	121	1	5	459	17.68069149096398
197	121	1	5	489	3.1414202882702837
6	111	1	5	497	14.540141575230582
167	121	1	5	502	0.0018944276545558346
198	121	1	5	512	34.562393555454356
169	121	1	5	514	32.70413252861387
174	121	1	5	515	14.477578234369053
26	111	1	5	522	3.4853561560607953
31	111	1	5	535	38.783567870643836
20	111	1	5	578	7.662563558026827
192	121	1	5	579	18.787327877780903
186	121	1	5	580	22.97686321868528
163	121	1	5	585	32.15748757727253
159	121	1	5	598	12.393400266478235
33	111	1	5	606	6.404727790398734
162	121	1	5	611	0.7246469615673738
36	111	1	5	613	43.3097430932532
46	111	1	5	615	21.227423192063398
16	111	1	5	616	25.711532854043863
188	121	1	5	632	6.3993768815586405
164	121	1	5	641	17.153370532523887
49	111	1	5	656	5.709703353014268
48	111	1	5	663	14.949879776530203
193	121	1	5	667	6.950226155481177
160	121	1	5	685	2.8161864180154956
27	111	1	5	696	1.2284632953315824
179	121	1	5	699	8.855464267142949
11	111	1	5	705	103.5808076902391
191	121	1	5	709	10.72453149327532
25	111	1	5	713	6.106539882185638
42	111	1	5	729	10.042515940054143
23	111	1	5	733	11.189966485973866
24	111	1	5	734	2.8581669786001545
30	111	1	5	757	42.8248954920562
168	121	1	5	759	13.32915546326261
185	121	1	5	765	8.168907400365834
9	111	1	5	767	3.412492709201221
28	111	1	5	779	0.9670576118997007
43	111	1	5	796	74.15739225472137
172	121	1	5	797	9.914333397410143
190	121	1	5	804	86.40028935041556
151	121	1	5	809	12.186097151282627
13	111	1	5	826	32.262071131583895
7	111	1	5	828	27.62922183802941
173	121	1	5	844	17.74278174816743
158	121	1	5	848	23.035562487177252
34	111	1	5	867	92.49037465789749
156	121	1	5	870	15.313372204014055
199	121	1	5	873	4.0615165088225424
32	111	1	5	877	4.395580119883733
182	121	1	5	878	11.094098844246522
10	111	1	5	887	10.681607066719884
4	111	1	5	892	21.688581692563883
249	121	1	5	904	48.88757163593227
206	121	1	5	912	2.6235902783236416
220	121	1	5	928	11.494576709369474
205	121	1	5	955	30.412465945811153
234	121	1	5	970	5.843974679080266
67	111	1	5	974	25.97052242911718
58	111	1	5	985	0.6272821505754275
213	121	1	5	999	15.225945275727478
55	111	1	5	1005	3.059816942267581
80	111	1	5	1006	12.081455875871892
231	121	1	5	1025	39.085306445836906
88	111	1	5	1054	36.781262857278975
76	111	1	5	1058	37.451626182166926
216	121	1	5	1064	52.09234934789948
98	111	1	5	1068	7.968486126263306
93	111	1	5	1071	23.646441884924137
69	111	1	5	1073	55.39480500396854
97	111	1	5	1074	4.46734620575321
236	121	1	5	1096	29.536184258746
87	111	1	5	1121	7.01570695416668
210	121	1	5	1121	9.950817921595533
77	111	1	5	1126	81.44058901263712
89	111	1	5	1127	28.02071954329948
204	121	1	5	1138	20.323973111006662
203	121	1	5	1145	21.86334381545502
226	121	1	5	1169	6.298303950551761
218	121	1	5	1170	10.159202418139746
74	111	1	5	1178	39.719088514893244
244	121	1	5	1183	48.253188717323404
214	121	1	5	1184	46.62643800492962
229	121	1	5	1186	23.741093147370457
81	111	1	5	1220	55.43716169946655
59	111	1	5	1242	12.011301000400929
242	121	1	5	1245	18.268130820211407
223	121	1	5	1265	10.502549332541363
246	121	1	5	1266	16.24259622502025
207	121	1	5	1290	14.115220168034773
211	121	1	5	1291	25.787768934869767
60	111	1	5	1293	11.72319936075224
91	111	1	5	1293	23.129098652693596
100	111	1	5	1302	5.865744280093245
245	121	1	5	1308	13.390385385500057
72	111	1	5	1313	14.345480382909077
65	111	1	5	1350	6.801038811178646
240	121	1	5	1357	30.15233679634205
56	111	1	5	1359	10.770568617250916
52	111	1	5	1376	19.86634370923209
63	111	1	5	1391	18.062810133568405
230	121	1	5	1391	31.373379246568838
247	121	1	5	1392	14.905438411825338
64	111	1	5	1396	17.238459722835575
232	121	1	5	1398	23.072179974666533
202	121	1	5	1401	9.095769206535518
224	121	1	5	1422	15.5612946009174
219	121	1	5	1428	5.1428733893234595
57	111	1	5	1432	4.609119490247315
221	121	1	5	1446	7.4753179355004145
215	121	1	5	1452	49.65149232825221
73	111	1	5	1461	15.164606012857519
228	121	1	5	1472	4.763491502127407
82	111	1	5	1485	25.295142041009374
53	111	1	5	1486	7.497865630167448
208	121	1	5	1498	80.87336895733193
243	121	1	5	1559	3.1935875150958344
86	111	1	5	1578	26.109062355683182
75	111	1	5	1579	10.969296962915013
248	121	1	5	1589	14.235521618106084
92	111	1	5	1591	21.421111518407468
95	111	1	5	1591	34.34402994766104
70	111	1	5	1592	18.324902315793558
94	111	1	5	1594	20.82653338277584
217	121	1	5	1596	41.47037453753923
99	111	1	5	1601	26.41185280743534
250	121	1	5	1601	56.73763242627726
238	121	1	5	1606	7.070921646638495
239	121	1	5	1611	9.66845063720341
237	121	1	5	1612	63.20170890490489
227	121	1	5	1631	38.44022190382136
51	111	1	5	1635	18.689913971125225
235	121	1	5	1647	1.4686017636482958
84	111	1	5	1654	10.01189849015779
212	121	1	5	1655	2.3879406615481864
71	111	1	5	1669	27.423293278666243
78	111	1	5	1669	11.896595462305257
209	121	1	5	1677	0.5168346541607522
96	111	1	5	1689	4.271400576019094
68	111	1	5	1690	39.09961009129801
83	111	1	5	1690	2.588330431406199
233	121	1	5	1694	29.228188036601193
66	111	1	5	1701	1.2662659196401433
225	121	1	5	1701	1.8334022477937024
79	111	1	5	1704	2.2840504094401757
222	121	1	5	1724	4.776386979283012
85	111	1	5	1729	11.94568548917926
61	111	1	5	1734	3.8281272381620166
54	111	1	5	1741	25.799210317579156
62	111	1	5	1749	22.0215541000611
90	111	1	5	1752	4.42006034885807
241	121	1	5	1773	21.393704153299883
201	121	1	5	1781	24.668932954388726
133	111	1	5	1809	2.827549079206819
116	111	1	5	1812	7.284866570689252
121	111	1	5	1816	29.51260135540194
266	121	1	5	1825	14.284127362783133
138	111	1	5	1828	26.10291857383871
252	121	1	5	1830	98.75167553582128
255	121	1	5	1847	0.6267345530418937
276	121	1	5	1861	25.69308869078058
104	111	1	5	1874	3.033902150688857
286	121	1	5	1883	24.915144702604593
125	111	1	5	1889	123.06947101228864
278	121	1	5	1889	15.103810011025072
300	121	1	5	1892	22.17810701926423
136	111	1	5	1894	64.03557871705233
118	111	1	5	1907	41.35859659654389
114	111	1	5	1916	26.87068659259633
130	111	1	5	1919	12.318039720912122
145	111	1	5	1935	6.14302915008621
270	121	1	5	1938	20.835808273171395
140	111	1	5	1942	0.22309737253817066
109	111	1	5	1943	8.774930443414313
101	111	1	5	1961	37.9191702343742
117	111	1	5	1963	17.583629213868615
115	111	1	5	1967	20.195461375423786
110	111	1	5	1971	1.5531037075388425
107	111	1	5	1972	16.183371168347048
251	121	1	5	1977	70.70025070277944
285	121	1	5	1985	9.332192951176937
267	121	1	5	1987	61.46788424551353
102	111	1	5	1994	66.2451619528915
289	121	1	5	2008	26.51234808157627
135	111	1	5	2014	18.349084853262823
293	121	1	5	2020	14.531082173335232
291	121	1	5	2044	135.39395586528897
134	111	1	5	2045	25.511307270927233
122	111	1	5	2058	12.98901255535084
124	111	1	5	2062	77.31005397051686
295	121	1	5	2062	10.512990024198325
106	111	1	5	2087	105.26839292196834
294	121	1	5	2099	2.1061910981869096
269	121	1	5	2106	63.95126510782893
112	111	1	5	2111	79.45349355498372
146	111	1	5	2111	16.12831769062824
258	121	1	5	2115	81.22748406778811
262	121	1	5	2127	6.215597275575057
119	111	1	5	2145	1.4791883747957786
147	111	1	5	2154	41.23618363547058
127	111	1	5	2171	81.22679419833352
141	111	1	5	2172	21.486031474127373
120	111	1	5	2185	3.523237546433204
277	121	1	5	2197	15.749941452347207
143	111	1	5	2201	4.002965710156945
126	111	1	5	2213	4.21480640560058
273	121	1	5	2228	28.770472509290595
271	121	1	5	2236	22.056541773538335
257	121	1	5	2249	44.3942474414743
137	111	1	5	2253	2.0669028548343538
284	121	1	5	2253	23.56497126060584
113	111	1	5	2263	10.466295071715702
268	121	1	5	2270	17.46025542113681
279	121	1	5	2280	30.312173916850657
299	121	1	5	2334	6.62035925044997
274	121	1	5	2346	8.600759752270994
297	121	1	5	2346	2.0963606209517542
149	111	1	5	2351	2.0725960108722554
281	121	1	5	2356	75.82783778645205
142	111	1	5	2360	34.272867032451266
288	121	1	5	2367	65.17057675507775
290	121	1	5	2384	1.967823306372537
148	111	1	5	2385	60.1631637624047
292	121	1	5	2389	54.23280439614439
253	121	1	5	2398	11.532575326321686
259	121	1	5	2402	12.474555096858529
128	111	1	5	2417	2.2433096577867953
131	111	1	5	2422	6.647722424757379
280	121	1	5	2426	50.50381636398048
123	111	1	5	2430	60.95157219370805
283	121	1	5	2443	9.373876982940391
260	121	1	5	2444	5.55056797441138
256	121	1	5	2459	36.99709951828405
265	121	1	5	2475	7.002796687450928
261	121	1	5	2479	15.263965609531402
272	121	1	5	2487	77.54744752290802
282	121	1	5	2487	24.494644445802614
264	121	1	5	2490	12.566002016482477
132	111	1	5	2535	6.5271901939484644
139	111	1	5	2563	61.66848652967317
129	111	1	5	2576	17.62921551512039
298	121	1	5	2579	19.72566321485378
111	111	1	5	2635	30.596979622592546
263	121	1	5	2643	20.623252408494764
105	111	1	5	2647	2.3285200516923665
103	111	1	5	2648	26.656738820731153
287	121	1	5	2656	34.06386181270527
150	111	1	5	2659	15.068004264783182
108	111	1	5	2664	0.8633805050004093
296	121	1	5	2669	46.422117182395276
254	121	1	5	2677	1.8434710530439333
144	111	1	5	2684	10.46573298488739
275	121	1	5	2696	16.64559617461053
