14545	6	1.0	902424	2421	2122	2215	1510	1019010
14741	4	1.0	902424	2413	1312	1219012
14560	3	1.0	902424	2413	1319013
14743	5	1.0	902424	2421	2122	2215	1519015
14999	3	1.0	902424	2421	2119021
14495	4	1.0	902424	2421	2122	2219022
14817	3	1.0	902424	2423	2319023
14780	7	1.0	902424	2421	2120	2018	187	78	819008
15315	3	1.0	90011	12	219002
14575	3	1.0	90011	13	319003
14527	4	1.0	90011	13	34	419004
15015	4	1.0	90011	12	26	619006
15453	6	1.0	90011	12	26	68	87	719007
14734	5	1.0	90011	12	26	68	819008
14577	6	1.0	90011	13	34	45	59	919009
15073	7	1.0	90011	13	34	45	59	910	1019010
14859	5	1.0	90011	13	34	411	1119011
14963	4	1.0	90011	13	312	1219012
14843	5	1.0	90011	13	312	1213	1319013
14747	6	1.0	90011	13	34	411	1114	1419014
14635	7	1.0	90011	13	34	411	1114	1415	1519015
14931	6	1.0	90011	12	26	68	816	1619016
15317	7	1.0	90011	12	26	68	816	1617	1719017
14894	7	1.0	90011	12	26	68	87	718	1819018
15465	8	1.0	90011	12	26	68	816	1617	1719	1919019
14749	8	1.0	90011	12	26	68	87	718	1820	2019020
15362	7	1.0	90011	13	312	1213	1324	2421	2119021
15199	8	1.0	90011	13	312	1213	1324	2421	2122	2219022
14512	7	1.0	90011	13	312	1213	1324	2423	2319023
14942	6	1.0	90011	13	312	1213	1324	2419024
15133	3	1.0	90022	21	119001
15155	5	1.0	90022	26	65	54	419004
15479	3	1.0	90022	26	619006
15268	5	1.0	90022	26	68	87	719007
15442	4	1.0	90022	26	68	819008
15406	5	1.0	90022	26	65	59	919009
15366	6	1.0	90022	26	68	816	1610	1019010
15257	6	1.0	90022	26	65	54	411	1119011
14848	5	1.0	90022	21	13	312	1219012
15137	6	1.0	90022	21	13	312	1213	1319013
15248	7	1.0	90022	26	65	54	411	1114	1419014
15357	8	1.0	90022	26	68	816	1617	1719	1915	1519015
15083	5	1.0	90022	26	68	816	1619016
15292	6	1.0	90022	26	68	816	1617	1719017
15325	7	1.0	90022	26	68	816	1617	1719	1919019
14985	7	1.0	90022	26	68	87	718	1820	2019020
15070	8	1.0	90022	26	68	87	718	1820	2022	2219022
15188	3	1.0	90033	31	119001
15539	3	1.0	90033	34	419004
15598	5	1.0	90033	34	45	56	619006
15510	7	1.0	90033	34	45	56	68	87	719007
15286	6	1.0	90033	34	45	56	68	819008
15518	5	1.0	90033	34	45	59	919009
14937	6	1.0	90033	34	45	59	910	1019010
15036	4	1.0	90033	312	1211	1119011
15402	3	1.0	90033	312	1219012
15612	4	1.0	90033	312	1213	1319013
15499	5	1.0	90033	312	1211	1114	1419014
15241	6	1.0	90033	312	1211	1114	1415	1519015
15003	7	1.0	90033	34	45	56	68	816	1619016
15351	8	1.0	90033	34	45	56	68	816	1617	1719017
15474	7	1.0	90033	312	1213	1324	2421	2122	2219022
15179	6	1.0	90033	312	1213	1324	2423	2319023
15025	4	1.0	90044	43	31	119001
14871	5	1.0	90044	45	56	62	219002
15391	3	1.0	90044	43	319003
14773	4	1.0	90044	45	56	619006
14621	6	1.0	90044	45	56	68	87	719007
14877	5	1.0	90044	45	56	68	819008
14763	4	1.0	90044	45	59	919009
14396	5	1.0	90044	45	59	910	1019010
14623	3	1.0	90044	411	1119011
14504	4	1.0	90044	43	312	1219012
14643	5	1.0	90044	43	312	1213	1319013
15284	4	1.0	90044	411	1114	1419014
14607	5	1.0	90044	411	1114	1415	1519015
15096	6	1.0	90044	45	56	68	816	1619016
14579	7	1.0	90044	45	56	68	816	1617	1719017
15124	8	1.0	90044	45	56	68	816	1617	1719	1919019
14469	8	1.0	90044	45	56	68	87	718	1820	2019020
14782	7	1.0	90044	43	312	1213	1324	2421	2119021
14917	6	1.0	90044	411	1114	1423	2322	2219022
14722	5	1.0	90044	411	1114	1423	2319023
14904	6	1.0	90044	43	312	1213	1324	2419024
14471	4	1.0	90055	59	910	1019010
14714	5	1.0	90055	54	411	1114	1419014
14792	7	1.0	90055	59	910	1015	1522	2221	2119021
15054	4	1.0	90066	62	21	119001
15434	3	1.0	90066	62	219002
15339	5	1.0	90066	65	54	43	319003
14506	4	1.0	90066	65	54	419004
15217	4	1.0	90066	68	87	719007
14944	3	1.0	90066	68	819008
14896	4	1.0	90066	65	59	919009
14655	5	1.0	90066	68	816	1610	1019010
14798	5	1.0	90066	65	54	411	1119011
14861	6	1.0	90066	65	54	43	312	1219012
15319	7	1.0	90066	65	54	43	312	1213	1319013
15253	6	1.0	90066	65	54	411	1114	1419014
15202	7	1.0	90066	68	816	1617	1719	1915	1519015
15106	4	1.0	90066	68	816	1619016
14850	5	1.0	90066	68	816	1617	1719017
15417	6	1.0	90066	68	816	1617	1719	1919019
14651	6	1.0	90066	68	87	718	1820	2019020
14812	7	1.0	90066	68	87	718	1820	2021	2119021
14919	7	1.0	90066	68	87	718	1820	2022	2219022
15521	8	1.0	90066	68	87	718	1820	2022	2223	2319023
14653	8	1.0	90066	68	87	718	1820	2021	2124	2419024
15121	6	1.0	90077	78	86	62	21	119001
15542	5	1.0	90077	78	86	62	219002
15294	7	1.0	90077	78	86	65	54	43	319003
14724	6	1.0	90077	78	86	65	54	419004
14637	4	1.0	90077	78	86	619006
14625	3	1.0	90077	78	819008
15397	6	1.0	90077	718	1816	1610	109	919009
14430	5	1.0	90077	718	1816	1610	1019010
14946	6	1.0	90077	718	1816	1610	1011	1119011
15368	8	1.0	90077	78	86	65	54	43	312	1219012
15204	7	1.0	90077	718	1820	2021	2124	2413	1319013
15349	8	1.0	90077	718	1816	1617	1719	1915	1514	1419014
15193	7	1.0	90077	718	1816	1617	1719	1915	1519015
14473	4	1.0	90077	718	1816	1619016
14898	5	1.0	90077	718	1816	1617	1719017
14700	6	1.0	90077	718	1816	1617	1719	1919019
14965	4	1.0	90077	718	1820	2019020
15470	5	1.0	90077	718	1820	2021	2119021
14432	5	1.0	90077	718	1820	2022	2219022
14794	6	1.0	90077	718	1820	2022	2223	2319023
14692	5	1.0	90088	86	62	21	119001
15259	4	1.0	90088	86	62	219002
15600	6	1.0	90088	86	65	54	43	319003
15040	5	1.0	90088	86	65	54	419004
14661	4	1.0	90088	86	65	519005
14609	3	1.0	90088	86	619006
14497	3	1.0	90088	87	719007
15234	3	1.0	90088	89	919009
14508	4	1.0	90088	816	1610	1019010
14900	5	1.0	90088	816	1610	1011	1119011
14581	7	1.0	90088	86	65	54	43	312	1219012
15393	8	1.0	90088	86	65	54	43	312	1213	1319013
15001	7	1.0	90088	816	1617	1719	1915	1514	1419014
15332	6	1.0	90088	816	1617	1719	1915	1519015
14412	3	1.0	90088	816	1619016
14529	4	1.0	90088	816	1617	1719017
14414	5	1.0	90088	816	1617	1719	1919019
14867	5	1.0	90088	87	718	1820	2019020
15296	6	1.0	90088	87	718	1820	2021	2119021
14457	6	1.0	90088	87	718	1820	2022	2219022
15128	7	1.0	90088	87	718	1820	2022	2223	2319023
15270	7	1.0	90088	87	718	1820	2021	2124	2419024
15162	6	1.0	90099	95	54	43	31	119001
15190	5	1.0	90099	95	56	62	219002
15575	5	1.0	90099	95	54	43	319003
14388	4	1.0	90099	95	54	419004
15409	4	1.0	90099	95	56	619006
14814	6	1.0	90099	910	1016	1618	187	719007
14398	3	1.0	90099	98	819008
14475	3	1.0	90099	910	1019010
14531	4	1.0	90099	910	1011	1119011
14533	5	1.0	90099	910	1011	1112	1219012
15060	6	1.0	90099	910	1011	1112	1213	1319013
15056	5	1.0	90099	910	1011	1114	1419014
14745	4	1.0	90099	910	1015	1519015
15183	4	1.0	90099	910	1016	1619016
14808	5	1.0	90099	910	1016	1617	1719017
15151	6	1.0	90099	910	1016	1617	1719	1919019
14706	6	1.0	90099	910	1016	1618	1820	2019020
14993	6	1.0	90099	910	1015	1522	2221	2119021
15223	5	1.0	90099	910	1015	1522	2219022
15062	6	1.0	90099	910	1011	1114	1423	2319023
15430	7	1.0	90099	910	1015	1522	2221	2124	2419024
15219	7	1.0	901010	109	95	54	43	31	119001
15239	6	1.0	901010	1016	168	86	62	219002
14640	6	1.0	901010	109	95	54	43	319003
14645	5	1.0	901010	109	95	54	419004
14627	4	1.0	901010	109	95	519005
14972	5	1.0	901010	1016	168	86	619006
15148	5	1.0	901010	1016	1618	187	719007
14902	4	1.0	901010	1016	168	819008
14441	3	1.0	901010	109	919009
14515	3	1.0	901010	1011	1119011
14883	4	1.0	901010	1011	1112	1219012
14459	5	1.0	901010	1011	1112	1213	1319013
14477	4	1.0	901010	1011	1114	1419014
14400	3	1.0	901010	1015	1519015
14597	3	1.0	901010	1016	1619016
14563	4	1.0	901010	1016	1617	1719017
14390	5	1.0	901010	1016	1617	1719	1919019
14954	5	1.0	901010	1016	1618	1820	2019020
14921	5	1.0	901010	1015	1522	2221	2119021
14416	4	1.0	901010	1015	1522	2219022
14957	5	1.0	901010	1015	1522	2223	2319023
14784	6	1.0	901010	1015	1522	2221	2124	2419024
14684	5	1.0	901111	114	43	31	119001
15058	6	1.0	901111	114	45	56	62	219002
15347	4	1.0	901111	114	43	319003
14443	3	1.0	901111	114	419004
15353	5	1.0	901111	114	45	56	619006
15337	6	1.0	901111	1110	1016	1618	187	719007
14879	5	1.0	901111	1110	1016	168	819008
14435	4	1.0	901111	1110	109	919009
14479	3	1.0	901111	1110	1019010
14852	3	1.0	901111	1112	1219012
14716	4	1.0	901111	1112	1213	1319013
14583	3	1.0	901111	1114	1419014
14571	4	1.0	901111	1114	1415	1519015
14550	4	1.0	901111	1110	1016	1619016
14481	5	1.0	901111	1110	1016	1617	1719017
14445	5	1.0	901111	1114	1415	1519	1919019
14802	6	1.0	901111	1114	1415	1519	1920	2019020
15089	6	1.0	901111	1114	1423	2324	2421	2119021
14838	5	1.0	901111	1114	1415	1522	2219022
14885	4	1.0	901111	1114	1423	2319023
14483	5	1.0	901111	1114	1423	2324	2419024
14647	4	1.0	901212	123	31	119001
14911	5	1.0	901212	123	31	12	219002
15099	3	1.0	901212	123	319003
14777	4	1.0	901212	123	34	419004
14831	5	1.0	901212	123	34	45	519005
15157	6	1.0	901212	123	34	45	56	619006
14786	8	1.0	901212	123	34	45	56	68	87	719007
15261	7	1.0	901212	123	34	45	56	68	819008
14869	5	1.0	901212	1211	1110	109	919009
14676	4	1.0	901212	1211	1110	1019010
14687	3	1.0	901212	1211	1119011
14510	3	1.0	901212	1213	1319013
15328	4	1.0	901212	1211	1114	1419014
14887	5	1.0	901212	1211	1114	1415	1519015
14933	5	1.0	901212	1211	1110	1016	1619016
15168	6	1.0	901212	1211	1110	1016	1617	1719017
14804	6	1.0	901212	1211	1110	1016	1618	1819018
14978	6	1.0	901212	1211	1114	1415	1519	1919019
15078	6	1.0	901212	1213	1324	2421	2120	2019020
15534	5	1.0	901212	1213	1324	2421	2119021
15273	6	1.0	901212	1213	1324	2421	2122	2219022
15231	5	1.0	901212	1213	1324	2423	2319023
15456	4	1.0	901212	1213	1324	2419024
15064	5	1.0	901313	1312	123	31	119001
14728	6	1.0	901313	1312	123	31	12	219002
15486	4	1.0	901313	1312	123	319003
14694	5	1.0	901313	1312	123	34	419004
15005	7	1.0	901313	1312	123	34	45	56	619006
14995	7	1.0	901313	1324	2421	2120	2018	187	719007
14585	8	1.0	901313	1312	123	34	45	56	68	819008
14599	6	1.0	901313	1312	1211	1110	109	919009
14726	5	1.0	901313	1312	1211	1110	1019010
14765	4	1.0	901313	1312	1211	1119011
14485	3	1.0	901313	1312	1219012
15091	5	1.0	901313	1324	2423	2314	1419014
15381	6	1.0	901313	1324	2421	2122	2215	1519015
15414	6	1.0	901313	1312	1211	1110	1016	1619016
15075	8	1.0	901313	1324	2421	2122	2215	1519	1917	1719017
15207	7	1.0	901313	1324	2421	2122	2215	1519	1919019
14487	5	1.0	901313	1324	2421	2120	2019020
14854	4	1.0	901313	1324	2421	2119021
14788	5	1.0	901313	1324	2421	2122	2219022
14565	4	1.0	901313	1324	2423	2319023
14552	3	1.0	901313	1324	2419024
15046	6	1.0	901414	1411	1112	123	31	119001
15195	7	1.0	901414	1411	114	45	56	62	219002
15387	5	1.0	901414	1411	1112	123	319003
14718	4	1.0	901414	1411	114	419004
14755	6	1.0	901414	1411	114	45	56	619006
14928	8	1.0	901414	1415	1519	1917	1716	1618	187	719007
14969	7	1.0	901414	1415	1519	1917	1716	168	819008
14554	5	1.0	901414	1411	1110	109	919009
14499	4	1.0	901414	1411	1110	1019010
14664	3	1.0	901414	1411	1119011
14678	4	1.0	901414	1411	1112	1219012
14873	5	1.0	901414	1423	2324	2413	1319013
14840	3	1.0	901414	1415	1519015
14819	6	1.0	901414	1415	1519	1917	1716	1619016
14974	5	1.0	901414	1415	1519	1917	1719017
14708	4	1.0	901414	1415	1519	1919019
15345	5	1.0	901414	1415	1519	1920	2019020
15027	5	1.0	901414	1423	2324	2421	2119021
14567	4	1.0	901414	1415	1522	2219022
14696	3	1.0	901414	1423	2319023
14875	4	1.0	901414	1423	2324	2419024
15438	7	1.0	901515	1514	1411	1112	123	31	119001
14587	8	1.0	901515	1519	1917	1716	168	86	62	219002
15266	6	1.0	901515	1514	1411	1112	123	319003
14569	5	1.0	901515	1514	1411	114	419004
15225	7	1.0	901515	1519	1917	1716	168	86	619006
14767	7	1.0	901515	1519	1917	1716	1618	187	719007
14556	6	1.0	901515	1519	1917	1716	168	819008
14824	4	1.0	901515	1510	109	919009
14447	3	1.0	901515	1510	1019010
14629	4	1.0	901515	1514	1411	1119011
14948	5	1.0	901515	1514	1411	1112	1219012
14891	6	1.0	901515	1522	2221	2124	2413	1319013
15101	3	1.0	901515	1514	1419014
14418	5	1.0	901515	1519	1917	1716	1619016
14420	4	1.0	901515	1519	1917	1719017
14959	6	1.0	901515	1519	1917	1716	1618	1819018
14649	3	1.0	901515	1519	1919019
14449	4	1.0	901515	1519	1920	2019020
15068	4	1.0	901515	1522	2221	2119021
14535	3	1.0	901515	1522	2219022
14451	4	1.0	901515	1522	2223	2319023
14796	5	1.0	901515	1522	2221	2124	2419024
14950	6	1.0	901616	168	86	62	21	119001
15404	5	1.0	901616	168	86	62	219002
15050	7	1.0	901616	168	86	65	54	43	319003
15251	6	1.0	901616	168	86	65	54	419004
14769	4	1.0	901616	168	86	619006
14392	4	1.0	901616	1618	187	719007
14453	3	1.0	901616	168	819008
14775	4	1.0	901616	1610	109	919009
14501	3	1.0	901616	1610	1019010
14736	4	1.0	901616	1610	1011	1119011
15007	5	1.0	901616	1610	1011	1112	1219012
14589	6	1.0	901616	1610	1011	1112	1213	1319013
15186	6	1.0	901616	1617	1719	1915	1514	1419014
15042	5	1.0	901616	1617	1719	1915	1519015
14857	3	1.0	901616	1617	1719017
14666	3	1.0	901616	1618	1819018
14834	4	1.0	901616	1617	1719	1919019
14591	4	1.0	901616	1618	1820	2019020
15038	7	1.0	901616	1617	1719	1915	1522	2221	2119021
14845	6	1.0	901616	1617	1719	1915	1522	2219022
14422	7	1.0	901616	1617	1719	1915	1522	2223	2319023
14790	7	1.0	901717	1716	168	86	62	21	119001
14822	6	1.0	901717	1716	168	86	62	219002
14461	8	1.0	901717	1716	168	86	65	54	43	319003
15131	7	1.0	901717	1716	168	86	65	54	419004
14710	5	1.0	901717	1716	168	86	619006
14738	5	1.0	901717	1716	1618	187	719007
14603	4	1.0	901717	1716	168	819008
14771	5	1.0	901717	1716	1610	109	919009
14680	4	1.0	901717	1716	1610	1019010
14751	5	1.0	901717	1716	1610	1011	1119011
14940	6	1.0	901717	1716	1610	1011	1112	1219012
14826	8	1.0	901717	1719	1915	1522	2221	2124	2413	1319013
14402	5	1.0	901717	1719	1915	1514	1419014
14424	4	1.0	901717	1719	1915	1519015
14489	3	1.0	901717	1716	1619016
14404	3	1.0	901717	1719	1919019
14517	4	1.0	901717	1719	1920	2019020
14593	6	1.0	901717	1719	1915	1522	2221	2119021
14913	5	1.0	901717	1719	1915	1522	2219022
14961	6	1.0	901717	1719	1915	1522	2223	2319023
14426	7	1.0	901717	1719	1915	1522	2221	2124	2419024
14491	5	1.0	901818	1816	1610	109	919009
14981	6	1.0	901818	1816	1610	1011	1112	1219012
15602	3	1.0	901818	1816	1619016
15018	7	1.0	901818	187	78	86	62	21	119001
15029	5	1.0	901818	1816	1617	1719	1919019
15378	8	1.0	901919	1917	1716	168	86	62	21	119001
14863	7	1.0	901919	1917	1716	168	86	62	219002
14987	8	1.0	901919	1917	1716	168	86	65	54	419004
15280	6	1.0	901919	1917	1716	168	86	619006
14989	6	1.0	901919	1917	1716	1618	187	719007
15031	5	1.0	901919	1917	1716	168	819008
15165	6	1.0	901919	1917	1716	1610	109	919009
14730	5	1.0	901919	1917	1716	1610	1019010
14865	5	1.0	901919	1915	1514	1411	1119011
15524	8	1.0	901919	1915	1522	2221	2124	2413	1312	1219012
14406	7	1.0	901919	1915	1522	2221	2124	2413	1319013
14997	4	1.0	901919	1915	1514	1419014
14712	3	1.0	901919	1915	1519015
14605	4	1.0	901919	1917	1716	1619016
14455	3	1.0	901919	1917	1719017
14702	3	1.0	901919	1920	2019020
15282	5	1.0	901919	1915	1522	2221	2119021
15021	4	1.0	901919	1915	1522	2219022
15170	5	1.0	901919	1915	1522	2223	2319023
15110	6	1.0	901919	1915	1522	2221	2124	2419024
15301	8	1.0	902020	2018	187	78	86	62	21	119001
15174	7	1.0	902020	2018	187	78	86	62	219002
14828	8	1.0	902020	2018	187	78	86	65	54	419004
14952	6	1.0	902020	2018	187	78	86	619006
15236	4	1.0	902020	2018	187	719007
14668	5	1.0	902020	2018	187	78	819008
14573	6	1.0	902020	2018	1816	1610	109	919009
14682	5	1.0	902020	2018	1816	1610	1019010
15126	6	1.0	902020	2019	1915	1514	1411	1119011
15343	6	1.0	902020	2021	2124	2413	1312	1219012
14519	5	1.0	902020	2021	2124	2413	1319013
15371	5	1.0	902020	2019	1915	1514	1419014
14463	4	1.0	902020	2019	1915	1519015
14465	4	1.0	902020	2018	1816	1619016
14408	4	1.0	902020	2019	1917	1719017
14537	3	1.0	902020	2019	1919019
14613	3	1.0	902020	2021	2119021
14757	3	1.0	902020	2022	2219022
15117	4	1.0	902020	2022	2223	2319023
14753	4	1.0	902020	2021	2124	2419024
14615	7	1.0	902121	2124	2413	1312	123	31	119001
15228	7	1.0	902121	2124	2413	1312	123	34	419004
15420	7	1.0	902121	2120	2018	187	78	86	619006
14923	5	1.0	902121	2120	2018	187	719007
14991	6	1.0	902121	2120	2018	187	78	819008
15052	6	1.0	902121	2122	2215	1510	109	919009
14521	5	1.0	902121	2122	2215	1510	1019010
14493	6	1.0	902121	2124	2423	2314	1411	1119011
15529	5	1.0	902121	2124	2413	1312	1219012
14631	4	1.0	902121	2124	2413	1319013
15384	5	1.0	902121	2124	2423	2314	1419014
14670	4	1.0	902121	2122	2215	1519015
14523	7	1.0	902121	2122	2215	1519	1917	1716	1619016
14558	6	1.0	902121	2122	2215	1519	1917	1719017
14595	5	1.0	902121	2122	2215	1519	1919019
14525	3	1.0	902121	2120	2019020
14437	3	1.0	902121	2122	2219022
15181	4	1.0	902121	2124	2423	2319023
15288	3	1.0	902121	2124	2419024
14915	8	1.0	902222	2221	2124	2413	1312	123	31	119001
15212	8	1.0	902222	2220	2018	187	78	86	62	219002
15153	7	1.0	902222	2221	2124	2413	1312	123	319003
14908	6	1.0	902222	2223	2314	1411	114	419004
14657	7	1.0	902222	2220	2018	187	78	86	619006
15114	5	1.0	902222	2220	2018	187	719007
14925	6	1.0	902222	2220	2018	187	78	819008
14732	5	1.0	902222	2215	1510	109	919009
14428	4	1.0	902222	2215	1510	1019010
14672	5	1.0	902222	2223	2314	1411	1119011
15011	6	1.0	902222	2221	2124	2413	1312	1219012
15093	5	1.0	902222	2221	2124	2413	1319013
14467	4	1.0	902222	2223	2314	1419014
14410	3	1.0	902222	2215	1519015
14881	6	1.0	902222	2215	1519	1917	1716	1619016
14539	5	1.0	902222	2215	1519	1917	1719017
14967	4	1.0	902222	2215	1519	1919019
14394	3	1.0	902222	2220	2019020
14674	3	1.0	902222	2221	2119021
14548	3	1.0	902222	2223	2319023
15009	4	1.0	902222	2221	2124	2419024
15023	7	1.0	902323	2324	2413	1312	123	31	119001
15508	6	1.0	902323	2324	2413	1312	123	319003
15177	5	1.0	902323	2314	1411	114	419004
14617	7	1.0	902323	2314	1411	114	45	56	619006
15172	6	1.0	902323	2322	2220	2018	187	719007
15141	7	1.0	902323	2322	2220	2018	187	78	819008
15146	6	1.0	902323	2314	1411	1110	109	919009
14836	5	1.0	902323	2314	1411	1110	1019010
14759	4	1.0	902323	2314	1411	1119011
14704	5	1.0	902323	2324	2413	1312	1219012
14761	4	1.0	902323	2324	2413	1319013
14541	3	1.0	902323	2314	1419014
14619	4	1.0	902323	2322	2215	1519015
14720	7	1.0	902323	2322	2215	1519	1917	1716	1619016
14439	6	1.0	902323	2322	2215	1519	1917	1719017
14543	5	1.0	902323	2322	2220	2018	1819018
15013	5	1.0	902323	2322	2215	1519	1919019
15322	4	1.0	902323	2322	2220	2019020
14659	4	1.0	902323	2324	2421	2119021
14806	3	1.0	902323	2322	2219022
