id	type	origin	dest	dtime	vot
20	111	1	5	2	7.662563558026827
15	111	1	5	10	12.907133232649832
27	111	1	5	24	1.2284632953315824
38	111	1	5	29	0.4461974879553524
35	111	1	5	72	4.86977531663428
18	111	1	5	86	6.2900798019262645
40	111	1	5	97	36.10430413603879
25	111	1	5	116	6.106539882185638
12	111	1	5	135	31.79838574192041
6	111	1	5	154	14.540141575230582
26	111	1	5	163	3.4853561560607953
32	111	1	5	184	4.395580119883733
41	111	1	5	214	5.105285658360791
39	111	1	5	227	10.625568258749478
5	111	1	5	267	32.94024940127484
10	111	1	5	271	10.681607066719884
7	111	1	5	348	27.62922183802941
4	111	1	5	388	21.688581692563883
11	111	1	5	388	103.5808076902391
2	111	1	5	412	15.918114280496873
34	111	1	5	449	92.49037465789749
19	111	1	5	455	21.711330534191376
42	111	1	5	456	10.042515940054143
29	111	1	5	474	16.872122001534056
37	111	1	5	477	22.056836343615835
30	111	1	5	480	42.8248954920562
9	111	1	5	481	3.412492709201221
8	111	1	5	545	11.783967948994675
3	111	1	5	546	9.469431915183009
22	111	1	5	552	25.328416365405964
21	111	1	5	566	47.46973605907038
14	111	1	5	573	20.525798454662496
24	111	1	5	606	2.8581669786001545
36	111	1	5	662	43.3097430932532
16	111	1	5	671	25.711532854043863
13	111	1	5	708	32.262071131583895
43	111	1	5	761	74.15739225472137
17	111	1	5	767	7.262034096291404
1	111	1	5	786	17.050873036960876
23	111	1	5	851	11.189966485973866
28	111	1	5	853	0.9670576118997007
33	111	1	5	881	6.404727790398734
31	111	1	5	894	38.783567870643836
49	111	1	5	915	1.5102909862417286
60	111	1	5	916	11.72319936075224
68	111	1	5	938	39.09961009129801
44	111	1	5	949	17.808487137220684
61	111	1	5	988	3.8281272381620166
57	111	1	5	1068	4.609119490247315
80	111	1	5	1111	12.081455875871892
76	111	1	5	1130	37.451626182166926
84	111	1	5	1153	10.01189849015779
54	111	1	5	1166	25.799210317579156
52	111	1	5	1181	19.86634370923209
47	111	1	5	1187	14.949879776530203
75	111	1	5	1203	10.969296962915013
53	111	1	5	1207	7.497865630167448
67	111	1	5	1211	25.97052242911718
59	111	1	5	1236	12.011301000400929
63	111	1	5	1237	18.062810133568405
85	111	1	5	1252	11.94568548917926
78	111	1	5	1257	11.896595462305257
73	111	1	5	1278	15.164606012857519
50	111	1	5	1295	46.07928976387213
69	111	1	5	1310	55.39480500396854
62	111	1	5	1316	22.0215541000611
79	111	1	5	1359	2.2840504094401757
72	111	1	5	1398	14.345480382909077
82	111	1	5	1460	25.295142041009374
66	111	1	5	1466	1.2662659196401433
70	111	1	5	1481	18.324902315793558
77	111	1	5	1499	81.44058901263712
51	111	1	5	1569	18.689913971125225
45	111	1	5	1579	21.227423192063398
71	111	1	5	1581	27.423293278666243
56	111	1	5	1634	10.770568617250916
65	111	1	5	1643	6.801038811178646
55	111	1	5	1658	3.059816942267581
81	111	1	5	1662	55.43716169946655
58	111	1	5	1666	0.6272821505754275
64	111	1	5	1708	17.238459722835575
86	111	1	5	1711	26.109062355683182
74	111	1	5	1720	39.719088514893244
46	111	1	5	1746	32.61902688398486
87	111	1	5	1747	7.01570695416668
48	111	1	5	1761	5.709703353014268
83	111	1	5	1787	2.588330431406199
122	111	1	5	1833	12.98901255535084
109	111	1	5	1868	8.774930443414313
124	111	1	5	1868	77.31005397051686
93	111	1	5	1899	20.82653338277584
98	111	1	5	1902	26.41185280743534
94	111	1	5	1921	34.34402994766104
114	111	1	5	1935	26.87068659259633
117	111	1	5	1966	17.583629213868615
102	111	1	5	1970	66.2451619528915
120	111	1	5	1986	3.523237546433204
111	111	1	5	2022	30.596979622592546
88	111	1	5	2073	28.02071954329948
110	111	1	5	2113	1.5531037075388425
92	111	1	5	2158	23.646441884924137
89	111	1	5	2185	4.42006034885807
127	111	1	5	2192	81.22679419833352
106	111	1	5	2199	105.26839292196834
126	111	1	5	2218	4.21480640560058
91	111	1	5	2224	21.421111518407468
125	111	1	5	2267	123.06947101228864
128	111	1	5	2276	2.2433096577867953
90	111	1	5	2286	23.129098652693596
97	111	1	5	2332	7.968486126263306
129	111	1	5	2343	17.62921551512039
107	111	1	5	2357	16.183371168347048
123	111	1	5	2362	60.95157219370805
119	111	1	5	2368	1.4791883747957786
113	111	1	5	2369	10.466295071715702
118	111	1	5	2441	41.35859659654389
104	111	1	5	2450	3.033902150688857
116	111	1	5	2458	7.284866570689252
115	111	1	5	2472	20.195461375423786
130	111	1	5	2485	12.318039720912122
121	111	1	5	2486	29.51260135540194
100	111	1	5	2534	111.83732172212652
96	111	1	5	2544	4.46734620575321
103	111	1	5	2547	26.656738820731153
108	111	1	5	2565	0.8633805050004093
99	111	1	5	2581	5.865744280093245
112	111	1	5	2600	79.45349355498372
105	111	1	5	2628	2.3285200516923665
95	111	1	5	2669	4.271400576019094
101	111	1	5	2681	37.9191702343742
148	111	1	5	2703	2.0725960108722554
166	111	1	5	2716	13.145523663099869
168	111	1	5	2728	13.32915546326261
136	111	1	5	2741	2.0669028548343538
134	111	1	5	2751	18.349084853262823
169	111	1	5	2753	32.70413252861387
133	111	1	5	2755	25.511307270927233
163	111	1	5	2773	32.15748757727253
165	111	1	5	2781	27.485537154455848
140	111	1	5	2800	21.486031474127373
137	111	1	5	2846	26.10291857383871
151	111	1	5	2849	12.186097151282627
170	111	1	5	2851	1.898830027252081
152	111	1	5	2858	17.68069149096398
161	111	1	5	2861	35.90268800202616
172	111	1	5	2872	9.914333397410143
159	111	1	5	2882	12.393400266478235
132	111	1	5	2919	2.827549079206819
171	111	1	5	2928	9.124242377502707
162	111	1	5	2971	0.7246469615673738
149	111	1	5	2998	15.068004264783182
157	111	1	5	3003	94.21623161428549
167	111	1	5	3026	0.0018944276545558346
164	111	1	5	3043	17.153370532523887
141	111	1	5	3073	34.272867032451266
173	111	1	5	3075	17.74278174816743
131	111	1	5	3080	6.5271901939484644
146	111	1	5	3133	41.23618363547058
150	111	1	5	3174	43.183210978427994
139	111	1	5	3210	0.22309737253817066
153	111	1	5	3246	29.97703993513953
144	111	1	5	3283	6.14302915008621
160	111	1	5	3306	2.8161864180154956
145	111	1	5	3329	16.12831769062824
158	111	1	5	3365	23.035562487177252
154	111	1	5	3368	23.34524373255927
155	111	1	5	3408	80.95578959766425
156	111	1	5	3408	15.313372204014055
174	111	1	5	3408	14.477578234369053
135	111	1	5	3413	64.03557871705233
147	111	1	5	3431	60.1631637624047
142	111	1	5	3535	4.002965710156945
143	111	1	5	3547	10.46573298488739
138	111	1	5	3561	61.66848652967317
