2314	0	242.30769230769232	900	243.2	1800	245.0	2700	0.0	3600	0.0	4500	0.0	5400	0.0	6300	0.0	7200	0.0	8100	0.0	9000	0.0	9900	0.0	10800	0.0	11700	0.0	12600	0.0	13500	0.0	14400	0.0	15300	0.0	16200	0.0	17100	0.0	18000	0.0	18900	0.0	19800	0.0	20700	0.0	21600	0.0	22500	0.0	23400	0.0	24300	0.0	25200	0.0	26100	0.0	27000	0.0	27900	0.0	28800	0.0	29700	0.0	30600	0.0	31500	0.0	32400	0.0	33300	0.0	34200	0.0	35100	0.0	36000	0.0
12	0	364.85714285714283	900	362.0	1800	360.0	2700	0.0	3600	0.0	4500	0.0	5400	0.0	6300	0.0	7200	0.0	8100	0.0	9000	0.0	9900	0.0	10800	0.0	11700	0.0	12600	0.0	13500	0.0	14400	0.0	15300	0.0	16200	0.0	17100	0.0	18000	0.0	18900	0.0	19800	0.0	20700	0.0	21600	0.0	22500	0.0	23400	0.0	24300	0.0	25200	0.0	26100	0.0	27000	0.0	27900	0.0	28800	0.0	29700	0.0	30600	0.0	31500	0.0	32400	0.0	33300	0.0	34200	0.0	35100	0.0	36000	0.0
13	0	240.0	900	240.0	1800	240.0	2700	0.0	3600	0.0	4500	0.0	5400	0.0	6300	0.0	7200	0.0	8100	0.0	9000	0.0	9900	0.0	10800	0.0	11700	0.0	12600	0.0	13500	0.0	14400	0.0	15300	0.0	16200	0.0	17100	0.0	18000	0.0	18900	0.0	19800	0.0	20700	0.0	21600	0.0	22500	0.0	23400	0.0	24300	0.0	25200	0.0	26100	0.0	27000	0.0	27900	0.0	28800	0.0	29700	0.0	30600	0.0	31500	0.0	32400	0.0	33300	0.0	34200	0.0	35100	0.0	36000	0.0
2322	0	240.21428571428572	900	240.40677966101694	1800	240.0	2700	0.0	3600	0.0	4500	0.0	5400	0.0	6300	0.0	7200	0.0	8100	0.0	9000	0.0	9900	0.0	10800	0.0	11700	0.0	12600	0.0	13500	0.0	14400	0.0	15300	0.0	16200	0.0	17100	0.0	18000	0.0	18900	0.0	19800	0.0	20700	0.0	21600	0.0	22500	0.0	23400	0.0	24300	0.0	25200	0.0	26100	0.0	27000	0.0	27900	0.0	28800	0.0	29700	0.0	30600	0.0	31500	0.0	32400	0.0	33300	0.0	34200	0.0	35100	0.0	36000	0.0
901919	0	8.25974025974026	900	8.337662337662337	1800	6.0	2700	0.0	3600	0.0	4500	0.0	5400	0.0	6300	0.0	7200	0.0	8100	0.0	9000	0.0	9900	0.0	10800	0.0	11700	0.0	12600	0.0	13500	0.0	14400	0.0	15300	0.0	16200	0.0	17100	0.0	18000	0.0	18900	0.0	19800	0.0	20700	0.0	21600	0.0	22500	0.0	23400	0.0	24300	0.0	25200	0.0	26100	0.0	27000	0.0	27900	0.0	28800	0.0	29700	0.0	30600	0.0	31500	0.0	32400	0.0	33300	0.0	34200	0.0	35100	0.0	36000	0.0
1419014	0	6.0	900	6.0	1800	6.0	2700	6.0	3600	0.0	4500	0.0	5400	0.0	6300	0.0	7200	0.0	8100	0.0	9000	0.0	9900	0.0	10800	0.0	11700	0.0	12600	0.0	13500	0.0	14400	0.0	15300	0.0	16200	0.0	17100	0.0	18000	0.0	18900	0.0	19800	0.0	20700	0.0	21600	0.0	22500	0.0	23400	0.0	24300	0.0	25200	0.0	26100	0.0	27000	0.0	27900	0.0	28800	0.0	29700	0.0	30600	0.0	31500	0.0	32400	0.0	33300	0.0	34200	0.0	35100	0.0	36000	0.0
2324	0	120.5	900	120.82758620689656	1800	120.0	2700	0.0	3600	0.0	4500	0.0	5400	0.0	6300	0.0	7200	0.0	8100	0.0	9000	0.0	9900	0.0	10800	0.0	11700	0.0	12600	0.0	13500	0.0	14400	0.0	15300	0.0	16200	0.0	17100	0.0	18000	0.0	18900	0.0	19800	0.0	20700	0.0	21600	0.0	22500	0.0	23400	0.0	24300	0.0	25200	0.0	26100	0.0	27000	0.0	27900	0.0	28800	0.0	29700	0.0	30600	0.0	31500	0.0	32400	0.0	33300	0.0	34200	0.0	35100	0.0	36000	0.0
21	0	360.0	900	360.0	1800	360.0	2700	0.0	3600	0.0	4500	0.0	5400	0.0	6300	0.0	7200	0.0	8100	0.0	9000	0.0	9900	0.0	10800	0.0	11700	0.0	12600	0.0	13500	0.0	14400	0.0	15300	0.0	16200	0.0	17100	0.0	18000	0.0	18900	0.0	19800	0.0	20700	0.0	21600	0.0	22500	0.0	23400	0.0	24300	0.0	25200	0.0	26100	0.0	27000	0.0	27900	0.0	28800	0.0	29700	0.0	30600	0.0	31500	0.0	32400	0.0	33300	0.0	34200	0.0	35100	0.0	36000	0.0
902424	0	8.125	900	8.727272727272727	1800	6.0	2700	0.0	3600	0.0	4500	0.0	5400	0.0	6300	0.0	7200	0.0	8100	0.0	9000	0.0	9900	0.0	10800	0.0	11700	0.0	12600	0.0	13500	0.0	14400	0.0	15300	0.0	16200	0.0	17100	0.0	18000	0.0	18900	0.0	19800	0.0	20700	0.0	21600	0.0	22500	0.0	23400	0.0	24300	0.0	25200	0.0	26100	0.0	27000	0.0	27900	0.0	28800	0.0	29700	0.0	30600	0.0	31500	0.0	32400	0.0	33300	0.0	34200	0.0	35100	0.0	36000	0.0
1816	0	195.6315789473684	900	188.58947368421053	1800	181.66666666666666	2700	0.0	3600	0.0	4500	0.0	5400	0.0	6300	0.0	7200	0.0	8100	0.0	9000	0.0	9900	0.0	10800	0.0	11700	0.0	12600	0.0	13500	0.0	14400	0.0	15300	0.0	16200	0.0	17100	0.0	18000	0.0	18900	0.0	19800	0.0	20700	0.0	21600	0.0	22500	0.0	23400	0.0	24300	0.0	25200	0.0	26100	0.0	27000	0.0	27900	0.0	28800	0.0	29700	0.0	30600	0.0	31500	0.0	32400	0.0	33300	0.0	34200	0.0	35100	0.0	36000	0.0
26	0	307.7647058823529	900	318.46153846153845	1800	300.85714285714283	2700	0.0	3600	0.0	4500	0.0	5400	0.0	6300	0.0	7200	0.0	8100	0.0	9000	0.0	9900	0.0	10800	0.0	11700	0.0	12600	0.0	13500	0.0	14400	0.0	15300	0.0	16200	0.0	17100	0.0	18000	0.0	18900	0.0	19800	0.0	20700	0.0	21600	0.0	22500	0.0	23400	0.0	24300	0.0	25200	0.0	26100	0.0	27000	0.0	27900	0.0	28800	0.0	29700	0.0	30600	0.0	31500	0.0	32400	0.0	33300	0.0	34200	0.0	35100	0.0	36000	0.0
1820	0	241.15384615384616	900	241.3012048192771	1800	240.0	2700	240.0	3600	0.0	4500	0.0	5400	0.0	6300	0.0	7200	0.0	8100	0.0	9000	0.0	9900	0.0	10800	0.0	11700	0.0	12600	0.0	13500	0.0	14400	0.0	15300	0.0	16200	0.0	17100	0.0	18000	0.0	18900	0.0	19800	0.0	20700	0.0	21600	0.0	22500	0.0	23400	0.0	24300	0.0	25200	0.0	26100	0.0	27000	0.0	27900	0.0	28800	0.0	29700	0.0	30600	0.0	31500	0.0	32400	0.0	33300	0.0	34200	0.0	35100	0.0	36000	0.0
31	0	240.0	900	240.0	1800	240.0	2700	0.0	3600	0.0	4500	0.0	5400	0.0	6300	0.0	7200	0.0	8100	0.0	9000	0.0	9900	0.0	10800	0.0	11700	0.0	12600	0.0	13500	0.0	14400	0.0	15300	0.0	16200	0.0	17100	0.0	18000	0.0	18900	0.0	19800	0.0	20700	0.0	21600	0.0	22500	0.0	23400	0.0	24300	0.0	25200	0.0	26100	0.0	27000	0.0	27900	0.0	28800	0.0	29700	0.0	30600	0.0	31500	0.0	32400	0.0	33300	0.0	34200	0.0	35100	0.0	36000	0.0
319003	0	6.0	900	6.0	1800	6.0	2700	0.0	3600	0.0	4500	0.0	5400	0.0	6300	0.0	7200	0.0	8100	0.0	9000	0.0	9900	0.0	10800	0.0	11700	0.0	12600	0.0	13500	0.0	14400	0.0	15300	0.0	16200	0.0	17100	0.0	18000	0.0	18900	0.0	19800	0.0	20700	0.0	21600	0.0	22500	0.0	23400	0.0	24300	0.0	25200	0.0	26100	0.0	27000	0.0	27900	0.0	28800	0.0	29700	0.0	30600	0.0	31500	0.0	32400	0.0	33300	0.0	34200	0.0	35100	0.0	36000	0.0
1312	0	180.46153846153845	900	180.49411764705883	1800	180.0	2700	0.0	3600	0.0	4500	0.0	5400	0.0	6300	0.0	7200	0.0	8100	0.0	9000	0.0	9900	0.0	10800	0.0	11700	0.0	12600	0.0	13500	0.0	14400	0.0	15300	0.0	16200	0.0	17100	0.0	18000	0.0	18900	0.0	19800	0.0	20700	0.0	21600	0.0	22500	0.0	23400	0.0	24300	0.0	25200	0.0	26100	0.0	27000	0.0	27900	0.0	28800	0.0	29700	0.0	30600	0.0	31500	0.0	32400	0.0	33300	0.0	34200	0.0	35100	0.0	36000	0.0
34	0	240.0	900	240.0	1800	240.28571428571428	2700	0.0	3600	0.0	4500	0.0	5400	0.0	6300	0.0	7200	0.0	8100	0.0	9000	0.0	9900	0.0	10800	0.0	11700	0.0	12600	0.0	13500	0.0	14400	0.0	15300	0.0	16200	0.0	17100	0.0	18000	0.0	18900	0.0	19800	0.0	20700	0.0	21600	0.0	22500	0.0	23400	0.0	24300	0.0	25200	0.0	26100	0.0	27000	0.0	27900	0.0	28800	0.0	29700	0.0	30600	0.0	31500	0.0	32400	0.0	33300	0.0	34200	0.0	35100	0.0	36000	0.0
43	0	240.0	900	240.0	1800	240.0	2700	0.0	3600	0.0	4500	0.0	5400	0.0	6300	0.0	7200	0.0	8100	0.0	9000	0.0	9900	0.0	10800	0.0	11700	0.0	12600	0.0	13500	0.0	14400	0.0	15300	0.0	16200	0.0	17100	0.0	18000	0.0	18900	0.0	19800	0.0	20700	0.0	21600	0.0	22500	0.0	23400	0.0	24300	0.0	25200	0.0	26100	0.0	27000	0.0	27900	0.0	28800	0.0	29700	0.0	30600	0.0	31500	0.0	32400	0.0	33300	0.0	34200	0.0	35100	0.0	36000	0.0
901414	0	12.494117647058824	900	14.414634146341463	1800	54.0	2700	0.0	3600	0.0	4500	0.0	5400	0.0	6300	0.0	7200	0.0	8100	0.0	9000	0.0	9900	0.0	10800	0.0	11700	0.0	12600	0.0	13500	0.0	14400	0.0	15300	0.0	16200	0.0	17100	0.0	18000	0.0	18900	0.0	19800	0.0	20700	0.0	21600	0.0	22500	0.0	23400	0.0	24300	0.0	25200	0.0	26100	0.0	27000	0.0	27900	0.0	28800	0.0	29700	0.0	30600	0.0	31500	0.0	32400	0.0	33300	0.0	34200	0.0	35100	0.0	36000	0.0
1324	0	242.65116279069767	900	246.27692307692308	1800	240.75	2700	0.0	3600	0.0	4500	0.0	5400	0.0	6300	0.0	7200	0.0	8100	0.0	9000	0.0	9900	0.0	10800	0.0	11700	0.0	12600	0.0	13500	0.0	14400	0.0	15300	0.0	16200	0.0	17100	0.0	18000	0.0	18900	0.0	19800	0.0	20700	0.0	21600	0.0	22500	0.0	23400	0.0	24300	0.0	25200	0.0	26100	0.0	27000	0.0	27900	0.0	28800	0.0	29700	0.0	30600	0.0	31500	0.0	32400	0.0	33300	0.0	34200	0.0	35100	0.0	36000	0.0
45	0	121.22448979591837	900	122.85	1800	121.2	2700	0.0	3600	0.0	4500	0.0	5400	0.0	6300	0.0	7200	0.0	8100	0.0	9000	0.0	9900	0.0	10800	0.0	11700	0.0	12600	0.0	13500	0.0	14400	0.0	15300	0.0	16200	0.0	17100	0.0	18000	0.0	18900	0.0	19800	0.0	20700	0.0	21600	0.0	22500	0.0	23400	0.0	24300	0.0	25200	0.0	26100	0.0	27000	0.0	27900	0.0	28800	0.0	29700	0.0	30600	0.0	31500	0.0	32400	0.0	33300	0.0	34200	0.0	35100	0.0	36000	0.0
2219022	0	6.0	900	6.0	1800	6.0	2700	0.0	3600	0.0	4500	0.0	5400	0.0	6300	0.0	7200	0.0	8100	0.0	9000	0.0	9900	0.0	10800	0.0	11700	0.0	12600	0.0	13500	0.0	14400	0.0	15300	0.0	16200	0.0	17100	0.0	18000	0.0	18900	0.0	19800	0.0	20700	0.0	21600	0.0	22500	0.0	23400	0.0	24300	0.0	25200	0.0	26100	0.0	27000	0.0	27900	0.0	28800	0.0	29700	0.0	30600	0.0	31500	0.0	32400	0.0	33300	0.0	34200	0.0	35100	0.0	36000	0.0
816	0	301.04761904761904	900	300.37974683544303	1800	301.0	2700	0.0	3600	0.0	4500	0.0	5400	0.0	6300	0.0	7200	0.0	8100	0.0	9000	0.0	9900	0.0	10800	0.0	11700	0.0	12600	0.0	13500	0.0	14400	0.0	15300	0.0	16200	0.0	17100	0.0	18000	0.0	18900	0.0	19800	0.0	20700	0.0	21600	0.0	22500	0.0	23400	0.0	24300	0.0	25200	0.0	26100	0.0	27000	0.0	27900	0.0	28800	0.0	29700	0.0	30600	0.0	31500	0.0	32400	0.0	33300	0.0	34200	0.0	35100	0.0	36000	0.0
1119011	0	6.0	900	6.0	1800	6.0	2700	0.0	3600	0.0	4500	0.0	5400	0.0	6300	0.0	7200	0.0	8100	0.0	9000	0.0	9900	0.0	10800	0.0	11700	0.0	12600	0.0	13500	0.0	14400	0.0	15300	0.0	16200	0.0	17100	0.0	18000	0.0	18900	0.0	19800	0.0	20700	0.0	21600	0.0	22500	0.0	23400	0.0	24300	0.0	25200	0.0	26100	0.0	27000	0.0	27900	0.0	28800	0.0	29700	0.0	30600	0.0	31500	0.0	32400	0.0	33300	0.0	34200	0.0	35100	0.0	36000	0.0
54	0	120.38297872340425	900	120.3896103896104	1800	120.0	2700	0.0	3600	0.0	4500	0.0	5400	0.0	6300	0.0	7200	0.0	8100	0.0	9000	0.0	9900	0.0	10800	0.0	11700	0.0	12600	0.0	13500	0.0	14400	0.0	15300	0.0	16200	0.0	17100	0.0	18000	0.0	18900	0.0	19800	0.0	20700	0.0	21600	0.0	22500	0.0	23400	0.0	24300	0.0	25200	0.0	26100	0.0	27000	0.0	27900	0.0	28800	0.0	29700	0.0	30600	0.0	31500	0.0	32400	0.0	33300	0.0	34200	0.0	35100	0.0	36000	0.0
1919019	0	6.0	900	6.0	1800	6.0	2700	6.0	3600	0.0	4500	0.0	5400	0.0	6300	0.0	7200	0.0	8100	0.0	9000	0.0	9900	0.0	10800	0.0	11700	0.0	12600	0.0	13500	0.0	14400	0.0	15300	0.0	16200	0.0	17100	0.0	18000	0.0	18900	0.0	19800	0.0	20700	0.0	21600	0.0	22500	0.0	23400	0.0	24300	0.0	25200	0.0	26100	0.0	27000	0.0	27900	0.0	28800	0.0	29700	0.0	30600	0.0	31500	0.0	32400	0.0	33300	0.0	34200	0.0	35100	0.0	36000	0.0
312	0	242.9189189189189	900	242.28	1800	240.0	2700	0.0	3600	0.0	4500	0.0	5400	0.0	6300	0.0	7200	0.0	8100	0.0	9000	0.0	9900	0.0	10800	0.0	11700	0.0	12600	0.0	13500	0.0	14400	0.0	15300	0.0	16200	0.0	17100	0.0	18000	0.0	18900	0.0	19800	0.0	20700	0.0	21600	0.0	22500	0.0	23400	0.0	24300	0.0	25200	0.0	26100	0.0	27000	0.0	27900	0.0	28800	0.0	29700	0.0	30600	0.0	31500	0.0	32400	0.0	33300	0.0	34200	0.0	35100	0.0	36000	0.0
56	0	241.5	900	243.70909090909092	1800	241.2	2700	0.0	3600	0.0	4500	0.0	5400	0.0	6300	0.0	7200	0.0	8100	0.0	9000	0.0	9900	0.0	10800	0.0	11700	0.0	12600	0.0	13500	0.0	14400	0.0	15300	0.0	16200	0.0	17100	0.0	18000	0.0	18900	0.0	19800	0.0	20700	0.0	21600	0.0	22500	0.0	23400	0.0	24300	0.0	25200	0.0	26100	0.0	27000	0.0	27900	0.0	28800	0.0	29700	0.0	30600	0.0	31500	0.0	32400	0.0	33300	0.0	34200	0.0	35100	0.0	36000	0.0
59	0	300.375	900	300.11538461538464	1800	300.0	2700	0.0	3600	0.0	4500	0.0	5400	0.0	6300	0.0	7200	0.0	8100	0.0	9000	0.0	9900	0.0	10800	0.0	11700	0.0	12600	0.0	13500	0.0	14400	0.0	15300	0.0	16200	0.0	17100	0.0	18000	0.0	18900	0.0	19800	0.0	20700	0.0	21600	0.0	22500	0.0	23400	0.0	24300	0.0	25200	0.0	26100	0.0	27000	0.0	27900	0.0	28800	0.0	29700	0.0	30600	0.0	31500	0.0	32400	0.0	33300	0.0	34200	0.0	35100	0.0	36000	0.0
62	0	300.0	900	300.0	1800	300.0	2700	0.0	3600	0.0	4500	0.0	5400	0.0	6300	0.0	7200	0.0	8100	0.0	9000	0.0	9900	0.0	10800	0.0	11700	0.0	12600	0.0	13500	0.0	14400	0.0	15300	0.0	16200	0.0	17100	0.0	18000	0.0	18900	0.0	19800	0.0	20700	0.0	21600	0.0	22500	0.0	23400	0.0	24300	0.0	25200	0.0	26100	0.0	27000	0.0	27900	0.0	28800	0.0	29700	0.0	30600	0.0	31500	0.0	32400	0.0	33300	0.0	34200	0.0	35100	0.0	36000	0.0
65	0	240.0	900	240.0	1800	240.0	2700	0.0	3600	0.0	4500	0.0	5400	0.0	6300	0.0	7200	0.0	8100	0.0	9000	0.0	9900	0.0	10800	0.0	11700	0.0	12600	0.0	13500	0.0	14400	0.0	15300	0.0	16200	0.0	17100	0.0	18000	0.0	18900	0.0	19800	0.0	20700	0.0	21600	0.0	22500	0.0	23400	0.0	24300	0.0	25200	0.0	26100	0.0	27000	0.0	27900	0.0	28800	0.0	29700	0.0	30600	0.0	31500	0.0	32400	0.0	33300	0.0	34200	0.0	35100	0.0	36000	0.0
902222	0	9.452054794520548	900	9.657534246575343	1800	0.0	2700	0.0	3600	0.0	4500	0.0	5400	0.0	6300	0.0	7200	0.0	8100	0.0	9000	0.0	9900	0.0	10800	0.0	11700	0.0	12600	0.0	13500	0.0	14400	0.0	15300	0.0	16200	0.0	17100	0.0	18000	0.0	18900	0.0	19800	0.0	20700	0.0	21600	0.0	22500	0.0	23400	0.0	24300	0.0	25200	0.0	26100	0.0	27000	0.0	27900	0.0	28800	0.0	29700	0.0	30600	0.0	31500	0.0	32400	0.0	33300	0.0	34200	0.0	35100	0.0	36000	0.0
68	0	121.0	900	120.91764705882353	1800	121.16666666666667	2700	0.0	3600	0.0	4500	0.0	5400	0.0	6300	0.0	7200	0.0	8100	0.0	9000	0.0	9900	0.0	10800	0.0	11700	0.0	12600	0.0	13500	0.0	14400	0.0	15300	0.0	16200	0.0	17100	0.0	18000	0.0	18900	0.0	19800	0.0	20700	0.0	21600	0.0	22500	0.0	23400	0.0	24300	0.0	25200	0.0	26100	0.0	27000	0.0	27900	0.0	28800	0.0	29700	0.0	30600	0.0	31500	0.0	32400	0.0	33300	0.0	34200	0.0	35100	0.0	36000	0.0
2120	0	360.0	900	360.2142857142857	1800	360.0	2700	0.0	3600	0.0	4500	0.0	5400	0.0	6300	0.0	7200	0.0	8100	0.0	9000	0.0	9900	0.0	10800	0.0	11700	0.0	12600	0.0	13500	0.0	14400	0.0	15300	0.0	16200	0.0	17100	0.0	18000	0.0	18900	0.0	19800	0.0	20700	0.0	21600	0.0	22500	0.0	23400	0.0	24300	0.0	25200	0.0	26100	0.0	27000	0.0	27900	0.0	28800	0.0	29700	0.0	30600	0.0	31500	0.0	32400	0.0	33300	0.0	34200	0.0	35100	0.0	36000	0.0
1610	0	240.0	900	240.0	1800	240.0	2700	0.0	3600	0.0	4500	0.0	5400	0.0	6300	0.0	7200	0.0	8100	0.0	9000	0.0	9900	0.0	10800	0.0	11700	0.0	12600	0.0	13500	0.0	14400	0.0	15300	0.0	16200	0.0	17100	0.0	18000	0.0	18900	0.0	19800	0.0	20700	0.0	21600	0.0	22500	0.0	23400	0.0	24300	0.0	25200	0.0	26100	0.0	27000	0.0	27900	0.0	28800	0.0	29700	0.0	30600	0.0	31500	0.0	32400	0.0	33300	0.0	34200	0.0	35100	0.0	36000	0.0
2122	0	122.95081967213115	900	123.4054054054054	1800	120.0	2700	0.0	3600	0.0	4500	0.0	5400	0.0	6300	0.0	7200	0.0	8100	0.0	9000	0.0	9900	0.0	10800	0.0	11700	0.0	12600	0.0	13500	0.0	14400	0.0	15300	0.0	16200	0.0	17100	0.0	18000	0.0	18900	0.0	19800	0.0	20700	0.0	21600	0.0	22500	0.0	23400	0.0	24300	0.0	25200	0.0	26100	0.0	27000	0.0	27900	0.0	28800	0.0	29700	0.0	30600	0.0	31500	0.0	32400	0.0	33300	0.0	34200	0.0	35100	0.0	36000	0.0
2124	0	181.8	900	181.7391304347826	1800	180.69230769230768	2700	0.0	3600	0.0	4500	0.0	5400	0.0	6300	0.0	7200	0.0	8100	0.0	9000	0.0	9900	0.0	10800	0.0	11700	0.0	12600	0.0	13500	0.0	14400	0.0	15300	0.0	16200	0.0	17100	0.0	18000	0.0	18900	0.0	19800	0.0	20700	0.0	21600	0.0	22500	0.0	23400	0.0	24300	0.0	25200	0.0	26100	0.0	27000	0.0	27900	0.0	28800	0.0	29700	0.0	30600	0.0	31500	0.0	32400	0.0	33300	0.0	34200	0.0	35100	0.0	36000	0.0
819008	0	6.0	900	6.0	1800	6.0	2700	6.0	3600	0.0	4500	0.0	5400	0.0	6300	0.0	7200	0.0	8100	0.0	9000	0.0	9900	0.0	10800	0.0	11700	0.0	12600	0.0	13500	0.0	14400	0.0	15300	0.0	16200	0.0	17100	0.0	18000	0.0	18900	0.0	19800	0.0	20700	0.0	21600	0.0	22500	0.0	23400	0.0	24300	0.0	25200	0.0	26100	0.0	27000	0.0	27900	0.0	28800	0.0	29700	0.0	30600	0.0	31500	0.0	32400	0.0	33300	0.0	34200	0.0	35100	0.0	36000	0.0
2119021	0	6.0	900	6.0	1800	6.0	2700	0.0	3600	0.0	4500	0.0	5400	0.0	6300	0.0	7200	0.0	8100	0.0	9000	0.0	9900	0.0	10800	0.0	11700	0.0	12600	0.0	13500	0.0	14400	0.0	15300	0.0	16200	0.0	17100	0.0	18000	0.0	18900	0.0	19800	0.0	20700	0.0	21600	0.0	22500	0.0	23400	0.0	24300	0.0	25200	0.0	26100	0.0	27000	0.0	27900	0.0	28800	0.0	29700	0.0	30600	0.0	31500	0.0	32400	0.0	33300	0.0	34200	0.0	35100	0.0	36000	0.0
78	0	187.25581395348837	900	187.2923076923077	1800	181.5	2700	0.0	3600	0.0	4500	0.0	5400	0.0	6300	0.0	7200	0.0	8100	0.0	9000	0.0	9900	0.0	10800	0.0	11700	0.0	12600	0.0	13500	0.0	14400	0.0	15300	0.0	16200	0.0	17100	0.0	18000	0.0	18900	0.0	19800	0.0	20700	0.0	21600	0.0	22500	0.0	23400	0.0	24300	0.0	25200	0.0	26100	0.0	27000	0.0	27900	0.0	28800	0.0	29700	0.0	30600	0.0	31500	0.0	32400	0.0	33300	0.0	34200	0.0	35100	0.0	36000	0.0
1619016	0	6.0	900	6.0	1800	6.0	2700	6.0	3600	0.0	4500	0.0	5400	0.0	6300	0.0	7200	0.0	8100	0.0	9000	0.0	9900	0.0	10800	0.0	11700	0.0	12600	0.0	13500	0.0	14400	0.0	15300	0.0	16200	0.0	17100	0.0	18000	0.0	18900	0.0	19800	0.0	20700	0.0	21600	0.0	22500	0.0	23400	0.0	24300	0.0	25200	0.0	26100	0.0	27000	0.0	27900	0.0	28800	0.0	29700	0.0	30600	0.0	31500	0.0	32400	0.0	33300	0.0	34200	0.0	35100	0.0	36000	0.0
1617	0	121.0	900	121.488	1800	121.18032786885246	2700	0.0	3600	0.0	4500	0.0	5400	0.0	6300	0.0	7200	0.0	8100	0.0	9000	0.0	9900	0.0	10800	0.0	11700	0.0	12600	0.0	13500	0.0	14400	0.0	15300	0.0	16200	0.0	17100	0.0	18000	0.0	18900	0.0	19800	0.0	20700	0.0	21600	0.0	22500	0.0	23400	0.0	24300	0.0	25200	0.0	26100	0.0	27000	0.0	27900	0.0	28800	0.0	29700	0.0	30600	0.0	31500	0.0	32400	0.0	33300	0.0	34200	0.0	35100	0.0	36000	0.0
901212	0	7.62962962962963	900	7.785714285714286	1800	6.0	2700	0.0	3600	0.0	4500	0.0	5400	0.0	6300	0.0	7200	0.0	8100	0.0	9000	0.0	9900	0.0	10800	0.0	11700	0.0	12600	0.0	13500	0.0	14400	0.0	15300	0.0	16200	0.0	17100	0.0	18000	0.0	18900	0.0	19800	0.0	20700	0.0	21600	0.0	22500	0.0	23400	0.0	24300	0.0	25200	0.0	26100	0.0	27000	0.0	27900	0.0	28800	0.0	29700	0.0	30600	0.0	31500	0.0	32400	0.0	33300	0.0	34200	0.0	35100	0.0	36000	0.0
1618	0	180.0	900	180.0	1800	180.0	2700	0.0	3600	0.0	4500	0.0	5400	0.0	6300	0.0	7200	0.0	8100	0.0	9000	0.0	9900	0.0	10800	0.0	11700	0.0	12600	0.0	13500	0.0	14400	0.0	15300	0.0	16200	0.0	17100	0.0	18000	0.0	18900	0.0	19800	0.0	20700	0.0	21600	0.0	22500	0.0	23400	0.0	24300	0.0	25200	0.0	26100	0.0	27000	0.0	27900	0.0	28800	0.0	29700	0.0	30600	0.0	31500	0.0	32400	0.0	33300	0.0	34200	0.0	35100	0.0	36000	0.0
86	0	121.33333333333333	900	121.07368421052631	1800	121.17073170731707	2700	0.0	3600	0.0	4500	0.0	5400	0.0	6300	0.0	7200	0.0	8100	0.0	9000	0.0	9900	0.0	10800	0.0	11700	0.0	12600	0.0	13500	0.0	14400	0.0	15300	0.0	16200	0.0	17100	0.0	18000	0.0	18900	0.0	19800	0.0	20700	0.0	21600	0.0	22500	0.0	23400	0.0	24300	0.0	25200	0.0	26100	0.0	27000	0.0	27900	0.0	28800	0.0	29700	0.0	30600	0.0	31500	0.0	32400	0.0	33300	0.0	34200	0.0	35100	0.0	36000	0.0
1110	0	301.53333333333336	900	301.5762711864407	1800	301.2857142857143	2700	0.0	3600	0.0	4500	0.0	5400	0.0	6300	0.0	7200	0.0	8100	0.0	9000	0.0	9900	0.0	10800	0.0	11700	0.0	12600	0.0	13500	0.0	14400	0.0	15300	0.0	16200	0.0	17100	0.0	18000	0.0	18900	0.0	19800	0.0	20700	0.0	21600	0.0	22500	0.0	23400	0.0	24300	0.0	25200	0.0	26100	0.0	27000	0.0	27900	0.0	28800	0.0	29700	0.0	30600	0.0	31500	0.0	32400	0.0	33300	0.0	34200	0.0	35100	0.0	36000	0.0
87	0	180.0	900	180.0	1800	180.0	2700	0.0	3600	0.0	4500	0.0	5400	0.0	6300	0.0	7200	0.0	8100	0.0	9000	0.0	9900	0.0	10800	0.0	11700	0.0	12600	0.0	13500	0.0	14400	0.0	15300	0.0	16200	0.0	17100	0.0	18000	0.0	18900	0.0	19800	0.0	20700	0.0	21600	0.0	22500	0.0	23400	0.0	24300	0.0	25200	0.0	26100	0.0	27000	0.0	27900	0.0	28800	0.0	29700	0.0	30600	0.0	31500	0.0	32400	0.0	33300	0.0	34200	0.0	35100	0.0	36000	0.0
1112	0	360.0	900	360.0	1800	360.0	2700	0.0	3600	0.0	4500	0.0	5400	0.0	6300	0.0	7200	0.0	8100	0.0	9000	0.0	9900	0.0	10800	0.0	11700	0.0	12600	0.0	13500	0.0	14400	0.0	15300	0.0	16200	0.0	17100	0.0	18000	0.0	18900	0.0	19800	0.0	20700	0.0	21600	0.0	22500	0.0	23400	0.0	24300	0.0	25200	0.0	26100	0.0	27000	0.0	27900	0.0	28800	0.0	29700	0.0	30600	0.0	31500	0.0	32400	0.0	33300	0.0	34200	0.0	35100	0.0	36000	0.0
901717	0	26.851063829787233	900	74.15492957746478	1800	0.0	2700	0.0	3600	0.0	4500	0.0	5400	0.0	6300	0.0	7200	0.0	8100	0.0	9000	0.0	9900	0.0	10800	0.0	11700	0.0	12600	0.0	13500	0.0	14400	0.0	15300	0.0	16200	0.0	17100	0.0	18000	0.0	18900	0.0	19800	0.0	20700	0.0	21600	0.0	22500	0.0	23400	0.0	24300	0.0	25200	0.0	26100	0.0	27000	0.0	27900	0.0	28800	0.0	29700	0.0	30600	0.0	31500	0.0	32400	0.0	33300	0.0	34200	0.0	35100	0.0	36000	0.0
89	0	600.0	900	600.0	1800	0.0	2700	0.0	3600	0.0	4500	0.0	5400	0.0	6300	0.0	7200	0.0	8100	0.0	9000	0.0	9900	0.0	10800	0.0	11700	0.0	12600	0.0	13500	0.0	14400	0.0	15300	0.0	16200	0.0	17100	0.0	18000	0.0	18900	0.0	19800	0.0	20700	0.0	21600	0.0	22500	0.0	23400	0.0	24300	0.0	25200	0.0	26100	0.0	27000	0.0	27900	0.0	28800	0.0	29700	0.0	30600	0.0	31500	0.0	32400	0.0	33300	0.0	34200	0.0	35100	0.0	36000	0.0
1114	0	240.6086956521739	900	240.24	1800	240.42857142857142	2700	0.0	3600	0.0	4500	0.0	5400	0.0	6300	0.0	7200	0.0	8100	0.0	9000	0.0	9900	0.0	10800	0.0	11700	0.0	12600	0.0	13500	0.0	14400	0.0	15300	0.0	16200	0.0	17100	0.0	18000	0.0	18900	0.0	19800	0.0	20700	0.0	21600	0.0	22500	0.0	23400	0.0	24300	0.0	25200	0.0	26100	0.0	27000	0.0	27900	0.0	28800	0.0	29700	0.0	30600	0.0	31500	0.0	32400	0.0	33300	0.0	34200	0.0	35100	0.0	36000	0.0
519005	0	6.0	900	6.0	1800	6.0	2700	0.0	3600	0.0	4500	0.0	5400	0.0	6300	0.0	7200	0.0	8100	0.0	9000	0.0	9900	0.0	10800	0.0	11700	0.0	12600	0.0	13500	0.0	14400	0.0	15300	0.0	16200	0.0	17100	0.0	18000	0.0	18900	0.0	19800	0.0	20700	0.0	21600	0.0	22500	0.0	23400	0.0	24300	0.0	25200	0.0	26100	0.0	27000	0.0	27900	0.0	28800	0.0	29700	0.0	30600	0.0	31500	0.0	32400	0.0	33300	0.0	34200	0.0	35100	0.0	36000	0.0
95	0	300.1363636363636	900	300.0	1800	300.0	2700	0.0	3600	0.0	4500	0.0	5400	0.0	6300	0.0	7200	0.0	8100	0.0	9000	0.0	9900	0.0	10800	0.0	11700	0.0	12600	0.0	13500	0.0	14400	0.0	15300	0.0	16200	0.0	17100	0.0	18000	0.0	18900	0.0	19800	0.0	20700	0.0	21600	0.0	22500	0.0	23400	0.0	24300	0.0	25200	0.0	26100	0.0	27000	0.0	27900	0.0	28800	0.0	29700	0.0	30600	0.0	31500	0.0	32400	0.0	33300	0.0	34200	0.0	35100	0.0	36000	0.0
98	0	600.0	900	600.0	1800	0.0	2700	0.0	3600	0.0	4500	0.0	5400	0.0	6300	0.0	7200	0.0	8100	0.0	9000	0.0	9900	0.0	10800	0.0	11700	0.0	12600	0.0	13500	0.0	14400	0.0	15300	0.0	16200	0.0	17100	0.0	18000	0.0	18900	0.0	19800	0.0	20700	0.0	21600	0.0	22500	0.0	23400	0.0	24300	0.0	25200	0.0	26100	0.0	27000	0.0	27900	0.0	28800	0.0	29700	0.0	30600	0.0	31500	0.0	32400	0.0	33300	0.0	34200	0.0	35100	0.0	36000	0.0
109	0	180.11320754716982	900	180.15	1800	180.0	2700	0.0	3600	0.0	4500	0.0	5400	0.0	6300	0.0	7200	0.0	8100	0.0	9000	0.0	9900	0.0	10800	0.0	11700	0.0	12600	0.0	13500	0.0	14400	0.0	15300	0.0	16200	0.0	17100	0.0	18000	0.0	18900	0.0	19800	0.0	20700	0.0	21600	0.0	22500	0.0	23400	0.0	24300	0.0	25200	0.0	26100	0.0	27000	0.0	27900	0.0	28800	0.0	29700	0.0	30600	0.0	31500	0.0	32400	0.0	33300	0.0	34200	0.0	35100	0.0	36000	0.0
2413	0	240.0	900	240.0	1800	240.0	2700	0.0	3600	0.0	4500	0.0	5400	0.0	6300	0.0	7200	0.0	8100	0.0	9000	0.0	9900	0.0	10800	0.0	11700	0.0	12600	0.0	13500	0.0	14400	0.0	15300	0.0	16200	0.0	17100	0.0	18000	0.0	18900	0.0	19800	0.0	20700	0.0	21600	0.0	22500	0.0	23400	0.0	24300	0.0	25200	0.0	26100	0.0	27000	0.0	27900	0.0	28800	0.0	29700	0.0	30600	0.0	31500	0.0	32400	0.0	33300	0.0	34200	0.0	35100	0.0	36000	0.0
1319013	0	6.0	900	6.0	1800	6.0	2700	6.0	3600	0.0	4500	0.0	5400	0.0	6300	0.0	7200	0.0	8100	0.0	9000	0.0	9900	0.0	10800	0.0	11700	0.0	12600	0.0	13500	0.0	14400	0.0	15300	0.0	16200	0.0	17100	0.0	18000	0.0	18900	0.0	19800	0.0	20700	0.0	21600	0.0	22500	0.0	23400	0.0	24300	0.0	25200	0.0	26100	0.0	27000	0.0	27900	0.0	28800	0.0	29700	0.0	30600	0.0	31500	0.0	32400	0.0	33300	0.0	34200	0.0	35100	0.0	36000	0.0
114	0	360.0	900	360.0	1800	360.0	2700	0.0	3600	0.0	4500	0.0	5400	0.0	6300	0.0	7200	0.0	8100	0.0	9000	0.0	9900	0.0	10800	0.0	11700	0.0	12600	0.0	13500	0.0	14400	0.0	15300	0.0	16200	0.0	17100	0.0	18000	0.0	18900	0.0	19800	0.0	20700	0.0	21600	0.0	22500	0.0	23400	0.0	24300	0.0	25200	0.0	26100	0.0	27000	0.0	27900	0.0	28800	0.0	29700	0.0	30600	0.0	31500	0.0	32400	0.0	33300	0.0	34200	0.0	35100	0.0	36000	0.0
2419024	0	6.0	900	6.0	1800	6.0	2700	0.0	3600	0.0	4500	0.0	5400	0.0	6300	0.0	7200	0.0	8100	0.0	9000	0.0	9900	0.0	10800	0.0	11700	0.0	12600	0.0	13500	0.0	14400	0.0	15300	0.0	16200	0.0	17100	0.0	18000	0.0	18900	0.0	19800	0.0	20700	0.0	21600	0.0	22500	0.0	23400	0.0	24300	0.0	25200	0.0	26100	0.0	27000	0.0	27900	0.0	28800	0.0	29700	0.0	30600	0.0	31500	0.0	32400	0.0	33300	0.0	34200	0.0	35100	0.0	36000	0.0
2421	0	183.39622641509433	900	183.27272727272728	1800	180.4	2700	0.0	3600	0.0	4500	0.0	5400	0.0	6300	0.0	7200	0.0	8100	0.0	9000	0.0	9900	0.0	10800	0.0	11700	0.0	12600	0.0	13500	0.0	14400	0.0	15300	0.0	16200	0.0	17100	0.0	18000	0.0	18900	0.0	19800	0.0	20700	0.0	21600	0.0	22500	0.0	23400	0.0	24300	0.0	25200	0.0	26100	0.0	27000	0.0	27900	0.0	28800	0.0	29700	0.0	30600	0.0	31500	0.0	32400	0.0	33300	0.0	34200	0.0	35100	0.0	36000	0.0
2423	0	120.23076923076923	900	120.6923076923077	1800	120.0	2700	0.0	3600	0.0	4500	0.0	5400	0.0	6300	0.0	7200	0.0	8100	0.0	9000	0.0	9900	0.0	10800	0.0	11700	0.0	12600	0.0	13500	0.0	14400	0.0	15300	0.0	16200	0.0	17100	0.0	18000	0.0	18900	0.0	19800	0.0	20700	0.0	21600	0.0	22500	0.0	23400	0.0	24300	0.0	25200	0.0	26100	0.0	27000	0.0	27900	0.0	28800	0.0	29700	0.0	30600	0.0	31500	0.0	32400	0.0	33300	0.0	34200	0.0	35100	0.0	36000	0.0
219002	0	6.0	900	6.0	1800	6.0	2700	6.0	3600	0.0	4500	0.0	5400	0.0	6300	0.0	7200	0.0	8100	0.0	9000	0.0	9900	0.0	10800	0.0	11700	0.0	12600	0.0	13500	0.0	14400	0.0	15300	0.0	16200	0.0	17100	0.0	18000	0.0	18900	0.0	19800	0.0	20700	0.0	21600	0.0	22500	0.0	23400	0.0	24300	0.0	25200	0.0	26100	0.0	27000	0.0	27900	0.0	28800	0.0	29700	0.0	30600	0.0	31500	0.0	32400	0.0	33300	0.0	34200	0.0	35100	0.0	36000	0.0
123	0	240.0	900	240.0	1800	240.0	2700	0.0	3600	0.0	4500	0.0	5400	0.0	6300	0.0	7200	0.0	8100	0.0	9000	0.0	9900	0.0	10800	0.0	11700	0.0	12600	0.0	13500	0.0	14400	0.0	15300	0.0	16200	0.0	17100	0.0	18000	0.0	18900	0.0	19800	0.0	20700	0.0	21600	0.0	22500	0.0	23400	0.0	24300	0.0	25200	0.0	26100	0.0	27000	0.0	27900	0.0	28800	0.0	29700	0.0	30600	0.0	31500	0.0	32400	0.0	33300	0.0	34200	0.0	35100	0.0	36000	0.0
1915	0	182.90721649484536	900	182.30769230769232	1800	180.68571428571428	2700	0.0	3600	0.0	4500	0.0	5400	0.0	6300	0.0	7200	0.0	8100	0.0	9000	0.0	9900	0.0	10800	0.0	11700	0.0	12600	0.0	13500	0.0	14400	0.0	15300	0.0	16200	0.0	17100	0.0	18000	0.0	18900	0.0	19800	0.0	20700	0.0	21600	0.0	22500	0.0	23400	0.0	24300	0.0	25200	0.0	26100	0.0	27000	0.0	27900	0.0	28800	0.0	29700	0.0	30600	0.0	31500	0.0	32400	0.0	33300	0.0	34200	0.0	35100	0.0	36000	0.0
1917	0	137.6590909090909	900	162.89256198347107	1800	120.1304347826087	2700	0.0	3600	0.0	4500	0.0	5400	0.0	6300	0.0	7200	0.0	8100	0.0	9000	0.0	9900	0.0	10800	0.0	11700	0.0	12600	0.0	13500	0.0	14400	0.0	15300	0.0	16200	0.0	17100	0.0	18000	0.0	18900	0.0	19800	0.0	20700	0.0	21600	0.0	22500	0.0	23400	0.0	24300	0.0	25200	0.0	26100	0.0	27000	0.0	27900	0.0	28800	0.0	29700	0.0	30600	0.0	31500	0.0	32400	0.0	33300	0.0	34200	0.0	35100	0.0	36000	0.0
1920	0	240.0	900	240.0	1800	240.0	2700	0.0	3600	0.0	4500	0.0	5400	0.0	6300	0.0	7200	0.0	8100	0.0	9000	0.0	9900	0.0	10800	0.0	11700	0.0	12600	0.0	13500	0.0	14400	0.0	15300	0.0	16200	0.0	17100	0.0	18000	0.0	18900	0.0	19800	0.0	20700	0.0	21600	0.0	22500	0.0	23400	0.0	24300	0.0	25200	0.0	26100	0.0	27000	0.0	27900	0.0	28800	0.0	29700	0.0	30600	0.0	31500	0.0	32400	0.0	33300	0.0	34200	0.0	35100	0.0	36000	0.0
1411	0	240.8709677419355	900	240.28571428571428	1800	240.0	2700	0.0	3600	0.0	4500	0.0	5400	0.0	6300	0.0	7200	0.0	8100	0.0	9000	0.0	9900	0.0	10800	0.0	11700	0.0	12600	0.0	13500	0.0	14400	0.0	15300	0.0	16200	0.0	17100	0.0	18000	0.0	18900	0.0	19800	0.0	20700	0.0	21600	0.0	22500	0.0	23400	0.0	24300	0.0	25200	0.0	26100	0.0	27000	0.0	27900	0.0	28800	0.0	29700	0.0	30600	0.0	31500	0.0	32400	0.0	33300	0.0	34200	0.0	35100	0.0	36000	0.0
901515	0	6.140625	900	6.283464566929134	1800	6.0	2700	0.0	3600	0.0	4500	0.0	5400	0.0	6300	0.0	7200	0.0	8100	0.0	9000	0.0	9900	0.0	10800	0.0	11700	0.0	12600	0.0	13500	0.0	14400	0.0	15300	0.0	16200	0.0	17100	0.0	18000	0.0	18900	0.0	19800	0.0	20700	0.0	21600	0.0	22500	0.0	23400	0.0	24300	0.0	25200	0.0	26100	0.0	27000	0.0	27900	0.0	28800	0.0	29700	0.0	30600	0.0	31500	0.0	32400	0.0	33300	0.0	34200	0.0	35100	0.0	36000	0.0
1415	0	301.4634146341463	900	301.04347826086956	1800	300.0	2700	300.0	3600	0.0	4500	0.0	5400	0.0	6300	0.0	7200	0.0	8100	0.0	9000	0.0	9900	0.0	10800	0.0	11700	0.0	12600	0.0	13500	0.0	14400	0.0	15300	0.0	16200	0.0	17100	0.0	18000	0.0	18900	0.0	19800	0.0	20700	0.0	21600	0.0	22500	0.0	23400	0.0	24300	0.0	25200	0.0	26100	0.0	27000	0.0	27900	0.0	28800	0.0	29700	0.0	30600	0.0	31500	0.0	32400	0.0	33300	0.0	34200	0.0	35100	0.0	36000	0.0
902020	0	6.777777777777778	900	6.79646017699115	1800	6.0	2700	0.0	3600	0.0	4500	0.0	5400	0.0	6300	0.0	7200	0.0	8100	0.0	9000	0.0	9900	0.0	10800	0.0	11700	0.0	12600	0.0	13500	0.0	14400	0.0	15300	0.0	16200	0.0	17100	0.0	18000	0.0	18900	0.0	19800	0.0	20700	0.0	21600	0.0	22500	0.0	23400	0.0	24300	0.0	25200	0.0	26100	0.0	27000	0.0	27900	0.0	28800	0.0	29700	0.0	30600	0.0	31500	0.0	32400	0.0	33300	0.0	34200	0.0	35100	0.0	36000	0.0
2319023	0	6.0	900	6.0	1800	6.0	2700	6.0	3600	0.0	4500	0.0	5400	0.0	6300	0.0	7200	0.0	8100	0.0	9000	0.0	9900	0.0	10800	0.0	11700	0.0	12600	0.0	13500	0.0	14400	0.0	15300	0.0	16200	0.0	17100	0.0	18000	0.0	18900	0.0	19800	0.0	20700	0.0	21600	0.0	22500	0.0	23400	0.0	24300	0.0	25200	0.0	26100	0.0	27000	0.0	27900	0.0	28800	0.0	29700	0.0	30600	0.0	31500	0.0	32400	0.0	33300	0.0	34200	0.0	35100	0.0	36000	0.0
1019010	0	6.0	900	6.0	1800	6.0	2700	6.0	3600	0.0	4500	0.0	5400	0.0	6300	0.0	7200	0.0	8100	0.0	9000	0.0	9900	0.0	10800	0.0	11700	0.0	12600	0.0	13500	0.0	14400	0.0	15300	0.0	16200	0.0	17100	0.0	18000	0.0	18900	0.0	19800	0.0	20700	0.0	21600	0.0	22500	0.0	23400	0.0	24300	0.0	25200	0.0	26100	0.0	27000	0.0	27900	0.0	28800	0.0	29700	0.0	30600	0.0	31500	0.0	32400	0.0	33300	0.0	34200	0.0	35100	0.0	36000	0.0
910	0	181.5	900	181.63636363636363	1800	180.0	2700	0.0	3600	0.0	4500	0.0	5400	0.0	6300	0.0	7200	0.0	8100	0.0	9000	0.0	9900	0.0	10800	0.0	11700	0.0	12600	0.0	13500	0.0	14400	0.0	15300	0.0	16200	0.0	17100	0.0	18000	0.0	18900	0.0	19800	0.0	20700	0.0	21600	0.0	22500	0.0	23400	0.0	24300	0.0	25200	0.0	26100	0.0	27000	0.0	27900	0.0	28800	0.0	29700	0.0	30600	0.0	31500	0.0	32400	0.0	33300	0.0	34200	0.0	35100	0.0	36000	0.0
1423	0	246.375	900	240.6	1800	240.75	2700	0.0	3600	0.0	4500	0.0	5400	0.0	6300	0.0	7200	0.0	8100	0.0	9000	0.0	9900	0.0	10800	0.0	11700	0.0	12600	0.0	13500	0.0	14400	0.0	15300	0.0	16200	0.0	17100	0.0	18000	0.0	18900	0.0	19800	0.0	20700	0.0	21600	0.0	22500	0.0	23400	0.0	24300	0.0	25200	0.0	26100	0.0	27000	0.0	27900	0.0	28800	0.0	29700	0.0	30600	0.0	31500	0.0	32400	0.0	33300	0.0	34200	0.0	35100	0.0	36000	0.0
1819018	0	6.0	900	6.0	1800	6.0	2700	6.0	3600	0.0	4500	0.0	5400	0.0	6300	0.0	7200	0.0	8100	0.0	9000	0.0	9900	0.0	10800	0.0	11700	0.0	12600	0.0	13500	0.0	14400	0.0	15300	0.0	16200	0.0	17100	0.0	18000	0.0	18900	0.0	19800	0.0	20700	0.0	21600	0.0	22500	0.0	23400	0.0	24300	0.0	25200	0.0	26100	0.0	27000	0.0	27900	0.0	28800	0.0	29700	0.0	30600	0.0	31500	0.0	32400	0.0	33300	0.0	34200	0.0	35100	0.0	36000	0.0
719007	0	6.0	900	6.0	1800	6.0	2700	6.0	3600	0.0	4500	0.0	5400	0.0	6300	0.0	7200	0.0	8100	0.0	9000	0.0	9900	0.0	10800	0.0	11700	0.0	12600	0.0	13500	0.0	14400	0.0	15300	0.0	16200	0.0	17100	0.0	18000	0.0	18900	0.0	19800	0.0	20700	0.0	21600	0.0	22500	0.0	23400	0.0	24300	0.0	25200	0.0	26100	0.0	27000	0.0	27900	0.0	28800	0.0	29700	0.0	30600	0.0	31500	0.0	32400	0.0	33300	0.0	34200	0.0	35100	0.0	36000	0.0
90011	0	6.0	900	6.0	1800	0.0	2700	0.0	3600	0.0	4500	0.0	5400	0.0	6300	0.0	7200	0.0	8100	0.0	9000	0.0	9900	0.0	10800	0.0	11700	0.0	12600	0.0	13500	0.0	14400	0.0	15300	0.0	16200	0.0	17100	0.0	18000	0.0	18900	0.0	19800	0.0	20700	0.0	21600	0.0	22500	0.0	23400	0.0	24300	0.0	25200	0.0	26100	0.0	27000	0.0	27900	0.0	28800	0.0	29700	0.0	30600	0.0	31500	0.0	32400	0.0	33300	0.0	34200	0.0	35100	0.0	36000	0.0
411	0	370.92857142857144	900	362.3076923076923	1800	362.0	2700	0.0	3600	0.0	4500	0.0	5400	0.0	6300	0.0	7200	0.0	8100	0.0	9000	0.0	9900	0.0	10800	0.0	11700	0.0	12600	0.0	13500	0.0	14400	0.0	15300	0.0	16200	0.0	17100	0.0	18000	0.0	18900	0.0	19800	0.0	20700	0.0	21600	0.0	22500	0.0	23400	0.0	24300	0.0	25200	0.0	26100	0.0	27000	0.0	27900	0.0	28800	0.0	29700	0.0	30600	0.0	31500	0.0	32400	0.0	33300	0.0	34200	0.0	35100	0.0	36000	0.0
901010	0	14.194029850746269	900	62.169741697416974	1800	6.0	2700	0.0	3600	0.0	4500	0.0	5400	0.0	6300	0.0	7200	0.0	8100	0.0	9000	0.0	9900	0.0	10800	0.0	11700	0.0	12600	0.0	13500	0.0	14400	0.0	15300	0.0	16200	0.0	17100	0.0	18000	0.0	18900	0.0	19800	0.0	20700	0.0	21600	0.0	22500	0.0	23400	0.0	24300	0.0	25200	0.0	26100	0.0	27000	0.0	27900	0.0	28800	0.0	29700	0.0	30600	0.0	31500	0.0	32400	0.0	33300	0.0	34200	0.0	35100	0.0	36000	0.0
2215	0	180.33070866141733	900	180.6315789473684	1800	180.0	2700	0.0	3600	0.0	4500	0.0	5400	0.0	6300	0.0	7200	0.0	8100	0.0	9000	0.0	9900	0.0	10800	0.0	11700	0.0	12600	0.0	13500	0.0	14400	0.0	15300	0.0	16200	0.0	17100	0.0	18000	0.0	18900	0.0	19800	0.0	20700	0.0	21600	0.0	22500	0.0	23400	0.0	24300	0.0	25200	0.0	26100	0.0	27000	0.0	27900	0.0	28800	0.0	29700	0.0	30600	0.0	31500	0.0	32400	0.0	33300	0.0	34200	0.0	35100	0.0	36000	0.0
90022	0	7.615384615384615	900	6.96	1800	0.0	2700	0.0	3600	0.0	4500	0.0	5400	0.0	6300	0.0	7200	0.0	8100	0.0	9000	0.0	9900	0.0	10800	0.0	11700	0.0	12600	0.0	13500	0.0	14400	0.0	15300	0.0	16200	0.0	17100	0.0	18000	0.0	18900	0.0	19800	0.0	20700	0.0	21600	0.0	22500	0.0	23400	0.0	24300	0.0	25200	0.0	26100	0.0	27000	0.0	27900	0.0	28800	0.0	29700	0.0	30600	0.0	31500	0.0	32400	0.0	33300	0.0	34200	0.0	35100	0.0	36000	0.0
168	0	301.04761904761904	900	300.94736842105266	1800	300.5217391304348	2700	0.0	3600	0.0	4500	0.0	5400	0.0	6300	0.0	7200	0.0	8100	0.0	9000	0.0	9900	0.0	10800	0.0	11700	0.0	12600	0.0	13500	0.0	14400	0.0	15300	0.0	16200	0.0	17100	0.0	18000	0.0	18900	0.0	19800	0.0	20700	0.0	21600	0.0	22500	0.0	23400	0.0	24300	0.0	25200	0.0	26100	0.0	27000	0.0	27900	0.0	28800	0.0	29700	0.0	30600	0.0	31500	0.0	32400	0.0	33300	0.0	34200	0.0	35100	0.0	36000	0.0
2220	0	300.0	900	300.10714285714283	1800	300.0	2700	0.0	3600	0.0	4500	0.0	5400	0.0	6300	0.0	7200	0.0	8100	0.0	9000	0.0	9900	0.0	10800	0.0	11700	0.0	12600	0.0	13500	0.0	14400	0.0	15300	0.0	16200	0.0	17100	0.0	18000	0.0	18900	0.0	19800	0.0	20700	0.0	21600	0.0	22500	0.0	23400	0.0	24300	0.0	25200	0.0	26100	0.0	27000	0.0	27900	0.0	28800	0.0	29700	0.0	30600	0.0	31500	0.0	32400	0.0	33300	0.0	34200	0.0	35100	0.0	36000	0.0
2221	0	123.23076923076923	900	122.23076923076923	1800	121.0909090909091	2700	0.0	3600	0.0	4500	0.0	5400	0.0	6300	0.0	7200	0.0	8100	0.0	9000	0.0	9900	0.0	10800	0.0	11700	0.0	12600	0.0	13500	0.0	14400	0.0	15300	0.0	16200	0.0	17100	0.0	18000	0.0	18900	0.0	19800	0.0	20700	0.0	21600	0.0	22500	0.0	23400	0.0	24300	0.0	25200	0.0	26100	0.0	27000	0.0	27900	0.0	28800	0.0	29700	0.0	30600	0.0	31500	0.0	32400	0.0	33300	0.0	34200	0.0	35100	0.0	36000	0.0
1710	0	0.0	900	0.0	1800	0.0	2700	0.0	3600	0.0	4500	0.0	5400	0.0	6300	0.0	7200	0.0	8100	0.0	9000	0.0	9900	0.0	10800	0.0	11700	0.0	12600	0.0	13500	0.0	14400	0.0	15300	0.0	16200	0.0	17100	0.0	18000	0.0	18900	0.0	19800	0.0	20700	0.0	21600	0.0	22500	0.0	23400	0.0	24300	0.0	25200	0.0	26100	0.0	27000	0.0	27900	0.0	28800	0.0	29700	0.0	30600	0.0	31500	0.0	32400	0.0	33300	0.0	34200	0.0	35100	0.0	36000	0.0
2223	0	240.38709677419354	900	240.0	1800	240.0	2700	0.0	3600	0.0	4500	0.0	5400	0.0	6300	0.0	7200	0.0	8100	0.0	9000	0.0	9900	0.0	10800	0.0	11700	0.0	12600	0.0	13500	0.0	14400	0.0	15300	0.0	16200	0.0	17100	0.0	18000	0.0	18900	0.0	19800	0.0	20700	0.0	21600	0.0	22500	0.0	23400	0.0	24300	0.0	25200	0.0	26100	0.0	27000	0.0	27900	0.0	28800	0.0	29700	0.0	30600	0.0	31500	0.0	32400	0.0	33300	0.0	34200	0.0	35100	0.0	36000	0.0
90033	0	6.0	900	6.0	1800	0.0	2700	0.0	3600	0.0	4500	0.0	5400	0.0	6300	0.0	7200	0.0	8100	0.0	9000	0.0	9900	0.0	10800	0.0	11700	0.0	12600	0.0	13500	0.0	14400	0.0	15300	0.0	16200	0.0	17100	0.0	18000	0.0	18900	0.0	19800	0.0	20700	0.0	21600	0.0	22500	0.0	23400	0.0	24300	0.0	25200	0.0	26100	0.0	27000	0.0	27900	0.0	28800	0.0	29700	0.0	30600	0.0	31500	0.0	32400	0.0	33300	0.0	34200	0.0	35100	0.0	36000	0.0
1519015	0	6.0	900	6.0	1800	6.0	2700	6.0	3600	0.0	4500	0.0	5400	0.0	6300	0.0	7200	0.0	8100	0.0	9000	0.0	9900	0.0	10800	0.0	11700	0.0	12600	0.0	13500	0.0	14400	0.0	15300	0.0	16200	0.0	17100	0.0	18000	0.0	18900	0.0	19800	0.0	20700	0.0	21600	0.0	22500	0.0	23400	0.0	24300	0.0	25200	0.0	26100	0.0	27000	0.0	27900	0.0	28800	0.0	29700	0.0	30600	0.0	31500	0.0	32400	0.0	33300	0.0	34200	0.0	35100	0.0	36000	0.0
1716	0	120.97435897435898	900	121.79032258064517	1800	120.19354838709677	2700	0.0	3600	0.0	4500	0.0	5400	0.0	6300	0.0	7200	0.0	8100	0.0	9000	0.0	9900	0.0	10800	0.0	11700	0.0	12600	0.0	13500	0.0	14400	0.0	15300	0.0	16200	0.0	17100	0.0	18000	0.0	18900	0.0	19800	0.0	20700	0.0	21600	0.0	22500	0.0	23400	0.0	24300	0.0	25200	0.0	26100	0.0	27000	0.0	27900	0.0	28800	0.0	29700	0.0	30600	0.0	31500	0.0	32400	0.0	33300	0.0	34200	0.0	35100	0.0	36000	0.0
1719	0	120.34615384615384	900	120.25862068965517	1800	120.14285714285714	2700	0.0	3600	0.0	4500	0.0	5400	0.0	6300	0.0	7200	0.0	8100	0.0	9000	0.0	9900	0.0	10800	0.0	11700	0.0	12600	0.0	13500	0.0	14400	0.0	15300	0.0	16200	0.0	17100	0.0	18000	0.0	18900	0.0	19800	0.0	20700	0.0	21600	0.0	22500	0.0	23400	0.0	24300	0.0	25200	0.0	26100	0.0	27000	0.0	27900	0.0	28800	0.0	29700	0.0	30600	0.0	31500	0.0	32400	0.0	33300	0.0	34200	0.0	35100	0.0	36000	0.0
901818	0	6.0	900	6.0	1800	0.0	2700	0.0	3600	0.0	4500	0.0	5400	0.0	6300	0.0	7200	0.0	8100	0.0	9000	0.0	9900	0.0	10800	0.0	11700	0.0	12600	0.0	13500	0.0	14400	0.0	15300	0.0	16200	0.0	17100	0.0	18000	0.0	18900	0.0	19800	0.0	20700	0.0	21600	0.0	22500	0.0	23400	0.0	24300	0.0	25200	0.0	26100	0.0	27000	0.0	27900	0.0	28800	0.0	29700	0.0	30600	0.0	31500	0.0	32400	0.0	33300	0.0	34200	0.0	35100	0.0	36000	0.0
419004	0	6.0	900	6.0	1800	6.0	2700	6.0	3600	0.0	4500	0.0	5400	0.0	6300	0.0	7200	0.0	8100	0.0	9000	0.0	9900	0.0	10800	0.0	11700	0.0	12600	0.0	13500	0.0	14400	0.0	15300	0.0	16200	0.0	17100	0.0	18000	0.0	18900	0.0	19800	0.0	20700	0.0	21600	0.0	22500	0.0	23400	0.0	24300	0.0	25200	0.0	26100	0.0	27000	0.0	27900	0.0	28800	0.0	29700	0.0	30600	0.0	31500	0.0	32400	0.0	33300	0.0	34200	0.0	35100	0.0	36000	0.0
1211	0	365.54716981132077	900	361.09090909090907	1800	362.0	2700	0.0	3600	0.0	4500	0.0	5400	0.0	6300	0.0	7200	0.0	8100	0.0	9000	0.0	9900	0.0	10800	0.0	11700	0.0	12600	0.0	13500	0.0	14400	0.0	15300	0.0	16200	0.0	17100	0.0	18000	0.0	18900	0.0	19800	0.0	20700	0.0	21600	0.0	22500	0.0	23400	0.0	24300	0.0	25200	0.0	26100	0.0	27000	0.0	27900	0.0	28800	0.0	29700	0.0	30600	0.0	31500	0.0	32400	0.0	33300	0.0	34200	0.0	35100	0.0	36000	0.0
187	0	120.10909090909091	900	120.13186813186813	1800	120.125	2700	120.0	3600	0.0	4500	0.0	5400	0.0	6300	0.0	7200	0.0	8100	0.0	9000	0.0	9900	0.0	10800	0.0	11700	0.0	12600	0.0	13500	0.0	14400	0.0	15300	0.0	16200	0.0	17100	0.0	18000	0.0	18900	0.0	19800	0.0	20700	0.0	21600	0.0	22500	0.0	23400	0.0	24300	0.0	25200	0.0	26100	0.0	27000	0.0	27900	0.0	28800	0.0	29700	0.0	30600	0.0	31500	0.0	32400	0.0	33300	0.0	34200	0.0	35100	0.0	36000	0.0
1213	0	181.57142857142858	900	184.17073170731706	1800	180.38709677419354	2700	180.0	3600	0.0	4500	0.0	5400	0.0	6300	0.0	7200	0.0	8100	0.0	9000	0.0	9900	0.0	10800	0.0	11700	0.0	12600	0.0	13500	0.0	14400	0.0	15300	0.0	16200	0.0	17100	0.0	18000	0.0	18900	0.0	19800	0.0	20700	0.0	21600	0.0	22500	0.0	23400	0.0	24300	0.0	25200	0.0	26100	0.0	27000	0.0	27900	0.0	28800	0.0	29700	0.0	30600	0.0	31500	0.0	32400	0.0	33300	0.0	34200	0.0	35100	0.0	36000	0.0
90044	0	6.705882352941177	900	7.478260869565218	1800	0.0	2700	0.0	3600	0.0	4500	0.0	5400	0.0	6300	0.0	7200	0.0	8100	0.0	9000	0.0	9900	0.0	10800	0.0	11700	0.0	12600	0.0	13500	0.0	14400	0.0	15300	0.0	16200	0.0	17100	0.0	18000	0.0	18900	0.0	19800	0.0	20700	0.0	21600	0.0	22500	0.0	23400	0.0	24300	0.0	25200	0.0	26100	0.0	27000	0.0	27900	0.0	28800	0.0	29700	0.0	30600	0.0	31500	0.0	32400	0.0	33300	0.0	34200	0.0	35100	0.0	36000	0.0
902323	0	8.162790697674419	900	9.204545454545455	1800	0.0	2700	0.0	3600	0.0	4500	0.0	5400	0.0	6300	0.0	7200	0.0	8100	0.0	9000	0.0	9900	0.0	10800	0.0	11700	0.0	12600	0.0	13500	0.0	14400	0.0	15300	0.0	16200	0.0	17100	0.0	18000	0.0	18900	0.0	19800	0.0	20700	0.0	21600	0.0	22500	0.0	23400	0.0	24300	0.0	25200	0.0	26100	0.0	27000	0.0	27900	0.0	28800	0.0	29700	0.0	30600	0.0	31500	0.0	32400	0.0	33300	0.0	34200	0.0	35100	0.0	36000	0.0
90055	0	6.666666666666667	900	6.162162162162162	1800	0.0	2700	0.0	3600	0.0	4500	0.0	5400	0.0	6300	0.0	7200	0.0	8100	0.0	9000	0.0	9900	0.0	10800	0.0	11700	0.0	12600	0.0	13500	0.0	14400	0.0	15300	0.0	16200	0.0	17100	0.0	18000	0.0	18900	0.0	19800	0.0	20700	0.0	21600	0.0	22500	0.0	23400	0.0	24300	0.0	25200	0.0	26100	0.0	27000	0.0	27900	0.0	28800	0.0	29700	0.0	30600	0.0	31500	0.0	32400	0.0	33300	0.0	34200	0.0	35100	0.0	36000	0.0
901313	0	7.090909090909091	900	7.043478260869565	1800	0.0	2700	0.0	3600	0.0	4500	0.0	5400	0.0	6300	0.0	7200	0.0	8100	0.0	9000	0.0	9900	0.0	10800	0.0	11700	0.0	12600	0.0	13500	0.0	14400	0.0	15300	0.0	16200	0.0	17100	0.0	18000	0.0	18900	0.0	19800	0.0	20700	0.0	21600	0.0	22500	0.0	23400	0.0	24300	0.0	25200	0.0	26100	0.0	27000	0.0	27900	0.0	28800	0.0	29700	0.0	30600	0.0	31500	0.0	32400	0.0	33300	0.0	34200	0.0	35100	0.0	36000	0.0
718	0	120.08695652173913	900	120.06521739130434	1800	120.0	2700	0.0	3600	0.0	4500	0.0	5400	0.0	6300	0.0	7200	0.0	8100	0.0	9000	0.0	9900	0.0	10800	0.0	11700	0.0	12600	0.0	13500	0.0	14400	0.0	15300	0.0	16200	0.0	17100	0.0	18000	0.0	18900	0.0	19800	0.0	20700	0.0	21600	0.0	22500	0.0	23400	0.0	24300	0.0	25200	0.0	26100	0.0	27000	0.0	27900	0.0	28800	0.0	29700	0.0	30600	0.0	31500	0.0	32400	0.0	33300	0.0	34200	0.0	35100	0.0	36000	0.0
2019020	0	6.0	900	6.0	1800	6.0	2700	6.0	3600	0.0	4500	0.0	5400	0.0	6300	0.0	7200	0.0	8100	0.0	9000	0.0	9900	0.0	10800	0.0	11700	0.0	12600	0.0	13500	0.0	14400	0.0	15300	0.0	16200	0.0	17100	0.0	18000	0.0	18900	0.0	19800	0.0	20700	0.0	21600	0.0	22500	0.0	23400	0.0	24300	0.0	25200	0.0	26100	0.0	27000	0.0	27900	0.0	28800	0.0	29700	0.0	30600	0.0	31500	0.0	32400	0.0	33300	0.0	34200	0.0	35100	0.0	36000	0.0
90066	0	8.651162790697674	900	8.042553191489361	1800	0.0	2700	0.0	3600	0.0	4500	0.0	5400	0.0	6300	0.0	7200	0.0	8100	0.0	9000	0.0	9900	0.0	10800	0.0	11700	0.0	12600	0.0	13500	0.0	14400	0.0	15300	0.0	16200	0.0	17100	0.0	18000	0.0	18900	0.0	19800	0.0	20700	0.0	21600	0.0	22500	0.0	23400	0.0	24300	0.0	25200	0.0	26100	0.0	27000	0.0	27900	0.0	28800	0.0	29700	0.0	30600	0.0	31500	0.0	32400	0.0	33300	0.0	34200	0.0	35100	0.0	36000	0.0
1219012	0	6.0	900	6.0	1800	6.0	2700	6.0	3600	0.0	4500	0.0	5400	0.0	6300	0.0	7200	0.0	8100	0.0	9000	0.0	9900	0.0	10800	0.0	11700	0.0	12600	0.0	13500	0.0	14400	0.0	15300	0.0	16200	0.0	17100	0.0	18000	0.0	18900	0.0	19800	0.0	20700	0.0	21600	0.0	22500	0.0	23400	0.0	24300	0.0	25200	0.0	26100	0.0	27000	0.0	27900	0.0	28800	0.0	29700	0.0	30600	0.0	31500	0.0	32400	0.0	33300	0.0	34200	0.0	35100	0.0	36000	0.0
119001	0	6.0	900	6.0	1800	6.0	2700	6.0	3600	0.0	4500	0.0	5400	0.0	6300	0.0	7200	0.0	8100	0.0	9000	0.0	9900	0.0	10800	0.0	11700	0.0	12600	0.0	13500	0.0	14400	0.0	15300	0.0	16200	0.0	17100	0.0	18000	0.0	18900	0.0	19800	0.0	20700	0.0	21600	0.0	22500	0.0	23400	0.0	24300	0.0	25200	0.0	26100	0.0	27000	0.0	27900	0.0	28800	0.0	29700	0.0	30600	0.0	31500	0.0	32400	0.0	33300	0.0	34200	0.0	35100	0.0	36000	0.0
90077	0	6.3428571428571425	900	6.416666666666667	1800	0.0	2700	0.0	3600	0.0	4500	0.0	5400	0.0	6300	0.0	7200	0.0	8100	0.0	9000	0.0	9900	0.0	10800	0.0	11700	0.0	12600	0.0	13500	0.0	14400	0.0	15300	0.0	16200	0.0	17100	0.0	18000	0.0	18900	0.0	19800	0.0	20700	0.0	21600	0.0	22500	0.0	23400	0.0	24300	0.0	25200	0.0	26100	0.0	27000	0.0	27900	0.0	28800	0.0	29700	0.0	30600	0.0	31500	0.0	32400	0.0	33300	0.0	34200	0.0	35100	0.0	36000	0.0
2018	0	240.0	900	240.0	1800	240.0	2700	0.0	3600	0.0	4500	0.0	5400	0.0	6300	0.0	7200	0.0	8100	0.0	9000	0.0	9900	0.0	10800	0.0	11700	0.0	12600	0.0	13500	0.0	14400	0.0	15300	0.0	16200	0.0	17100	0.0	18000	0.0	18900	0.0	19800	0.0	20700	0.0	21600	0.0	22500	0.0	23400	0.0	24300	0.0	25200	0.0	26100	0.0	27000	0.0	27900	0.0	28800	0.0	29700	0.0	30600	0.0	31500	0.0	32400	0.0	33300	0.0	34200	0.0	35100	0.0	36000	0.0
2019	0	240.8	900	241.07692307692307	1800	0.0	2700	0.0	3600	0.0	4500	0.0	5400	0.0	6300	0.0	7200	0.0	8100	0.0	9000	0.0	9900	0.0	10800	0.0	11700	0.0	12600	0.0	13500	0.0	14400	0.0	15300	0.0	16200	0.0	17100	0.0	18000	0.0	18900	0.0	19800	0.0	20700	0.0	21600	0.0	22500	0.0	23400	0.0	24300	0.0	25200	0.0	26100	0.0	27000	0.0	27900	0.0	28800	0.0	29700	0.0	30600	0.0	31500	0.0	32400	0.0	33300	0.0	34200	0.0	35100	0.0	36000	0.0
902121	0	8.294117647058824	900	7.661538461538462	1800	6.0	2700	0.0	3600	0.0	4500	0.0	5400	0.0	6300	0.0	7200	0.0	8100	0.0	9000	0.0	9900	0.0	10800	0.0	11700	0.0	12600	0.0	13500	0.0	14400	0.0	15300	0.0	16200	0.0	17100	0.0	18000	0.0	18900	0.0	19800	0.0	20700	0.0	21600	0.0	22500	0.0	23400	0.0	24300	0.0	25200	0.0	26100	0.0	27000	0.0	27900	0.0	28800	0.0	29700	0.0	30600	0.0	31500	0.0	32400	0.0	33300	0.0	34200	0.0	35100	0.0	36000	0.0
2021	0	361.875	900	360.3	1800	362.0	2700	0.0	3600	0.0	4500	0.0	5400	0.0	6300	0.0	7200	0.0	8100	0.0	9000	0.0	9900	0.0	10800	0.0	11700	0.0	12600	0.0	13500	0.0	14400	0.0	15300	0.0	16200	0.0	17100	0.0	18000	0.0	18900	0.0	19800	0.0	20700	0.0	21600	0.0	22500	0.0	23400	0.0	24300	0.0	25200	0.0	26100	0.0	27000	0.0	27900	0.0	28800	0.0	29700	0.0	30600	0.0	31500	0.0	32400	0.0	33300	0.0	34200	0.0	35100	0.0	36000	0.0
1510	0	360.0	900	360.51851851851853	1800	360.0	2700	0.0	3600	0.0	4500	0.0	5400	0.0	6300	0.0	7200	0.0	8100	0.0	9000	0.0	9900	0.0	10800	0.0	11700	0.0	12600	0.0	13500	0.0	14400	0.0	15300	0.0	16200	0.0	17100	0.0	18000	0.0	18900	0.0	19800	0.0	20700	0.0	21600	0.0	22500	0.0	23400	0.0	24300	0.0	25200	0.0	26100	0.0	27000	0.0	27900	0.0	28800	0.0	29700	0.0	30600	0.0	31500	0.0	32400	0.0	33300	0.0	34200	0.0	35100	0.0	36000	0.0
2022	0	300.9	900	300.2068965517241	1800	300.0	2700	0.0	3600	0.0	4500	0.0	5400	0.0	6300	0.0	7200	0.0	8100	0.0	9000	0.0	9900	0.0	10800	0.0	11700	0.0	12600	0.0	13500	0.0	14400	0.0	15300	0.0	16200	0.0	17100	0.0	18000	0.0	18900	0.0	19800	0.0	20700	0.0	21600	0.0	22500	0.0	23400	0.0	24300	0.0	25200	0.0	26100	0.0	27000	0.0	27900	0.0	28800	0.0	29700	0.0	30600	0.0	31500	0.0	32400	0.0	33300	0.0	34200	0.0	35100	0.0	36000	0.0
90088	0	10.08	900	12.121212121212121	1800	0.0	2700	0.0	3600	0.0	4500	0.0	5400	0.0	6300	0.0	7200	0.0	8100	0.0	9000	0.0	9900	0.0	10800	0.0	11700	0.0	12600	0.0	13500	0.0	14400	0.0	15300	0.0	16200	0.0	17100	0.0	18000	0.0	18900	0.0	19800	0.0	20700	0.0	21600	0.0	22500	0.0	23400	0.0	24300	0.0	25200	0.0	26100	0.0	27000	0.0	27900	0.0	28800	0.0	29700	0.0	30600	0.0	31500	0.0	32400	0.0	33300	0.0	34200	0.0	35100	0.0	36000	0.0
1514	0	300.54545454545456	900	300.46153846153845	1800	300.0	2700	0.0	3600	0.0	4500	0.0	5400	0.0	6300	0.0	7200	0.0	8100	0.0	9000	0.0	9900	0.0	10800	0.0	11700	0.0	12600	0.0	13500	0.0	14400	0.0	15300	0.0	16200	0.0	17100	0.0	18000	0.0	18900	0.0	19800	0.0	20700	0.0	21600	0.0	22500	0.0	23400	0.0	24300	0.0	25200	0.0	26100	0.0	27000	0.0	27900	0.0	28800	0.0	29700	0.0	30600	0.0	31500	0.0	32400	0.0	33300	0.0	34200	0.0	35100	0.0	36000	0.0
1519	0	227.0909090909091	900	258.6875	1800	187.84615384615384	2700	0.0	3600	0.0	4500	0.0	5400	0.0	6300	0.0	7200	0.0	8100	0.0	9000	0.0	9900	0.0	10800	0.0	11700	0.0	12600	0.0	13500	0.0	14400	0.0	15300	0.0	16200	0.0	17100	0.0	18000	0.0	18900	0.0	19800	0.0	20700	0.0	21600	0.0	22500	0.0	23400	0.0	24300	0.0	25200	0.0	26100	0.0	27000	0.0	27900	0.0	28800	0.0	29700	0.0	30600	0.0	31500	0.0	32400	0.0	33300	0.0	34200	0.0	35100	0.0	36000	0.0
919009	0	6.0	900	6.0	1800	6.0	2700	0.0	3600	0.0	4500	0.0	5400	0.0	6300	0.0	7200	0.0	8100	0.0	9000	0.0	9900	0.0	10800	0.0	11700	0.0	12600	0.0	13500	0.0	14400	0.0	15300	0.0	16200	0.0	17100	0.0	18000	0.0	18900	0.0	19800	0.0	20700	0.0	21600	0.0	22500	0.0	23400	0.0	24300	0.0	25200	0.0	26100	0.0	27000	0.0	27900	0.0	28800	0.0	29700	0.0	30600	0.0	31500	0.0	32400	0.0	33300	0.0	34200	0.0	35100	0.0	36000	0.0
1522	0	180.6875	900	180.64968152866243	1800	181.4516129032258	2700	0.0	3600	0.0	4500	0.0	5400	0.0	6300	0.0	7200	0.0	8100	0.0	9000	0.0	9900	0.0	10800	0.0	11700	0.0	12600	0.0	13500	0.0	14400	0.0	15300	0.0	16200	0.0	17100	0.0	18000	0.0	18900	0.0	19800	0.0	20700	0.0	21600	0.0	22500	0.0	23400	0.0	24300	0.0	25200	0.0	26100	0.0	27000	0.0	27900	0.0	28800	0.0	29700	0.0	30600	0.0	31500	0.0	32400	0.0	33300	0.0	34200	0.0	35100	0.0	36000	0.0
90099	0	6.126315789473685	900	6.125	1800	6.0	2700	0.0	3600	0.0	4500	0.0	5400	0.0	6300	0.0	7200	0.0	8100	0.0	9000	0.0	9900	0.0	10800	0.0	11700	0.0	12600	0.0	13500	0.0	14400	0.0	15300	0.0	16200	0.0	17100	0.0	18000	0.0	18900	0.0	19800	0.0	20700	0.0	21600	0.0	22500	0.0	23400	0.0	24300	0.0	25200	0.0	26100	0.0	27000	0.0	27900	0.0	28800	0.0	29700	0.0	30600	0.0	31500	0.0	32400	0.0	33300	0.0	34200	0.0	35100	0.0	36000	0.0
1011	0	300.5242718446602	900	300.5357142857143	1800	300.7826086956522	2700	0.0	3600	0.0	4500	0.0	5400	0.0	6300	0.0	7200	0.0	8100	0.0	9000	0.0	9900	0.0	10800	0.0	11700	0.0	12600	0.0	13500	0.0	14400	0.0	15300	0.0	16200	0.0	17100	0.0	18000	0.0	18900	0.0	19800	0.0	20700	0.0	21600	0.0	22500	0.0	23400	0.0	24300	0.0	25200	0.0	26100	0.0	27000	0.0	27900	0.0	28800	0.0	29700	0.0	30600	0.0	31500	0.0	32400	0.0	33300	0.0	34200	0.0	35100	0.0	36000	0.0
1719017	0	6.0	900	6.0	1800	6.0	2700	0.0	3600	0.0	4500	0.0	5400	0.0	6300	0.0	7200	0.0	8100	0.0	9000	0.0	9900	0.0	10800	0.0	11700	0.0	12600	0.0	13500	0.0	14400	0.0	15300	0.0	16200	0.0	17100	0.0	18000	0.0	18900	0.0	19800	0.0	20700	0.0	21600	0.0	22500	0.0	23400	0.0	24300	0.0	25200	0.0	26100	0.0	27000	0.0	27900	0.0	28800	0.0	29700	0.0	30600	0.0	31500	0.0	32400	0.0	33300	0.0	34200	0.0	35100	0.0	36000	0.0
1015	0	360.4054054054054	900	360.53932584269666	1800	360.0	2700	0.0	3600	0.0	4500	0.0	5400	0.0	6300	0.0	7200	0.0	8100	0.0	9000	0.0	9900	0.0	10800	0.0	11700	0.0	12600	0.0	13500	0.0	14400	0.0	15300	0.0	16200	0.0	17100	0.0	18000	0.0	18900	0.0	19800	0.0	20700	0.0	21600	0.0	22500	0.0	23400	0.0	24300	0.0	25200	0.0	26100	0.0	27000	0.0	27900	0.0	28800	0.0	29700	0.0	30600	0.0	31500	0.0	32400	0.0	33300	0.0	34200	0.0	35100	0.0	36000	0.0
619006	0	6.0	900	6.0	1800	6.0	2700	6.0	3600	0.0	4500	0.0	5400	0.0	6300	0.0	7200	0.0	8100	0.0	9000	0.0	9900	0.0	10800	0.0	11700	0.0	12600	0.0	13500	0.0	14400	0.0	15300	0.0	16200	0.0	17100	0.0	18000	0.0	18900	0.0	19800	0.0	20700	0.0	21600	0.0	22500	0.0	23400	0.0	24300	0.0	25200	0.0	26100	0.0	27000	0.0	27900	0.0	28800	0.0	29700	0.0	30600	0.0	31500	0.0	32400	0.0	33300	0.0	34200	0.0	35100	0.0	36000	0.0
1016	0	241.9120879120879	900	241.98347107438016	1800	241.125	2700	0.0	3600	0.0	4500	0.0	5400	0.0	6300	0.0	7200	0.0	8100	0.0	9000	0.0	9900	0.0	10800	0.0	11700	0.0	12600	0.0	13500	0.0	14400	0.0	15300	0.0	16200	0.0	17100	0.0	18000	0.0	18900	0.0	19800	0.0	20700	0.0	21600	0.0	22500	0.0	23400	0.0	24300	0.0	25200	0.0	26100	0.0	27000	0.0	27900	0.0	28800	0.0	29700	0.0	30600	0.0	31500	0.0	32400	0.0	33300	0.0	34200	0.0	35100	0.0	36000	0.0
1017	0	0.0	900	0.0	1800	0.0	2700	0.0	3600	0.0	4500	0.0	5400	0.0	6300	0.0	7200	0.0	8100	0.0	9000	0.0	9900	0.0	10800	0.0	11700	0.0	12600	0.0	13500	0.0	14400	0.0	15300	0.0	16200	0.0	17100	0.0	18000	0.0	18900	0.0	19800	0.0	20700	0.0	21600	0.0	22500	0.0	23400	0.0	24300	0.0	25200	0.0	26100	0.0	27000	0.0	27900	0.0	28800	0.0	29700	0.0	30600	0.0	31500	0.0	32400	0.0	33300	0.0	34200	0.0	35100	0.0	36000	0.0
901111	0	8.977099236641221	900	8.03076923076923	1800	9.0	2700	0.0	3600	0.0	4500	0.0	5400	0.0	6300	0.0	7200	0.0	8100	0.0	9000	0.0	9900	0.0	10800	0.0	11700	0.0	12600	0.0	13500	0.0	14400	0.0	15300	0.0	16200	0.0	17100	0.0	18000	0.0	18900	0.0	19800	0.0	20700	0.0	21600	0.0	22500	0.0	23400	0.0	24300	0.0	25200	0.0	26100	0.0	27000	0.0	27900	0.0	28800	0.0	29700	0.0	30600	0.0	31500	0.0	32400	0.0	33300	0.0	34200	0.0	35100	0.0	36000	0.0
901616	0	32.392405063291136	900	158.17834394904457	1800	240.0	2700	0.0	3600	0.0	4500	0.0	5400	0.0	6300	0.0	7200	0.0	8100	0.0	9000	0.0	9900	0.0	10800	0.0	11700	0.0	12600	0.0	13500	0.0	14400	0.0	15300	0.0	16200	0.0	17100	0.0	18000	0.0	18900	0.0	19800	0.0	20700	0.0	21600	0.0	22500	0.0	23400	0.0	24300	0.0	25200	0.0	26100	0.0	27000	0.0	27900	0.0	28800	0.0	29700	0.0	30600	0.0	31500	0.0	32400	0.0	33300	0.0	34200	0.0	35100	0.0	36000	0.0
