7435	6	1.0	902424	2421	2122	2215	1510	1019010
7264	4	1.0	902424	2413	1312	1219012
7949	3	1.0	902424	2413	1319013
7873	5	1.0	902424	2421	2122	2215	1519015
8141	3	1.0	902424	2421	2119021
7473	4	1.0	902424	2421	2122	2219022
7447	3	1.0	902424	2423	2319023
7612	7	1.0	902424	2421	2120	2018	187	78	819008
9205	3	1.0	90011	12	219002
8512	3	1.0	90011	13	319003
7938	4	1.0	90011	13	34	419004
8419	4	1.0	90011	12	26	619006
7600	6	1.0	90011	12	26	68	87	719007
8421	5	1.0	90011	12	26	68	819008
7533	6	1.0	90011	13	34	45	59	919009
7425	7	1.0	90011	13	34	45	59	910	1019010
7399	5	1.0	90011	13	34	411	1119011
7299	4	1.0	90011	13	312	1219012
7343	5	1.0	90011	13	312	1213	1319013
8393	6	1.0	90011	13	34	411	1114	1419014
8097	7	1.0	90011	13	34	411	1114	1415	1519015
7982	6	1.0	90011	12	26	68	816	1619016
8290	7	1.0	90011	12	26	68	816	1617	1719017
7880	7	1.0	90011	12	26	68	87	718	1819018
8402	8	1.0	90011	12	26	68	816	1617	1719	1919019
7535	8	1.0	90011	12	26	68	87	718	1820	2019020
8527	7	1.0	90011	13	312	1213	1324	2421	2119021
7594	8	1.0	90011	13	312	1213	1324	2421	2122	2219022
8200	7	1.0	90011	13	312	1213	1324	2423	2319023
7781	6	1.0	90011	13	312	1213	1324	2419024
8262	3	1.0	90022	21	119001
7316	5	1.0	90022	26	65	54	419004
8326	3	1.0	90022	26	619006
7681	5	1.0	90022	26	68	87	719007
8217	4	1.0	90022	26	68	819008
8241	5	1.0	90022	26	65	59	919009
8341	6	1.0	90022	26	68	816	1610	1019010
8135	6	1.0	90022	26	65	54	411	1119011
7951	5	1.0	90022	21	13	312	1219012
7955	6	1.0	90022	21	13	312	1213	1319013
7849	7	1.0	90022	26	65	54	411	1114	1419014
7957	8	1.0	90022	26	68	816	1617	1719	1915	1519015
8283	5	1.0	90022	26	68	816	1619016
7588	6	1.0	90022	26	68	816	1617	1719017
8493	7	1.0	90022	26	68	816	1617	1719	1919019
7590	7	1.0	90022	26	68	87	718	1820	2019020
7690	8	1.0	90022	26	68	87	718	1820	2022	2219022
8099	3	1.0	90033	31	119001
7556	3	1.0	90033	34	419004
8479	5	1.0	90033	34	45	56	619006
8565	7	1.0	90033	34	45	56	68	87	719007
8225	6	1.0	90033	34	45	56	68	819008
9029	5	1.0	90033	34	45	59	919009
7749	6	1.0	90033	34	45	59	910	1019010
7318	4	1.0	90033	312	1211	1119011
8459	3	1.0	90033	312	1219012
8530	4	1.0	90033	312	1213	1319013
8520	5	1.0	90033	312	1211	1114	1419014
7606	6	1.0	90033	312	1211	1114	1415	1519015
8203	7	1.0	90033	34	45	56	68	816	1619016
8211	8	1.0	90033	34	45	56	68	816	1617	1719017
8220	7	1.0	90033	312	1213	1324	2421	2122	2219022
7830	6	1.0	90033	312	1213	1324	2423	2319023
7266	4	1.0	90044	43	31	119001
7962	5	1.0	90044	45	56	62	219002
7905	3	1.0	90044	43	319003
7559	4	1.0	90044	45	56	619006
7756	6	1.0	90044	45	56	68	87	719007
8167	5	1.0	90044	45	56	68	819008
7506	4	1.0	90044	45	59	919009
7510	5	1.0	90044	45	59	910	1019010
7311	3	1.0	90044	411	1119011
7550	4	1.0	90044	43	312	1219012
8231	5	1.0	90044	43	312	1213	1319013
7666	4	1.0	90044	411	1114	1419014
8082	5	1.0	90044	411	1114	1415	1519015
7610	6	1.0	90044	45	56	68	816	1619016
7866	7	1.0	90044	45	56	68	816	1617	1719017
7695	8	1.0	90044	45	56	68	816	1617	1719	1919019
7953	8	1.0	90044	45	56	68	87	718	1820	2019020
7800	7	1.0	90044	43	312	1213	1324	2421	2119021
8275	6	1.0	90044	411	1114	1423	2322	2219022
8298	5	1.0	90044	411	1114	1423	2319023
7913	6	1.0	90044	43	312	1213	1324	2419024
7389	4	1.0	90055	59	910	1019010
7459	5	1.0	90055	54	411	1114	1419014
7761	7	1.0	90055	59	910	1015	1522	2221	2119021
8463	4	1.0	90066	62	21	119001
8022	3	1.0	90066	62	219002
9297	5	1.0	90066	65	54	43	319003
7345	4	1.0	90066	65	54	419004
7969	4	1.0	90066	68	87	719007
7365	3	1.0	90066	68	819008
7524	4	1.0	90066	65	59	919009
8044	5	1.0	90066	68	816	1610	1019010
8118	5	1.0	90066	65	54	411	1119011
8292	6	1.0	90066	65	54	43	312	1219012
8328	7	1.0	90066	65	54	43	312	1213	1319013
7875	6	1.0	90066	65	54	411	1114	1419014
7812	7	1.0	90066	68	816	1617	1719	1915	1519015
7484	4	1.0	90066	68	816	1619016
7926	5	1.0	90066	68	816	1617	1719017
8362	6	1.0	90066	68	816	1617	1719	1919019
8300	6	1.0	90066	68	87	718	1820	2019020
7415	7	1.0	90066	68	87	718	1820	2021	2119021
7772	7	1.0	90066	68	87	718	1820	2022	2219022
8357	8	1.0	90066	68	87	718	1820	2022	2223	2319023
7994	8	1.0	90066	68	87	718	1820	2021	2124	2419024
7719	6	1.0	90077	78	86	62	21	119001
9349	5	1.0	90077	78	86	62	219002
7763	6	1.0	90077	78	86	65	54	419004
7320	4	1.0	90077	78	86	619006
7268	3	1.0	90077	78	819008
8247	6	1.0	90077	718	1816	1610	109	919009
7732	5	1.0	90077	718	1816	1610	1019010
8027	6	1.0	90077	718	1816	1610	1011	1119011
7301	8	1.0	90077	78	86	65	54	43	312	1219012
7639	7	1.0	90077	718	1820	2021	2124	2413	1319013
8127	8	1.0	90077	718	1816	1617	1719	1915	1514	1419014
8151	7	1.0	90077	718	1816	1617	1719	1915	1519015
7471	4	1.0	90077	718	1816	1619016
7401	5	1.0	90077	718	1816	1617	1719017
8249	6	1.0	90077	718	1816	1617	1719	1919019
8131	4	1.0	90077	718	1820	2019020
7846	5	1.0	90077	718	1820	2021	2119021
8114	5	1.0	90077	718	1820	2022	2219022
8213	6	1.0	90077	718	1820	2022	2223	2319023
8400	5	1.0	90088	86	62	21	119001
7709	4	1.0	90088	86	62	219002
8208	6	1.0	90088	86	65	54	43	319003
7738	5	1.0	90088	86	65	54	419004
7331	4	1.0	90088	86	65	519005
7552	3	1.0	90088	86	619006
7649	3	1.0	90088	87	719007
7437	3	1.0	90088	89	919009
7692	4	1.0	90088	816	1610	1019010
7580	5	1.0	90088	816	1610	1011	1119011
7908	7	1.0	90088	86	65	54	43	312	1219012
8015	8	1.0	90088	86	65	54	43	312	1213	1319013
8285	7	1.0	90088	816	1617	1719	1915	1514	1419014
8047	6	1.0	90088	816	1617	1719	1915	1519015
7252	3	1.0	90088	816	1619016
7439	4	1.0	90088	816	1617	1719017
8351	5	1.0	90088	816	1617	1719	1919019
7333	5	1.0	90088	87	718	1820	2019020
8473	6	1.0	90088	87	718	1820	2021	2119021
7793	6	1.0	90088	87	718	1820	2022	2219022
8359	7	1.0	90088	87	718	1820	2022	2223	2319023
8235	7	1.0	90088	87	718	1820	2021	2124	2419024
7391	6	1.0	90099	95	54	43	31	119001
8498	5	1.0	90099	95	56	62	219002
8542	5	1.0	90099	95	54	43	319003
7815	4	1.0	90099	95	54	419004
7787	4	1.0	90099	95	56	619006
8107	6	1.0	90099	910	1016	1618	187	719007
7789	3	1.0	90099	98	819008
7236	3	1.0	90099	910	1019010
7537	4	1.0	90099	910	1011	1119011
7561	5	1.0	90099	910	1011	1112	1219012
8321	6	1.0	90099	910	1011	1112	1213	1319013
7567	5	1.0	90099	910	1011	1114	1419014
7242	4	1.0	90099	910	1015	1519015
7676	4	1.0	90099	910	1016	1619016
7803	5	1.0	90099	910	1016	1617	1719017
7441	6	1.0	90099	910	1016	1617	1719	1919019
7715	6	1.0	90099	910	1016	1618	1820	2019020
8279	6	1.0	90099	910	1015	1522	2221	2119021
7405	5	1.0	90099	910	1015	1522	2219022
7569	6	1.0	90099	910	1011	1114	1423	2319023
7632	7	1.0	90099	910	1015	1522	2221	2124	2419024
7260	7	1.0	901010	109	95	54	43	31	119001
7991	6	1.0	901010	1016	168	86	62	219002
7576	6	1.0	901010	109	95	54	43	319003
7554	5	1.0	901010	109	95	54	419004
7726	4	1.0	901010	109	95	519005
7651	5	1.0	901010	1016	168	86	619006
7895	5	1.0	901010	1016	1618	187	719007
7486	4	1.0	901010	1016	168	819008
7288	3	1.0	901010	109	919009
7290	3	1.0	901010	1011	1119011
7653	4	1.0	901010	1011	1112	1219012
7697	5	1.0	901010	1011	1112	1213	1319013
7303	4	1.0	901010	1011	1114	1419014
7286	3	1.0	901010	1015	1519015
7784	3	1.0	901010	1016	1619016
7428	4	1.0	901010	1016	1617	1719017
7272	5	1.0	901010	1016	1617	1719	1919019
7274	5	1.0	901010	1016	1618	1820	2019020
7855	5	1.0	901010	1015	1522	2221	2119021
7325	4	1.0	901010	1015	1522	2219022
7463	5	1.0	901010	1015	1522	2223	2319023
7307	6	1.0	901010	1015	1522	2221	2124	2419024
8086	5	1.0	901111	114	43	31	119001
7407	6	1.0	901111	114	45	56	62	219002
8423	4	1.0	901111	114	43	319003
7625	3	1.0	901111	114	419004
7851	5	1.0	901111	114	45	56	619006
7327	6	1.0	901111	1110	1016	1618	187	719007
8075	5	1.0	901111	1110	1016	168	819008
8036	4	1.0	901111	1110	109	919009
7244	3	1.0	901111	1110	1019010
7498	3	1.0	901111	1112	1219012
7745	4	1.0	901111	1112	1213	1319013
7859	3	1.0	901111	1114	1419014
7795	4	1.0	901111	1114	1415	1519015
7862	4	1.0	901111	1110	1016	1619016
7475	5	1.0	901111	1110	1016	1617	1719017
8382	5	1.0	901111	1114	1415	1519	1919019
7367	6	1.0	901111	1114	1415	1519	1920	2019020
8181	6	1.0	901111	1114	1423	2324	2421	2119021
7309	5	1.0	901111	1114	1415	1522	2219022
7582	4	1.0	901111	1114	1423	2319023
7385	5	1.0	901111	1114	1423	2324	2419024
7450	4	1.0	901212	123	31	119001
8137	5	1.0	901212	123	31	12	219002
7972	3	1.0	901212	123	319003
7684	4	1.0	901212	123	34	419004
7254	5	1.0	901212	123	34	45	519005
7774	6	1.0	901212	123	34	45	56	619006
7526	8	1.0	901212	123	34	45	56	68	87	719007
7943	7	1.0	901212	123	34	45	56	68	819008
7657	5	1.0	901212	1211	1110	109	919009
7964	4	1.0	901212	1211	1110	1019010
7339	3	1.0	901212	1211	1119011
7520	3	1.0	901212	1213	1319013
8177	4	1.0	901212	1211	1114	1419014
7347	5	1.0	901212	1211	1114	1415	1519015
8354	5	1.0	901212	1211	1110	1016	1619016
8062	6	1.0	901212	1211	1110	1016	1617	1719017
7646	6	1.0	901212	1211	1110	1016	1618	1819018
8343	6	1.0	901212	1211	1114	1415	1519	1919019
7915	6	1.0	901212	1213	1324	2421	2120	2019020
8404	5	1.0	901212	1213	1324	2421	2119021
7256	6	1.0	901212	1213	1324	2421	2122	2219022
8188	5	1.0	901212	1213	1324	2423	2319023
8317	4	1.0	901212	1213	1324	2419024
7618	5	1.0	901313	1312	123	31	119001
8055	6	1.0	901313	1312	123	31	12	219002
8143	4	1.0	901313	1312	123	319003
7452	5	1.0	901313	1312	123	34	419004
7932	7	1.0	901313	1312	123	34	45	56	619006
8196	7	1.0	901313	1324	2421	2120	2018	187	719007
7986	8	1.0	901313	1312	123	34	45	56	68	819008
8088	6	1.0	901313	1312	1211	1110	109	919009
7373	5	1.0	901313	1312	1211	1110	1019010
7571	4	1.0	901313	1312	1211	1119011
7349	3	1.0	901313	1312	1219012
7825	5	1.0	901313	1324	2423	2314	1419014
7393	6	1.0	901313	1324	2421	2122	2215	1519015
7335	6	1.0	901313	1312	1211	1110	1016	1619016
7322	8	1.0	901313	1324	2421	2122	2215	1519	1917	1719017
8433	7	1.0	901313	1324	2421	2122	2215	1519	1919019
7488	5	1.0	901313	1324	2421	2120	2019020
7853	4	1.0	901313	1324	2421	2119021
7728	5	1.0	901313	1324	2421	2122	2219022
7777	4	1.0	901313	1324	2423	2319023
7492	3	1.0	901313	1324	2419024
7673	6	1.0	901414	1411	1112	123	31	119001
7898	7	1.0	901414	1411	114	45	56	62	219002
7747	5	1.0	901414	1411	1112	123	319003
7417	4	1.0	901414	1411	114	419004
8345	6	1.0	901414	1411	114	45	56	619006
8173	8	1.0	901414	1415	1519	1917	1716	1618	187	719007
8104	7	1.0	901414	1415	1519	1917	1716	168	819008
7596	5	1.0	901414	1411	1110	109	919009
7722	4	1.0	901414	1411	1110	1019010
7477	3	1.0	901414	1411	1119011
7934	4	1.0	901414	1411	1112	1219012
7620	5	1.0	901414	1423	2324	2413	1319013
7686	3	1.0	901414	1415	1519015
7443	6	1.0	901414	1415	1519	1917	1716	1619016
7351	5	1.0	901414	1415	1519	1917	1719017
8038	4	1.0	901414	1415	1519	1919019
8092	5	1.0	901414	1415	1519	1920	2019020
8245	5	1.0	901414	1423	2324	2421	2119021
7641	4	1.0	901414	1415	1522	2219022
7512	3	1.0	901414	1423	2319023
8165	4	1.0	901414	1423	2324	2419024
7837	7	1.0	901515	1514	1411	1112	123	31	119001
8436	8	1.0	901515	1519	1917	1716	168	86	62	219002
7292	6	1.0	901515	1514	1411	1112	123	319003
7627	5	1.0	901515	1514	1411	114	419004
7724	7	1.0	901515	1519	1917	1716	168	86	619006
8175	7	1.0	901515	1519	1917	1716	1618	187	719007
8154	6	1.0	901515	1519	1917	1716	168	819008
7454	4	1.0	901515	1510	109	919009
7409	3	1.0	901515	1510	1019010
7294	4	1.0	901515	1514	1411	1119011
8227	5	1.0	901515	1514	1411	1112	1219012
8268	6	1.0	901515	1522	2221	2124	2413	1319013
7494	3	1.0	901515	1514	1419014
7246	5	1.0	901515	1519	1917	1716	1619016
7248	4	1.0	901515	1519	1917	1719017
7276	6	1.0	901515	1519	1917	1716	1618	1819018
7456	3	1.0	901515	1519	1919019
7578	4	1.0	901515	1519	1920	2019020
7629	4	1.0	901515	1522	2221	2119021
7314	3	1.0	901515	1522	2219022
7531	4	1.0	901515	1522	2223	2319023
8254	5	1.0	901515	1522	2221	2124	2419024
7752	6	1.0	901616	168	86	62	21	119001
7959	5	1.0	901616	168	86	62	219002
8256	7	1.0	901616	168	86	65	54	43	319003
7541	6	1.0	901616	168	86	65	54	419004
7543	4	1.0	901616	168	86	619006
7584	4	1.0	901616	1618	187	719007
7270	3	1.0	901616	168	819008
7659	4	1.0	901616	1610	109	919009
7779	3	1.0	901616	1610	1019010
7869	4	1.0	901616	1610	1011	1119011
8375	5	1.0	901616	1610	1011	1112	1219012
7891	6	1.0	901616	1610	1011	1112	1213	1319013
7977	6	1.0	901616	1617	1719	1915	1514	1419014
7262	5	1.0	901616	1617	1719	1915	1519015
7445	3	1.0	901616	1617	1719017
7514	3	1.0	901616	1618	1819018
7329	4	1.0	901616	1617	1719	1919019
7369	4	1.0	901616	1618	1820	2019020
7903	7	1.0	901616	1617	1719	1915	1522	2221	2119021
7467	6	1.0	901616	1617	1719	1915	1522	2219022
7979	7	1.0	901616	1617	1719	1915	1522	2223	2319023
7668	7	1.0	901717	1716	168	86	62	21	119001
7503	6	1.0	901717	1716	168	86	62	219002
7974	8	1.0	901717	1716	168	86	65	54	43	319003
7592	7	1.0	901717	1716	168	86	65	54	419004
8198	5	1.0	901717	1716	168	86	619006
7742	5	1.0	901717	1716	1618	187	719007
7278	4	1.0	901717	1716	168	819008
7598	5	1.0	901717	1716	1610	109	919009
7341	4	1.0	901717	1716	1610	1019010
7670	5	1.0	901717	1716	1610	1011	1119011
8017	6	1.0	901717	1716	1610	1011	1112	1219012
8071	8	1.0	901717	1719	1915	1522	2221	2124	2413	1319013
7769	5	1.0	901717	1719	1915	1514	1419014
7878	4	1.0	901717	1719	1915	1519015
7614	3	1.0	901717	1716	1619016
7238	3	1.0	901717	1719	1919019
7411	4	1.0	901717	1719	1920	2019020
7835	6	1.0	901717	1719	1915	1522	2221	2119021
7234	5	1.0	901717	1719	1915	1522	2219022
7377	6	1.0	901717	1719	1915	1522	2223	2319023
7602	7	1.0	901717	1719	1915	1522	2221	2124	2419024
7479	5	1.0	901818	1816	1610	109	919009
7711	6	1.0	901818	1816	1610	1011	1112	1219012
7946	3	1.0	901818	1816	1619016
8190	7	1.0	901818	187	78	86	62	21	119001
7430	5	1.0	901818	1816	1617	1719	1919019
8506	8	1.0	901919	1917	1716	168	86	62	21	119001
9135	7	1.0	901919	1917	1716	168	86	62	219002
8049	8	1.0	901919	1917	1716	168	86	65	54	419004
8024	6	1.0	901919	1917	1716	168	86	619006
8303	6	1.0	901919	1917	1716	1618	187	719007
8007	5	1.0	901919	1917	1716	168	819008
7833	6	1.0	901919	1917	1716	1610	109	919009
7490	5	1.0	901919	1917	1716	1610	1019010
7827	5	1.0	901919	1915	1514	1411	1119011
8148	8	1.0	901919	1915	1522	2221	2124	2413	1312	1219012
7500	7	1.0	901919	1915	1522	2221	2124	2413	1319013
7574	4	1.0	901919	1915	1514	1419014
7280	3	1.0	901919	1915	1519015
7678	4	1.0	901919	1917	1716	1619016
7282	3	1.0	901919	1917	1719017
7413	3	1.0	901919	1920	2019020
8365	5	1.0	901919	1915	1522	2221	2119021
8012	4	1.0	901919	1915	1522	2219022
8040	5	1.0	901919	1915	1522	2223	2319023
7616	6	1.0	901919	1915	1522	2221	2124	2419024
7240	8	1.0	902020	2018	187	78	86	62	21	119001
8384	7	1.0	902020	2018	187	78	86	62	219002
7809	8	1.0	902020	2018	187	78	86	65	54	419004
7887	6	1.0	902020	2018	187	78	86	619006
7461	4	1.0	902020	2018	187	719007
7469	5	1.0	902020	2018	187	78	819008
8372	6	1.0	902020	2018	1816	1610	109	919009
7419	5	1.0	902020	2018	1816	1610	1019010
7997	6	1.0	902020	2019	1915	1514	1411	1119011
8110	6	1.0	902020	2021	2124	2413	1312	1219012
7730	5	1.0	902020	2021	2124	2413	1319013
7920	5	1.0	902020	2019	1915	1514	1419014
7387	4	1.0	902020	2019	1915	1519015
7432	4	1.0	902020	2018	1816	1619016
7644	4	1.0	902020	2019	1917	1719017
7864	3	1.0	902020	2019	1919019
7662	3	1.0	902020	2021	2119021
7379	3	1.0	902020	2022	2219022
8033	4	1.0	902020	2022	2223	2319023
8052	4	1.0	902020	2021	2124	2419024
7713	7	1.0	902121	2124	2413	1312	123	31	119001
7421	7	1.0	902121	2124	2413	1312	123	34	419004
8339	7	1.0	902121	2120	2018	187	78	86	619006
7805	5	1.0	902121	2120	2018	187	719007
7546	6	1.0	902121	2120	2018	187	78	819008
8163	6	1.0	902121	2122	2215	1510	109	919009
7664	5	1.0	902121	2122	2215	1510	1019010
7922	6	1.0	902121	2124	2423	2314	1411	1119011
8192	5	1.0	902121	2124	2413	1312	1219012
7703	4	1.0	902121	2124	2413	1319013
8064	5	1.0	902121	2124	2423	2314	1419014
7297	4	1.0	902121	2122	2215	1519015
7767	7	1.0	902121	2122	2215	1519	1917	1716	1619016
7395	6	1.0	902121	2122	2215	1519	1917	1719017
7807	5	1.0	902121	2122	2215	1519	1919019
7359	3	1.0	902121	2120	2019020
7337	3	1.0	902121	2122	2219022
7361	4	1.0	902121	2124	2423	2319023
7941	3	1.0	902121	2124	2419024
7548	8	1.0	902222	2221	2124	2413	1312	123	31	119001
7636	8	1.0	902222	2220	2018	187	78	86	62	219002
8337	7	1.0	902222	2221	2124	2413	1312	123	319003
7967	6	1.0	902222	2223	2314	1411	114	419004
7882	7	1.0	902222	2220	2018	187	78	86	619006
7508	5	1.0	902222	2220	2018	187	719007
7496	6	1.0	902222	2220	2018	187	78	819008
7381	5	1.0	902222	2215	1510	109	919009
7353	4	1.0	902222	2215	1510	1019010
7516	5	1.0	902222	2223	2314	1411	1119011
7885	6	1.0	902222	2221	2124	2413	1312	1219012
7383	5	1.0	902222	2221	2124	2413	1319013
8009	4	1.0	902222	2223	2314	1419014
7586	3	1.0	902222	2215	1519015
7604	6	1.0	902222	2215	1519	1917	1716	1619016
7481	5	1.0	902222	2215	1519	1917	1719017
7403	4	1.0	902222	2215	1519	1919019
7250	3	1.0	902222	2220	2019020
7375	3	1.0	902222	2221	2119021
7397	3	1.0	902222	2223	2319023
8311	4	1.0	902222	2221	2124	2419024
8020	7	1.0	902323	2324	2413	1312	123	31	119001
8090	6	1.0	902323	2324	2413	1312	123	319003
8306	5	1.0	902323	2314	1411	114	419004
8068	7	1.0	902323	2314	1411	114	45	56	619006
8133	6	1.0	902323	2322	2220	2018	187	719007
7688	7	1.0	902323	2322	2220	2018	187	78	819008
7258	6	1.0	902323	2314	1411	1110	109	919009
7357	5	1.0	902323	2314	1411	1110	1019010
7363	4	1.0	902323	2314	1411	1119011
7759	5	1.0	902323	2324	2413	1312	1219012
7754	4	1.0	902323	2324	2413	1319013
7305	3	1.0	902323	2314	1419014
7701	4	1.0	902323	2322	2215	1519015
7518	7	1.0	902323	2322	2215	1519	1917	1716	1619016
7889	6	1.0	902323	2322	2215	1519	1917	1719017
7465	5	1.0	902323	2322	2220	2018	1819018
7284	5	1.0	902323	2322	2215	1519	1919019
8229	4	1.0	902323	2322	2220	2019020
7717	4	1.0	902323	2324	2421	2119021
7355	3	1.0	902323	2322	2219022
