5296	7234
1535	7236
5199	7238
5711	7240
1613	7242
2746	7244
4131	7246
4162	7248
6656	7250
1290	7252
3130	7254
3323	7256
6834	7258
1729	7260
4670	7262
7138	7264
316	7266
855	7268
4490	7270
2463	7272
2489	7274
4177	7276
4947	7278
5555	7280
5608	7282
7007	7284
2305	7286
5605	7282
1992	7288
2058	7290
3939	7292
4065	7294
4184	7276
6163	7297
6164	7297
80	7299
921	7301
2214	7303
2488	7274
6916	7305
2623	7307
3023	7309
413	7311
2612	7307
4313	7314
6912	7305
186	7316
278	7318
836	7320
3566	7322
879	7268
2556	7325
2680	7327
3128	7254
4760	7329
1099	7331
1343	7333
3561	7335
6262	7337
3195	7339
4990	7341
95	7343
681	7345
3270	7347
3474	7349
6913	7305
3821	7351
6385	7353
7052	7355
6853	7357
7049	7355
6227	7359
6280	7361
6865	7363
702	7365
2997	7367
4772	7369
7071	7355
1527	7236
1948	7288
3424	7373
6726	7375
5314	7377
6025	7379
6374	7381
6488	7383
3069	7385
5882	7387
567	7389
1402	7391
3543	7393
6203	7395
6748	7397
65	7399
990	7401
1945	7288
6645	7403
1694	7405
2644	7407
4003	7409
5224	7411
5649	7413
806	7415
3659	7417
5801	7419
6081	7421
1006	7401
4809	7369
50	7425
2266	7286
2426	7428
5424	7430
5931	7432
6770	7397
7099	7435
1187	7437
1320	7439
1667	7441
2732	7244
3816	7443
4693	7445
7221	7447
1271	7252
2071	7290
3073	7450
3194	7339
3387	7452
3977	7454
4216	7456
6241	7337
647	7459
1519	7236
3479	7349
5756	7461
2596	7463
4776	7369
6987	7465
4857	7467
5769	7469
955	7471
7211	7473
1995	7288
2978	7475
3726	7477
5386	7479
6616	7481
1464	7236
3473	7349
700	7365
766	7484
1899	7486
3585	7488
5483	7490
5650	7413
3643	7492
4098	7494
4319	7314
6357	7496
6399	7353
2847	7498
5519	7500
4288	7314
4894	7503
6699	7375
6917	7305
361	7506
2001	7288
6339	7508
6700	7375
767	7484
3072	7450
403	7510
3910	7512
4727	7514
6445	7516
6954	7518
2008	7288
3206	7520
3440	7373
3892	7512
4893	7503
2423	7428
717	7524
2055	7290
3142	7526
4044	7409
4278	7314
5635	7282
2996	7367
3376	7452
4349	7531
43	7533
157	7535
1556	7537
4007	7409
4340	7531
7105	7435
1304	7439
2422	7428
4382	7541
4403	7543
5010	7341
5632	7282
6094	7546
6305	7548
435	7550
1138	7552
1764	7554
4001	7409
261	7556
3894	7512
5279	7234
341	7559
1588	7561
2799	7244
3238	7520
3832	7351
5532	7280
1603	7567
1707	7569
2460	7272
3448	7571
3834	7351
4956	7278
5526	7574
1757	7576
4233	7578
4270	7314
4819	7369
844	7268
1222	7580
3053	7582
4421	7584
6547	7586
244	7588
249	7590
1534	7236
4910	7592
162	7594
2215	7303
3688	7596
4973	7598
29	7600
1696	7405
4034	7409
5342	7602
6560	7604
292	7606
555	7389
3517	7349
6095	7546
1622	7242
1929	7288
1949	7288
2318	7286
486	7610
3075	7450
7080	7612
5182	7614
5704	7616
2420	7428
3209	7520
3358	7618
3774	7620
1756	7576
3032	7309
4147	7248
4984	7341
2581	7463
2656	7625
3944	7627
4257	7629
6597	7481
1721	7632
2271	7286
4275	7314
5522	7574
6420	7353
4271	7314
6308	7636
101	7343
401	7510
923	7639
6201	7395
3885	7641
4888	7503
5798	7419
5957	7644
3302	7646
6512	7586
7139	7264
1153	7649
1880	7651
2166	7653
4442	7584
7136	7264
1321	7439
2464	7272
3084	7450
3156	7657
6371	7381
6388	7353
1517	7236
4519	7659
5434	7430
6013	7662
6113	7664
472	7666
2321	7286
4883	7668
5045	7670
2516	7325
3649	7673
4416	7584
5610	7282
4149	7248
5906	7432
6598	7481
5277	7234
1308	7439
1630	7676
4491	7270
4784	7369
5575	7678
5660	7413
5900	7432
192	7681
1458	7236
1673	7441
3098	7684
3788	7686
5607	7282
6392	7353
6826	7688
257	7690
568	7389
1213	7692
5174	7614
5934	7432
4390	7541
5197	7238
510	7695
854	7268
1403	7391
2204	7697
2264	7286
5229	7411
1999	7288
2753	7244
6219	7359
6401	7353
6581	7604
6939	7701
365	7506
3785	7686
4443	7584
5960	7644
6152	7703
6288	7361
7068	7355
190	7681
561	7389
2446	7272
6926	7305
1073	7709
1672	7441
2059	7290
2534	7325
2559	7325
3994	7409
5414	7711
6387	7353
1944	7288
6078	7713
1678	7715
5537	7280
7040	7717
826	7719
1272	7252
3351	7618
3714	7722
3953	7724
4734	7514
1212	7692
1856	7726
2730	7244
3611	7728
5856	7730
7208	7473
905	7732
976	7471
2043	7290
3914	7512
5630	7282
5870	7387
5933	7432
89	7299
1928	7288
3684	7596
1087	7738
5706	7240
424	7311
4924	7742
5177	7614
6621	7481
5606	7282
5803	7419
2738	7244
2836	7498
2852	7745
5479	7490
3657	7747
273	7749
6193	7395
2750	7244
4360	7752
6898	7754
346	7756
2477	7274
2745	7244
6447	7516
6541	7586
1476	7236
6892	7759
665	7761
828	7763
1809	7726
3205	7520
4279	7314
4471	7270
6179	7767
5077	7769
5980	7644
810	7772
2052	7290
3137	7774
4412	7584
5633	7282
6965	7518
2272	7286
3020	7309
3621	7777
4583	7779
5598	7282
175	7781
398	7510
1122	7552
2341	7784
813	7772
1434	7787
1452	7789
4749	7514
5330	7602
2734	7244
5181	7614
6703	7375
1376	7793
1991	7288
2909	7795
6660	7250
6864	7363
3291	7646
3695	7722
3734	7477
5032	7670
6704	7375
527	7800
1173	7649
1651	7803
2832	7498
6088	7805
6208	7807
1268	7252
1310	7439
6264	7337
1927	7288
5718	7809
485	7610
4966	7598
764	7812
775	7484
1319	7439
1413	7815
1935	7288
2345	7784
5147	7614
7031	7717
94	7343
946	7471
1847	7726
1916	7288
2790	7244
6243	7337
6263	7337
564	7389
2394	7428
4132	7246
4696	7445
5723	7809
5938	7432
6844	7357
4494	7270
6854	7357
832	7763
2922	7795
3327	7256
3532	7825
5505	7827
7039	7717
152	7535
311	7830
1423	7815
2393	7428
5470	7833
425	7311
5266	7835
28	7600
3931	7837
712	7365
871	7268
1660	7803
2253	7286
2833	7498
3266	7347
3822	7351
4506	7659
7228	7447
657	7761
1157	7649
3042	7582
1047	7846
3796	7686
4775	7369
223	7849
2384	7428
2672	7851
3301	7646
3599	7853
5171	7614
6827	7688
2511	7855
4987	7341
5400	7711
2607	7307
2641	7407
777	7484
2896	7859
3050	7582
74	7399
1650	7803
2269	7286
2473	7274
2937	7862
4277	7314
5343	7602
6004	7864
4218	7456
6696	7375
507	7866
3628	7777
4780	7369
5799	7419
995	7401
4610	7869
4199	7456
6949	7701
7180	7873
399	7510
758	7875
2960	7475
5099	7878
143	7880
415	7311
1855	7726
6335	7882
59	7425
1562	7537
4255	7629
6513	7586
1098	7331
4193	7456
6474	7885
1850	7726
2040	7290
4146	7248
5732	7887
6026	7379
6969	7889
654	7761
3236	7520
2425	7428
4654	7891
5244	7411
5278	7234
5780	7469
1220	7580
1885	7895
3180	7339
3651	7898
3891	7512
840	7320
4035	7409
3140	7774
4927	7742
6123	7664
4834	7903
6449	7516
332	7905
686	7345
701	7365
1231	7908
5230	7411
5375	7479
5707	7240
7122	7435
280	7318
546	7913
3311	7915
3562	7335
5893	7432
557	7389
6460	7516
600	7389
948	7471
3683	7596
3942	7627
4547	7779
5228	7411
5861	7920
6131	7922
1303	7439
2911	7795
5121	7878
387	7510
781	7926
4280	7314
5016	7341
5036	7670
1075	7709
1398	7391
3119	7254
6543	7586
1773	7554
2344	7784
4609	7869
5175	7614
6857	7357
1081	7738
2207	7697
72	7399
6549	7586
6602	7481
2263	7286
2517	7325
3395	7932
3763	7934
6477	7383
1652	7803
3797	7686
5588	7678
16	7938
402	7510
601	7389
1692	7405
2119	7290
2924	7795
5977	7644
2597	7463
3210	7520
4064	7294
4733	7514
5764	7469
6298	7941
7227	7447
3149	7943
5585	7678
3808	7443
4285	7314
5420	7946
5573	7678
5937	7432
6046	7379
7150	7949
214	7951
2132	7290
2735	7244
4985	7341
521	7953
218	7955
226	7957
2674	7851
4371	7959
4488	7270
5217	7238
5423	7430
6426	7353
330	7962
2007	7288
4441	7584
3161	7964
4195	7456
5993	7864
6327	7967
690	7969
2585	7463
5015	7341
5258	7835
7103	7435
558	7389
1767	7554
3094	7972
4444	7584
606	7389
2964	7475
4897	7974
1854	7726
2011	7288
3018	7309
3352	7618
3425	7373
5604	7282
6352	7496
1135	7552
1560	7537
1572	7537
4659	7977
4875	7979
6331	7882
117	7982
3807	7443
4731	7514
4839	7903
5587	7678
6188	7767
978	7471
3237	7520
3408	7986
4185	7276
4766	7329
5852	7730
5897	7432
7081	7612
689	7969
52	7425
1717	7632
1747	7991
2320	7286
4096	7494
4223	7456
6842	7357
515	7953
819	7994
2443	7272
4220	7456
6746	7397
443	7550
3310	7915
5839	7997
1270	7252
2877	7859
2900	7859
4820	7369
4901	7974
6367	7496
1214	7692
4874	7979
1695	7405
1805	7726
5535	7280
6599	7481
973	7471
1369	7793
2441	7272
2657	7625
3769	7934
4348	7531
6202	7395
3876	7641
5534	7280
7216	7447
2137	7290
3428	7373
5122	7878
5324	7377
1682	7715
5460	8007
6494	8009
7100	7435
4397	7543
4911	7592
5333	7602
5674	8012
6677	7250
1124	7552
1238	8015
2256	7286
5011	7341
5054	8017
6398	7353
3538	7825
4967	7598
6595	7481
6793	8020
677	8022
4178	7276
5453	8024
633	7459
3799	7686
119	7982
506	7866
2743	7244
3267	7347
5523	7574
911	8027
1368	7793
4383	7541
5685	8012
7032	7717
1354	7333
7197	7473
1136	7552
2118	7290
4628	7869
4692	7445
6064	8033
467	7666
1092	7331
2717	8036
3841	8038
5694	8040
5953	7644
1907	7486
3005	7367
4688	7445
5150	7614
726	8044
1849	7726
3983	7454
4745	7514
386	7510
1716	7632
6235	7337
1253	8047
1693	7405
3805	7443
5119	7878
5214	7238
1575	7537
2313	7286
7006	7284
1456	7236
3324	7256
5447	8049
5871	7387
6972	7889
1584	7561
2579	7463
5530	7280
6068	8052
6633	7403
6721	7375
1523	7236
3451	7571
3539	7825
5631	7282
5686	8012
6743	7397
433	7550
2561	7325
3366	8055
6069	8052
1422	7815
4108	7494
6723	7375
1951	7288
6564	7604
992	7401
3770	7934
4781	7369
5139	7614
5449	8049
6237	7337
6386	7353
1198	7692
2187	7697
2751	7244
5390	7479
7008	7284
602	7389
2004	7288
2127	7290
2736	7244
3752	7477
1629	7676
3284	8062
5297	7234
5940	7432
1005	7401
4626	7869
4629	7869
3990	7409
4668	7262
4833	7903
5137	7614
5538	7280
912	8027
2529	7325
5377	7479
6157	8064
1931	7288
3021	7309
5710	7240
720	7524
2879	7859
4310	7314
4786	7369
4905	7592
4988	7341
6012	7662
6260	7337
6617	7481
954	7471
4808	7369
5504	7827
5841	7997
6283	7361
6636	7403
6812	8068
385	7510
1898	7486
2804	7244
4812	7369
7	7938
4447	7584
5067	8071
6679	7250
970	7471
262	7556
2346	7784
2686	7327
2690	8075
2882	7859
3164	7964
3359	7618
3544	7393
3555	7335
3750	7477
4391	7541
6099	7546
384	7510
417	7311
789	7926
6915	7305
7091	7612
784	7926
4843	7467
6393	7353
6568	7604
482	8082
2387	7428
3109	7684
3515	7349
4196	7456
6603	7481
1528	7236
6522	7586
6830	7258
1559	7537
2631	8086
3418	8088
6110	7664
6365	7496
1004	7401
1940	7288
2067	7290
6354	7496
102	7343
6799	8090
3753	7477
3852	8092
6947	7701
437	7550
1737	7260
2521	7325
2598	7463
2858	7745
5763	7469
596	7389
2126	7290
3412	8088
5389	7479
5556	7280
5741	7461
6521	7586
2427	7428
4385	7541
345	7756
2117	7290
811	7772
1232	7908
6938	7701
7090	7612
113	8097
259	8099
1147	7649
6506	8009
5202	7238
1793	7554
2180	7653
3676	8104
4664	7977
6702	7375
873	7268
1438	8107
4120	7246
4581	7779
5845	8110
1151	7649
7038	7717
6596	7481
477	8082
2072	7290
2418	7428
2723	7244
2807	7244
3038	7582
5698	8040
6326	7967
1052	8114
1415	7815
2068	7290
4981	7341
5046	7670
6678	7250
4648	7891
4946	7278
371	7506
743	8118
951	7471
1820	7726
1924	7288
2012	7288
6030	7379
7196	7473
8	7938
1896	7486
4249	7578
6544	7586
6867	7363
3052	7582
3873	7641
6481	7383
1634	7676
3192	7339
4972	7598
5203	7238
1429	7787
2636	8086
4528	7779
5260	7835
5727	7887
6797	8020
174	7781
334	7905
5570	7678
6856	7357
2061	7290
3162	7964
6056	8033
6518	7586
7198	7473
903	7732
3244	7520
3700	7722
6948	7701
932	8127
1473	7236
5892	7432
6245	7337
4315	7314
5536	7280
6226	7359
1786	7554
2898	7859
4286	7314
4374	7959
6366	7496
3201	7520
6983	7889
1941	7288
2070	7290
2749	7244
2806	7244
1025	8131
1769	7554
2130	7290
4031	7409
5800	7419
6814	8133
1424	7815
2630	8086
212	8135
2388	7428
5677	8012
2039	7290
3784	7686
5080	7769
6341	7508
6740	7397
3212	7520
4316	7314
5372	7479
6586	7604
3088	8137
3438	7373
3552	7335
4395	7543
5701	7616
6028	7379
655	7761
1518	7236
2961	7475
6348	7508
7191	8141
4037	7409
971	7471
1708	7569
2179	7653
3368	8143
4235	7578
5991	7864
875	7268
1023	8131
1822	7726
3404	7986
6137	7922
1661	7803
3893	7512
4904	7592
6584	7604
2640	7407
4337	7531
5105	7878
6876	7363
144	7880
4423	7584
4974	7598
5515	8148
5671	8012
7001	7465
1411	7815
1483	7236
2168	7653
2599	7463
4757	7329
940	8151
4586	7779
6267	7337
1288	7252
1623	7242
1807	7726
2495	7855
3970	8154
4203	7456
6955	7518
1844	7726
3003	7367
3159	7964
3411	8088
4076	7294
5866	7920
6657	7250
47	7533
53	7425
724	8044
1845	7726
4615	7869
7065	7355
597	7389
3729	7477
4075	7294
4338	7531
4861	7467
5976	7644
6927	7305
4585	7779
5090	7769
5742	7461
6075	8052
6112	7664
4986	7341
31	7600
945	7471
4787	7369
5401	7711
5909	7432
5603	7282
3912	7512
5817	7419
553	7389
2267	7286
6102	8163
6622	7481
3711	7722
3923	8165
6356	7496
351	8167
363	7506
4747	7514
6885	7759
1713	7569
1816	7726
565	7389
2045	7290
2385	7428
3664	7417
2584	7463
6372	7381
6566	7604
42	7533
400	7510
1036	8131
2205	7697
3671	8173
3956	8175
7190	8141
2056	7290
3262	8177
4860	7467
1437	8107
1942	7288
3548	7393
3596	7853
5294	7234
1082	7738
2933	7862
3015	8181
3512	7349
6818	8133
599	7389
1920	7288
6153	7703
7079	7612
744	8118
7186	8141
1745	7991
4942	7278
6294	7941
7124	7435
2063	7290
4161	7248
5628	7282
643	7459
2049	7290
5891	7432
7109	7435
1341	7333
3955	8175
4110	7494
4935	7742
7159	7949
2566	7325
3337	8188
5586	7678
6346	7508
1884	7895
2444	7272
3213	7520
5482	7490
6055	8033
7051	7355
850	7268
1765	7554
2075	7290
3293	7646
3787	7686
5349	8190
1668	7441
5097	7878
5350	8190
627	7459
3554	7335
5065	8071
6144	8192
184	7316
877	7268
1465	7236
1848	7726
4175	7276
853	7268
1447	7789
2259	7286
3282	8062
6868	7363
7179	7873
709	7365
3397	8196
3447	7571
4915	8198
5387	7479
6045	7379
7044	7355
78	7299
167	8200
501	7866
598	7389
7033	7717
7104	7435
294	8203
314	7266
1738	7260
2316	7286
3033	7309
4665	7977
4867	7979
1701	7405
5035	7670
5064	8071
5353	8190
6516	7586
4078	7294
4544	7779
4718	7445
1079	8208
2805	7244
6165	7297
118	7982
252	7590
1412	7815
2002	7288
2169	7653
7093	7612
299	8211
2563	7325
1063	8213
2066	7290
2121	7290
3314	7915
3508	7349
5527	7574
562	7389
3842	8038
4165	7248
4410	7584
4614	7869
6897	7754
7125	7435
656	7761
1293	7252
5176	7614
5601	7282
6018	7662
196	8217
4925	7742
4979	7341
7218	7447
1477	7236
3853	8092
5765	7469
6929	7305
493	7610
1170	7649
2248	7286
2724	7244
2931	7862
4463	7270
5179	7614
6428	7353
7108	7435
304	8220
760	7875
1154	7649
3748	7477
3911	7512
1561	7537
378	7510
3138	7774
893	7732
1996	7288
2129	7290
2236	7303
2611	7307
5851	7730
267	8225
1632	7676
6523	7586
3509	7349
4083	8227
4361	7752
5571	7678
7019	8229
313	7266
462	8231
1925	7288
1939	7288
2740	7244
7045	7355
1355	7333
2114	7290
2193	7697
2221	7303
5037	7670
220	7849
847	7268
2462	7272
3860	8092
6869	7363
463	8231
848	7268
924	7639
1390	8235
2177	7653
2930	7862
4548	7779
6216	7359
936	8151
3992	7409
4630	7869
4934	7742
290	7606
2191	7697
2867	7745
3516	7349
5834	7997
4134	7246
4198	7456
4525	7779
4531	7779
199	8241
476	8082
3019	7309
3398	8196
3482	7349
5885	7387
1817	7726
4469	7270
4835	7903
5048	7670
3542	7393
3163	7964
3840	8038
5031	7670
5422	7430
6182	7767
18	7938
2934	7862
3480	7349
5659	7413
6047	7379
6101	8163
6550	7586
6661	7250
4238	7578
915	8027
4771	7369
1146	7649
2374	7784
2654	7625
3865	8245
3872	7641
4782	7369
573	7389
891	8247
2270	7286
2796	7244
6244	7337
6364	7496
6722	7375
4141	7248
1012	8249
693	7969
2128	7290
2386	7428
2525	7325
1287	7252
2883	7859
3636	7492
4063	7294
4880	7668
5056	8017
5755	7461
6019	7662
2526	7325
4354	8254
51	7425
2352	7784
2855	7745
4380	8256
4818	7369
5103	7878
6174	7297
6727	7375
5282	7234
7167	7873
1451	7789
3549	7393
4000	7409
4150	7248
6587	7604
1633	7676
5901	7432
569	7389
1602	7567
3989	7409
4201	7456
137	7880
323	7266
1460	7236
1726	7260
2350	7784
3637	7492
5477	7490
6792	8020
2793	7244
6109	7664
603	7389
2351	7784
4785	7369
4813	7369
6928	7305
1614	7242
3303	7646
5426	7430
6181	7767
6896	7754
180	8262
904	7732
1644	7676
2705	8036
2901	7859
4472	7270
5872	7387
1653	7803
3239	7520
5352	8190
6940	7701
3696	7722
5963	7644
2424	7428
2845	7498
6162	7297
1356	7333
2190	7697
3062	7385
5560	7280
1410	7815
4958	7278
1077	8208
2164	7653
4092	8268
4608	7869
5145	7614
6340	7508
646	7459
727	8044
1155	7649
3861	8092
4115	7246
5492	7490
6561	7604
2251	7286
5362	8190
935	8151
2054	7290
2260	7286
2555	7325
2600	7463
3693	7722
4164	7248
5371	7479
953	7471
1810	7726
4879	7668
4943	7278
239	7588
444	7550
1950	7288
3617	7777
4467	7270
4489	7270
4613	7869
5539	7280
6124	7664
168	8200
3713	7722
4116	7246
171	8200
445	7550
732	8044
5246	7411
6431	7353
535	8275
6741	7397
7053	7355
1353	7333
1932	7288
2565	7325
3010	8181
373	7506
977	7471
1291	7252
3590	7488
4530	7779
5478	7490
5540	7280
6990	7465
1686	8279
3795	7686
5101	7878
2629	8086
2665	7625
3459	7571
4043	7409
5411	7711
232	8283
1918	7288
4535	7779
1249	8285
1524	7236
6063	8033
3031	7309
3820	7351
4607	7869
5091	7769
7012	7284
453	8231
910	8027
1573	7537
2255	7286
3922	8165
4527	7779
6739	7397
7185	8141
1263	7252
2395	7428
2950	7862
5995	7864
7169	7873
133	8290
747	8292
1397	7391
1994	7288
2963	7475
2977	7475
3211	7520
4109	7494
6953	7518
2349	7784
2708	8036
6507	8009
1112	7331
4470	7270
5929	7432
6381	7381
6698	7375
2181	7653
4869	7979
93	7343
2006	7288
2459	7272
2875	7859
3332	8188
3660	7417
4658	7977
4773	7369
221	7849
566	7389
1790	7554
2252	7286
3403	7986
4377	8256
4716	7445
5018	7341
5752	7461
2523	7325
3485	7349
543	8298
797	8300
1389	8235
1462	7236
4088	8268
2878	7859
1094	7331
1900	7486
3478	7349
4655	7891
944	7471
1120	7552
1200	7692
5458	8303
6769	7397
79	7299
2673	7851
4219	7456
5785	7469
6390	7353
6583	7604
2868	7745
3871	7641
4417	7584
1753	7991
2533	7325
6806	8306
699	7365
3328	7256
3694	7722
4464	7270
5310	7377
87	7299
1339	7333
2562	7325
3864	8245
4041	7409
4089	8268
5996	7864
6083	7421
6601	7481
178	7781
2317	7286
2531	7325
4859	7467
6074	8052
5019	7341
5596	7282
6478	7383
194	8217
3051	7582
4815	7369
5979	7644
6396	7353
6517	7586
856	7268
1481	7236
3106	7684
5146	7614
5599	7282
5884	7387
6819	8133
6024	7379
6779	8311
1199	7692
2472	7274
5634	7282
5731	7887
4282	7314
5311	7377
6467	7885
276	7749
516	7953
734	8044
1615	7242
2703	8036
2737	7244
4844	7467
6261	7337
6429	7353
6495	8009
6631	7403
353	8167
7024	8229
7178	7873
1479	7236
1852	7726
4404	7543
5673	8012
123	7982
3462	7571
5106	7878
5875	7387
6796	8020
1926	7288
2499	7855
4004	7409
6681	7250
626	7459
845	7268
1370	7793
5754	7461
7149	7949
3342	8317
5273	7234
6268	7337
6899	7754
939	8151
2124	7290
3360	7618
4870	7979
342	7559
609	7389
942	7471
1210	7692
1258	8047
2178	7653
2739	7244
2744	7244
3181	7339
6991	7465
229	7957
454	8231
943	7471
1195	7692
1857	7726
2050	7290
7229	7447
1597	8321
3631	7777
3866	8245
4505	7659
5410	7711
5676	8012
6397	7353
2532	7325
4492	7270
5472	7833
6822	7688
380	7510
1322	7439
6886	7759
1612	7242
2308	7286
357	8167
6542	7586
6620	7481
49	7425
188	8326
3727	7477
4916	8198
5397	7711
752	8328
2074	7290
2421	7428
4222	7456
4896	7974
3145	7943
5395	7711
6498	8009
2390	7428
3575	7322
5558	7280
7194	7473
1119	7552
1176	7649
3483	7349
4487	7270
293	8203
3115	7254
6332	7882
6766	7397
4524	7779
5055	8017
688	7969
5903	7432
240	7588
3333	8188
2000	7288
3751	7477
3780	7620
7092	7612
808	7415
6212	7807
6840	7357
851	7268
1792	7554
3984	7454
4711	7445
5072	8071
5133	7614
4422	7584
5883	7387
6187	7767
136	7880
5446	8049
630	7459
1191	7437
2667	7625
3183	7339
6314	8337
6742	7397
7102	7435
1174	7649
3202	7520
3584	7488
4575	7779
4611	7869
5647	7413
6027	7379
6085	8339
6180	7767
202	8341
2854	7745
6680	7250
559	7389
1197	7692
2500	7855
5675	8012
768	7484
2073	7290
2975	7475
1909	7486
2959	7475
3114	7254
3309	8343
5531	7280
6643	7403
3076	7450
4039	7409
2134	7290
3022	7309
3338	8188
3786	7686
1110	7331
2010	7288
3670	8345
6970	7889
1690	8279
297	8203
4439	7584
4730	7514
5932	7432
2558	7325
2748	7244
2932	7862
4142	7248
5017	7341
5142	7614
6320	7967
1289	7252
711	7365
3943	7627
5451	8024
7152	7949
1529	7236
2189	7697
4900	7974
552	7389
3823	7351
5351	8190
570	7389
6044	7379
3835	7351
5049	7670
73	7399
1330	8351
4038	7409
5832	7997
6043	7379
3647	7673
6505	8009
6744	7397
2235	7303
2637	8086
3279	8354
5151	7614
5364	8190
6233	7337
6424	7353
6807	8306
1323	7439
762	7812
1997	7288
4002	7409
5141	7614
3716	7722
5569	7678
815	8357
1676	7715
2808	7244
1386	8359
2003	7288
2522	7325
3999	7409
645	7459
2725	7244
6330	7882
2490	7274
5831	7997
455	8231
2064	7290
2306	7286
5461	8007
1246	8285
2343	7784
2391	7428
4516	7659
794	8362
1267	7252
2881	7859
3423	7373
4312	7314
4686	7445
165	7594
1121	7552
1470	7236
2367	7784
2461	7272
2685	7327
2910	7795
3728	7477
5668	8365
6525	7586
6682	7250
6720	7375
6803	8306
4533	7779
5702	7616
6029	7379
554	7389
4317	7314
5513	8148
6468	7885
7168	7873
156	7535
1414	7815
6141	8192
372	7506
2679	7327
3511	7349
3655	7747
6207	7807
6232	7337
625	7459
1340	7333
2123	7290
3653	7898
3824	7351
1430	7787
5363	8190
5495	7490
6189	7767
629	7459
950	7471
1740	7260
2219	7303
4008	7409
5782	7469
88	7299
4992	7341
6122	7664
6745	7397
7083	7612
68	7399
1021	8131
2524	7325
2610	7307
4759	7329
5793	8372
6125	7664
6145	8192
2053	7290
3601	7728
4117	7246
4274	7314
4526	7779
6231	7337
6644	7403
6980	7889
7025	8229
517	7953
972	7471
1024	8131
1306	7439
3200	7520
4202	7456
5476	7490
6473	7885
2913	7795
4234	7578
6548	7586
7082	7612
947	7471
2194	7697
2952	7862
3642	7492
6006	7864
2715	8036
3043	7582
4318	7314
1377	7793
3082	7450
3975	7454
4148	7248
4638	8375
5626	7282
5717	7809
4179	7276
4448	7584
494	7610
3391	7932
3998	7409
5100	7878
6289	7361
7123	7435
248	7590
1235	7908
3184	7339
5081	7769
6490	7383
994	7401
3374	7452
3568	7322
3610	7728
1152	7649
3061	7385
3185	7339
3995	7409
7030	7717
852	7268
2368	7784
3120	7254
4671	7262
4710	7445
5981	7644
1139	7552
2445	7272
2803	7244
3715	7722
5398	7711
5493	7490
2949	7862
4625	7869
4289	7314
4643	8375
5589	7678
5092	7769
2254	7286
1463	7236
4769	7369
6515	7586
5172	7614
7069	7355
1643	7676
2220	7303
2265	7286
3243	7520
4118	7246
4346	7531
2217	7303
2508	7855
5013	7341
2729	7244
3274	8354
3951	7724
5672	8012
6646	7403
1156	7649
2518	7325
2527	7325
2984	8382
3697	7722
5739	7461
6238	7337
473	7666
3117	7254
3158	7964
4217	7456
4322	7314
4446	7584
6982	7889
1531	7236
2389	7428
3193	7339
4415	7584
6653	7250
6911	7305
1768	7554
3475	7349
4690	7445
5713	8384
823	7719
522	7953
572	7389
1484	7236
3208	7520
5435	7430
374	7506
550	7913
1526	7236
3175	7964
5102	7878
138	7880
929	8127
1305	7439
2609	7307
3131	7254
4398	7543
975	7471
2794	7244
2962	7475
5354	8190
530	8275
4247	7578
236	8283
6092	7805
106	8393
3004	7367
2203	7697
2726	7244
4649	7891
6098	7546
2880	7859
5178	7614
2051	7290
3674	8173
6999	7465
4750	7514
4695	7445
1446	7789
1457	7236
2912	7795
5089	7769
254	7690
4187	7276
200	8341
3731	7477
5480	7490
6600	7481
6998	7465
952	7471
1352	7333
2800	7244
5107	7878
5646	7413
1635	7676
2733	7244
3207	7520
5521	7574
5867	7920
2520	7325
2718	8036
364	7506
5437	7430
776	7484
1598	8321
2257	7286
2795	7244
4194	7456
4965	7598
5078	7769
2528	7325
2991	8382
3331	8188
1702	7405
2677	7851
2895	7859
3724	7477
4868	7979
5553	7280
6692	7375
1201	7692
1677	7715
2057	7290
5736	7461
5874	7387
1930	7288
3833	7351
5978	7644
6520	7586
207	8341
231	8283
2013	7288
2041	7290
3595	7853
4955	7278
502	7866
829	7763
3386	7452
5073	8071
6132	7922
2369	7784
4697	7445
5898	7432
6395	7353
770	7484
2347	7784
3749	7477
4258	7629
5820	7419
6011	7662
1068	8400
1252	8047
2510	7855
2923	7795
3620	7777
3874	7641
4536	7779
10	7938
1645	7676
3471	7349
3476	7349
4518	7659
81	7299
1097	7331
1108	7331
4033	7409
6697	7375
2876	7859
4517	7659
4887	7503
7220	7447
642	7459
1286	7252
1998	7288
4849	7467
148	8402
488	7610
4964	7598
7195	7473
3646	7673
680	7345
2238	7303
3317	8404
3775	7620
4650	7891
4816	7369
6787	8311
6988	7465
7210	7473
468	7666
1762	7554
5436	7430
5695	8040
6981	7889
128	8290
381	7510
1666	7441
4746	7514
5629	7282
6321	7967
4687	7445
5259	7835
6121	7664
1444	7789
4639	8375
5332	7602
5722	7809
1593	8321
2044	7290
2239	7303
2249	7286
4042	7409
6108	7664
2275	7286
5135	7614
5905	7432
6389	7353
1018	8131
1474	7236
682	7345
698	7365
1730	7260
2995	7367
135	7880
631	7459
2188	7697
3804	7443
4928	7742
5687	8012
6242	7337
7067	7355
632	7459
2557	7325
3258	8177
3341	8317
4963	7598
6269	7337
2496	7855
6265	7337
6693	7375
4944	7278
5510	7827
1013	8249
3439	7373
2315	7286
2698	8075
3173	7964
3732	7477
6266	7337
2866	7745
3698	7722
4143	7248
1574	7537
328	7962
434	7550
1804	7726
4717	7445
5374	7479
301	8211
2311	7286
4061	7294
5849	8110
6647	7403
132	8290
1788	7554
4256	7629
6240	7337
500	7866
2530	7325
4389	7541
2120	7290
3469	7349
4339	7531
6788	8311
6810	8068
5822	7419
1806	7726
1461	7236
3116	7254
5574	7678
2622	7307
3107	7684
7047	7355
1803	7726
3898	7512
4367	7752
5517	7500
6171	7297
6570	7604
2397	7428
2554	7325
4066	7294
5796	8372
7101	7435
7171	7873
1938	7288
3446	7571
5802	7419
5982	7644
6618	7481
5272	7234
1895	7486
6003	7864
6930	7305
25	8419
1037	8131
3392	7932
4945	7278
5602	7282
6565	7604
6831	7258
3899	7512
4538	7779
5047	7670
5267	7835
1582	7561
3315	7915
5322	7377
6017	7662
5533	7280
7160	7949
225	7957
4541	7779
5576	7678
5955	7644
6281	7361
2192	7697
3349	7618
4588	7779
5247	7411
5503	7827
5840	7997
6763	7397
7184	8141
1812	7726
4420	7584
4462	7270
315	7266
414	7311
2691	8075
5227	7411
39	8421
6989	7465
1727	7260
1921	7288
4287	7314
6749	7397
1137	7552
1337	7333
2273	7286
4817	7369
5873	7387
846	7268
3449	7571
4580	7779
5124	7878
897	7732
1703	7405
1709	7569
1917	7288
2447	7272
3241	7520
3437	7373
2646	8423
3506	7349
4714	7445
1186	7437
1522	7236
1875	7651
4145	7248
6220	7359
2062	7290
4130	7246
4846	7467
5597	7282
3754	7477
7217	7447
1065	8213
1642	7676
5274	7234
6457	7516
324	7266
337	7559
1811	7726
1846	7726
3095	7684
3692	7722
6728	7375
6781	8311
6957	7518
6582	7604
7107	7435
1049	8114
1818	7726
4660	7977
5232	7411
210	8135
1080	7738
1177	7649
3272	8354
3976	7454
4166	7248
5275	7234
5975	7644
6022	7379
6133	7922
6469	7885
725	8044
1338	7333
2262	7286
2741	7244
2994	7367
3518	7349
2580	7463
3426	7373
3612	7728
4578	7779
5196	7238
5860	7920
738	8118
644	7459
3461	7571
6218	7359
216	7955
2948	7862
3691	7722
6768	7397
2048	7290
2135	7290
2398	7428
5819	7419
4546	7779
309	7830
1035	8131
2372	7784
3484	7349
5321	7377
5894	7432
1269	7252
2754	7244
6373	7381
1480	7236
1592	8321
3764	7934
3985	7454
3996	7409
5908	7432
6023	7379
1521	7236
2921	7795
4774	7369
6041	7379
2314	7286
4272	7314
4777	7369
6632	7403
17	7938
1922	7288
2747	7244
3092	7972
6802	8306
2353	7784
3582	8433
3594	7853
3779	7620
6225	7359
841	7320
1050	8114
1725	7260
3294	7646
3712	7722
5079	7769
2608	7307
3288	8062
5805	7419
782	7926
1020	8131
1933	7288
3097	7684
3883	7641
3936	8436
4074	7294
4197	7456
4691	7445
2560	7325
6841	7357
6964	7518
3897	7512
3014	8181
3859	8092
6973	7889
5248	7411
5034	7670
3567	7322
3960	8175
3971	8154
5014	7341
6504	8009
1886	7895
1915	7288
5082	7769
2707	8036
3814	7443
6683	7250
2564	7325
3477	7349
4465	7270
4858	7467
3619	7777
7018	8229
3385	7452
3993	7409
4036	7409
6195	7395
6634	7403
2650	8423
3295	7646
3450	7571
5245	7411
446	7550
475	8082
817	8357
1266	7252
1382	8359
4248	7578
4672	7262
6884	7759
7126	7435
22	8419
272	7749
362	7506
536	8275
3234	7520
4445	7584
6302	7548
452	8231
2792	7244
3096	7684
3307	8343
3733	7477
6295	7941
888	8247
3257	8177
4540	7779
5355	8190
3214	7520
3278	8354
3665	7417
4532	7779
2498	7855
2689	8075
2731	7244
4311	7314
6005	7864
142	7880
2914	7795
3346	8317
5012	7341
5268	7835
5313	7377
5657	7413
5753	7461
798	8300
3263	8177
4582	7779
4840	7903
6236	7337
7127	7435
4460	7270
2218	7303
3172	7964
3618	7777
2853	7745
3869	8245
5962	7644
6217	7359
6400	7353
3413	8088
3965	8154
4735	7514
4009	7409
4545	7779
4673	7262
150	8402
198	8241
2752	7244
3896	7512
6654	7250
96	7343
335	7559
1873	7651
4396	7543
5299	7234
7026	8229
1062	8213
1149	7649
1563	7537
3630	7777
4577	7779
6065	8033
1123	7552
1897	7486
2697	8075
6402	7353
6425	7353
6764	7397
608	7389
3083	7450
5180	7614
6563	7604
124	7982
3574	7322
4957	7278
5766	7469
6156	8064
6173	7297
1947	7288
2373	7784
9	7938
4418	7584
6662	7250
1171	7649
2307	7286
2935	7862
4712	7445
3460	7571
7128	7435
7137	7264
44	7533
1872	7651
2653	7625
2857	7745
1292	7252
4163	7248
1421	7815
1482	7236
61	7425
1770	7554
2116	7290
3947	7627
5992	7864
7199	7473
3059	7385
3950	7724
4978	7341
5098	7878
5412	7711
432	7550
834	7320
2936	7862
3534	7825
3886	7641
5140	7614
6496	8009
1194	7692
2487	7274
2704	8036
6057	8033
605	7389
934	8151
2261	7286
2417	7428
4493	7270
5818	7419
607	7389
721	7524
876	7268
1051	8114
1478	7236
2476	7274
4246	7578
6309	7636
1175	7649
5648	7413
6194	7395
6430	7353
26	8419
1525	7236
1045	7846
1946	7288
3273	8354
5120	7878
5250	7411
182	8262
849	7268
1459	7236
2216	7303
6663	7250
6815	8133
919	7301
1819	7726
1821	7726
2131	7290
3152	7657
1433	7787
4005	7409
5148	7614
5301	7234
6906	7754
2844	7498
3283	8062
4534	7779
5143	7614
5481	7490
6676	7250
461	8231
513	7695
3602	7728
6664	7250
322	7266
206	8341
4167	7248
6070	8052
7209	7473
2664	7625
5466	8007
282	8459
4543	7779
4584	7779
5768	7469
7145	7264
33	8421
2240	7303
4637	8375
6107	7664
2163	7653
5281	7234
5857	7730
312	7266
670	8463
1265	7252
2237	7303
3806	7443
5249	7411
7070	7355
2047	7290
3513	7349
3927	8165
2167	7653
3060	7385
753	8328
2951	7862
5413	7711
1111	7331
4358	8254
1532	7236
3242	7520
4574	7779
1604	7567
2621	7307
3468	7349
3668	8345
4845	7467
6655	7250
2442	7272
3560	7335
5136	7614
5781	7469
6782	8311
7162	7949
7177	7873
7219	7447
426	7311
2620	7307
3292	7646
2789	7244
3203	7520
4100	7494
336	7559
1558	7537
1624	7242
5134	7614
5846	8110
7017	8229
3680	8104
4133	7246
6750	7397
495	7610
1557	7537
6821	7688
481	8082
1746	7991
2213	7303
3375	7452
3436	7373
3765	7934
4336	7531
4060	7294
2798	7244
4176	7276
4495	7270
5329	7602
5421	7430
5806	7419
307	8220
927	7639
1683	7715
4680	7262
6619	7481
6866	7363
5907	7432
540	8298
1993	7288
2802	7244
5899	7432
6444	7516
2274	7286
4679	7262
4811	7369
5173	7614
5300	7234
2370	7784
4411	7584
4461	7270
6172	7297
6838	7357
5216	7238
5376	7479
32	8421
201	8341
2046	7290
2383	7428
4314	7314
4669	7262
7043	7355
1196	7692
1237	8015
3215	7520
4466	7270
4848	7467
5557	7280
7161	7949
1363	8473
4573	7779
6213	7807
1088	7738
6315	8337
896	7732
1654	7803
3510	7349
4884	7668
4920	8198
6054	8033
6843	7357
989	7401
3129	7254
4097	7494
2392	7428
3825	7351
3991	7409
4284	7314
4779	7369
5509	7827
556	7389
916	8027
4921	8198
3553	7335
5213	7238
7000	7465
352	8167
949	7471
6585	7604
66	7399
2348	7784
3409	7986
4587	7779
4732	7514
974	7471
5125	7878
6306	7548
6355	7496
2666	7625
2706	8036
3009	8181
4715	7445
4728	7514
4982	7341
1334	8351
3616	7777
4983	7341
835	7320
4121	7246
4770	7369
4783	7369
5231	7411
6458	7516
172	8200
604	7389
1989	7288
1134	7552
1687	8279
1910	7486
5061	8017
5821	7419
6142	8192
2727	7244
6780	8311
675	8022
4032	7409
4062	7294
5341	7602
5572	7678
1789	7554
3717	7722
5496	7490
7098	7435
2497	7855
3074	7450
264	8479
1520	7236
3235	7520
3638	7492
4362	7752
6562	7604
7153	7949
1608	7567
2986	8382
5767	7469
6724	7375
529	8275
3182	7339
3783	7686
3997	7409
4419	7584
5726	7887
3533	7825
4135	7246
4508	7659
5138	7614
6767	7397
2234	7303
3963	8154
4040	7409
2165	7653
2310	7286
3372	7452
3928	8165
4644	8375
5469	7833
6694	7375
749	8292
1881	7651
2801	7244
3040	7582
4236	7578
5740	7461
6234	7337
2582	7463
5280	7234
733	8044
4409	7584
5494	7490
3569	7322
6524	7586
6567	7604
6971	7889
1455	7236
3851	8092
427	7311
3486	7349
4414	7584
5104	7878
2304	7286
2475	7274
2507	7855
5388	7479
664	7761
1257	8047
1466	7236
4144	7248
6160	8064
6380	7381
1763	7554
2065	7290
3099	7684
5896	7432
6479	7383
6890	7759
2797	7244
4847	7467
5804	7419
1662	7803
1891	7895
2322	7286
3586	7488
5144	7614
6461	7516
7144	7264
539	8298
4394	7543
4468	7270
7066	7355
2136	7290
3377	7452
4589	7779
5792	8372
1058	8114
1752	7991
6487	7383
3417	8088
3848	8038
4681	7262
5060	8017
6111	7664
6514	7586
107	8393
3846	8038
5735	7461
38	8421
2268	7286
5961	7644
710	7365
3421	7373
4627	7869
5904	7432
2974	7475
451	8231
3067	7385
3875	7641
4440	7584
5365	8190
6422	7353
628	7459
1576	7537
2791	7244
3240	7520
3472	7349
5276	7234
6835	7258
1019	8131
5719	7809
1472	7236
2897	7859
4906	7592
563	7389
5807	7419
6895	7754
1022	8131
2125	7290
2835	7498
3370	8143
3964	8154
4778	7369
6546	7586
6497	8009
2947	7862
4276	7314
6480	7383
1365	8473
2869	7745
4941	7278
1309	7439
6446	7516
783	7926
1245	8285
769	7484
1908	7486
5149	7614
5930	7432
6427	7353
1067	8400
4765	7329
1148	7649
2122	7290
2206	7697
4221	7456
4237	7578
547	7913
1371	7793
3773	7620
3847	8038
6192	7395
1261	7252
6394	7353
6604	7481
6974	7889
7151	7949
3427	7373
5261	7835
5665	8365
2042	7290
2976	7475
3677	8104
3909	7512
6459	7516
739	8118
1057	8114
1342	7333
1467	7236
2692	8075
2834	7498
2628	8086
5714	8384
5994	7864
6963	7518
1937	7288
5666	8365
1391	8235
3068	7385
5762	7469
5784	7469
6138	7922
1026	8131
4509	7659
5312	7377
6091	7805
6635	7403
2319	7286
4413	7584
6905	7754
824	7719
2258	7286
3373	7452
6729	7375
7050	7355
1227	7580
1442	8107
1802	7726
4537	7779
6042	7379
7046	7355
1469	7236
2250	7286
1471	7236
4273	7314
5455	8303
7048	7355
412	7311
1093	7331
5554	7280
6725	7375
7170	7873
658	7761
1934	7288
3591	7488
4507	7659
127	8290
246	8493
4321	7314
4694	7445
6391	7353
6489	7383
991	7401
1016	8249
1589	7561
2115	7290
4989	7341
6855	7357
1874	7651
6290	7361
3364	8055
5658	7413
6299	7941
1118	7552
1990	7288
383	7510
799	8300
756	8328
1294	7252
1406	8498
2474	7274
2699	8075
4459	7270
5200	7238
1038	8131
2009	7288
2471	7274
2837	7498
3730	7477
5956	7644
416	7311
1530	7236
3384	7452
3699	7722
5331	7602
6239	7337
6891	7759
697	7365
6379	7381
60	7425
878	7268
1096	7331
1766	7554
2371	7784
6031	7379
803	8300
1260	7252
2222	7303
2342	7784
2985	8382
4576	7779
6879	7363
673	8463
2965	7475
5066	8071
5323	7377
5559	7280
1211	7692
2728	7244
3041	7582
3174	7964
3921	8165
4099	7494
4114	7246
6301	7548
6765	7397
1516	7236
2655	7625
6907	7754
531	8275
3322	7256
3913	7512
3934	7837
4713	7445
6148	7703
1226	7580
2309	7286
4320	7314
1485	7236
2448	7272
4266	7629
5399	7711
560	7389
4264	7629
4283	7314
4810	7369
6569	7604
571	7389
2399	7428
3463	7571
2788	7244
2899	7859
4086	8227
4903	7592
5600	7282
1039	8131
1892	7895
5233	7411
5443	8506
5895	7432
5935	7432
694	7969
1172	7649
5373	7479
6941	7701
2583	7463
6347	7508
6519	7586
115	8097
487	7610
1631	7676
2419	7428
110	8393
2856	7745
4529	7779
6147	7703
6658	7250
5020	7341
382	7510
894	7732
1475	7236
2595	7463
3401	8196
3579	8433
4281	7314
4647	7891
5465	8007
7200	7473
404	7510
1125	7552
5425	7430
6322	7967
2312	7286
6353	7496
4814	7369
6659	7250
6878	7363
4	8512
67	7399
3798	7686
4355	8254
5627	7282
7106	7435
653	7761
1307	7439
1814	7726
5738	7461
6937	7701
1150	7649
1533	7236
1760	7576
2509	7855
5939	7432
6443	7516
379	7510
1109	7331
1853	7726
2486	7274
4993	7341
5609	7282
2998	7367
5688	8012
6839	7357
874	7268
1771	7554
5344	7602
790	7926
3216	7520
5123	7878
5226	7411
6448	7516
2647	8423
3854	8092
4186	7276
1445	7789
1591	8321
2396	7428
3725	7477
1791	7554
1815	7726
3938	8436
1813	7726
3318	8404
4192	7456
4991	7341
5954	7644
1329	8351
1441	8107
1772	7554
3895	7512
4889	7503
6105	8163
1468	7236
4366	7752
4729	7514
6914	7305
544	8298
5334	7602
5936	7432
6421	7353
525	7800
1611	7242
2060	7290
2742	7244
3146	7943
1003	7401
5201	7238
5215	7238
6282	7361
6747	7397
1936	7288
4936	7742
6701	7375
6705	7375
1381	8359
4542	7779
4689	7445
6312	7636
3514	7349
4384	7541
5783	7469
6423	7353
872	7268
3320	8404
3603	7728
77	7299
3039	7582
3350	7618
4612	7869
4926	7742
288	8520
1221	7580
4539	7779
5475	7490
993	7401
2113	7290
2440	7272
3108	7684
3118	7254
4232	7578
4405	7543
5074	8071
6545	7586
358	8167
1333	8351
1394	8235
3151	7657
3204	7520
3470	7349
7016	8229
349	7756
3507	7349
4758	7329
5396	7711
6877	7363
243	7588
4006	7409
4200	7456
1242	8015
2716	8036
436	7550
1071	8400
1621	7242
1787	7554
3932	7837
5770	7469
1923	7288
2681	7327
3974	7454
6318	8337
6338	7508
153	7535
499	7866
1262	7252
2069	7290
2809	7244
5295	7234
5959	7644
671	8463
1264	7252
1808	7726
5902	7432
1943	7288
3422	7373
4095	7494
4347	7531
5298	7234
5833	7997
2133	7290
3160	7964
1583	7561
1728	7260
1739	7260
3815	7443
6087	7805
1919	7288
2586	7463
4265	7629
6837	7357
159	8527
4370	7959
2005	7288
2929	7862
5737	7461
666	7761
3481	7349
4119	7246
4748	7514
6695	7375
7015	8229
6	7938
3604	7728
3629	7777
3735	7477
34	8421
3090	8137
4980	7341
6956	7518
285	8530
5958	7644
1851	7726
2519	7325
2652	7625
3884	7641
4077	7294
4579	7779
5033	7670
1722	7632
4107	7494
5198	7238
5823	7419
5859	7920
1095	7331
2846	7498
5225	7411
895	7732
2874	7859
2990	8382
755	8328
2755	7244
3030	7309
5087	7769
5669	8365
303	8211
1901	7486
5169	7614
5238	7411
5391	7479
1409	8542
1497	7236
4959	7278
514	7695
1963	7288
3961	8175
6278	7337
4553	7779
4796	7369
5235	7411
6923	7305
7074	7355
2210	7697
6097	7546
6345	7508
7130	7435
809	7415
4483	7270
5095	7769
6690	7250
7041	7717
1317	7439
3925	8165
266	8565
887	7268
2143	7290
4327	7314
6186	7767
1879	7651
2033	7288
3434	7373
6344	7508
2280	7286
5502	7490
6130	7664
6808	8306
4408	7543
5236	7411
6442	7353
6630	7481
595	7389
1347	7333
1750	7991
2769	7244
5919	7432
6342	7508
2887	7859
187	7316
1799	7554
4250	7578
6978	7889
1008	7401
2956	7862
1626	7242
1979	7288
3495	7349
5568	7280
5876	7387
6918	7305
1618	7242
3813	7443
5563	7280
5654	7413
5708	7240
7154	7949
4739	7514
5580	7678
5639	7282
343	7559
861	7268
1086	7738
2355	7784
3441	7373
6641	7403
617	7389
937	8151
2199	7697
3011	8181
5115	7878
5616	7282
1115	7331
2468	7272
3635	7777
5393	7479
5943	7432
6058	8033
6577	7604
6962	7518
279	7318
3826	7351
4641	8375
70	7399
469	7666
2156	7290
3945	7627
5044	7670
6256	7337
6919	7305
1774	7554
2017	7288
4677	7262
4852	7467
6117	7664
355	8167
474	7666
3001	7367
4511	7659
5158	7614
6848	7357
54	7425
471	7666
2290	7286
4170	7248
5457	8303
2819	7244
2842	7498
3300	7646
5746	7461
3111	7684
3793	7686
3399	8196
4263	7629
4343	7531
5001	7341
5428	7430
5825	7419
574	7389
3520	7349
4721	7445
5814	7419
2035	7288
3592	7488
6329	7967
7035	7717
4877	7979
5623	7282
6625	7481
6775	7397
393	7510
735	8044
3045	7582
4662	7977
4863	7467
5971	7644
6751	7397
963	7471
981	7471
1733	7260
3496	7349
6510	8009
2779	7244
3627	7777
4572	7779
5085	7769
161	8527
867	7268
962	7471
1233	7908
2671	7625
6158	8064
6945	7701
4182	7276
4350	7531
5951	7432
310	7830
983	7471
2020	7288
3919	7512
1648	7676
3017	8181
6894	7759
4046	7409
5760	7461
1296	7252
3400	8196
5270	7835
103	7343
227	7957
3838	7351
4882	7668
512	7695
802	8300
1324	7439
2098	7290
3658	7747
3973	8154
4016	7409
4807	7369
64	7425
3144	7526
4297	7314
838	7320
1072	8400
2092	7290
2410	7428
2953	7862
1254	8047
6204	7395
3719	7722
5209	7238
505	7866
3737	7477
3868	8245
4457	7584
195	8217
1297	7252
2545	7325
3829	7351
4156	7248
5965	7644
5989	7644
6667	7250
6824	7688
6946	7701
1986	7288
2618	7307
2762	7244
3260	8177
3541	7825
4084	8227
4401	7543
4968	7598
5880	7387
7215	7473
104	7343
1638	7676
2814	7244
5715	8384
7142	7264
222	7849
1704	7405
2140	7290
2634	8086
3406	7986
3523	7349
4023	7409
674	8463
3165	7964
4998	7341
6128	7664
6666	7250
1983	7288
3789	7686
4269	7629
4890	7503
4917	8198
5637	7282
245	7588
1015	8249
1877	7651
6482	7383
7023	8229
1743	7260
2109	7290
2330	7286
2570	7325
3924	8165
1190	7437
6875	7363
369	7506
613	7389
1224	7580
1861	7726
1903	7486
2863	7745
6369	7496
90	7299
618	7389
1878	7651
5189	7614
6511	8009
6407	7353
6786	8311
92	7299
203	8341
1843	7726
3276	8354
3410	7986
1159	7649
2546	7325
5210	7238
1718	7632
6462	7516
6968	7518
376	7506
6717	7375
6858	7357
1510	7236
2246	7303
3371	8143
4334	7314
4838	7903
6986	7889
1864	7726
2028	7288
2841	7498
3153	7657
3379	7452
5157	7614
5721	7809
6169	7297
151	8402
1685	7715
2604	7463
5680	8012
217	7955
1581	7537
2198	7697
3622	7777
298	8203
2920	7795
3937	8436
6811	8068
6976	7889
449	7550
3336	8188
4212	7456
6874	7363
2919	7795
7057	7355
3343	8317
3743	7477
360	8167
804	8300
2139	7290
2539	7325
4127	7246
4226	7456
6049	7379
3171	7964
3290	8062
4301	7314
6778	7397
708	7365
2590	7463
3454	7571
3887	7641
4908	7592
5703	7616
302	8211
388	7510
902	7732
1358	7333
2277	7286
3456	7571
5887	7387
7094	7612
3903	7512
579	7389
1669	7441
2454	7272
2481	7274
5007	7341
5204	7238
6684	7250
2615	7307
3230	7520
3746	7477
687	7345
1393	8235
1404	7391
2892	7859
3776	7620
4157	7248
1619	7242
3682	8104
5886	7387
3792	7686
4268	7629
6303	7548
269	8225
2324	7286
5356	8190
7117	7435
6183	7767
3168	7964
3251	7520
4521	7659
1706	7405
2038	7288
4017	7409
4124	7246
5164	7614
6804	8306
1100	7331
1515	7236
2619	7307
3608	7728
5093	7769
582	7389
5791	7469
6166	7297
166	7594
2332	7286
4253	7578
6714	7375
6178	7297
6609	7481
1401	7391
2085	7290
2756	7244
4435	7584
5615	7282
6406	7353
6575	7604
105	7343
1795	7554
6576	7604
6773	7397
6936	7305
1250	8285
3220	7520
3978	7454
3330	7256
4333	7314
5998	7864
483	8082
759	7875
2148	7290
3707	7722
6383	7381
6845	7357
20	7938
480	8082
986	7471
1488	7236
1606	7567
2182	7653
3528	7349
4837	7903
6073	8052
6691	7250
2095	7290
4753	7514
5041	7670
589	7389
1418	7815
2770	7244
4866	7467
6944	7701
126	7982
2451	7272
3979	7454
4101	7494
4850	7467
5030	7341
3169	7964
6100	7546
7212	7473
504	7866
1832	7726
3499	7349
4841	7903
6114	7664
6403	7353
1955	7288
2111	7290
6950	7701
1017	8249
5918	7432
6707	7375
183	8262
491	7610
2773	7244
6258	7337
6296	7941
4456	7584
6052	7379
6106	8163
1395	8235
3968	8154
5187	7614
5348	7602
6685	7250
1417	7815
1868	7726
2279	7286
5292	7234
5500	7490
696	7969
1209	7692
1894	7895
5009	7341
5303	7234
2768	7244
3112	7684
4744	7514
4802	7369
6310	7636
7061	7355
1914	7486
3056	7582
173	8200
5335	7602
224	7849
1780	7554
3870	8245
4406	7543
5546	7280
5594	7678
5864	7920
318	7266
1351	7333
1494	7236
2366	7784
3229	7520
4523	7659
4788	7369
36	8421
3285	8062
620	7389
2080	7290
6285	7361
1665	7803
1982	7288
5131	7878
5490	7490
1554	7236
1862	7726
2551	7325
736	8044
906	7732
3762	7477
4012	7409
4140	7246
4433	7584
5988	7644
6196	7395
6554	7586
7174	7873
2588	7463
5439	7430
2848	7498
5613	7282
6349	7508
4836	7903
5076	8071
5208	7238
71	7399
329	7962
750	8292
1223	7580
2102	7290
3047	7582
4298	7314
5086	7769
6008	7864
1335	8351
5109	7878
6924	7305
6528	7586
241	7588
2105	7290
3355	7618
4058	7409
4554	7779
5950	7432
215	7951
864	7268
1735	7260
3557	7335
520	7953
3490	7349
3540	7825
2776	7244
3093	7972
5207	7238
5283	7234
3522	7349
4562	7779
4912	7592
4923	8198
4971	7598
3326	7256
5059	8017
6789	8311
6829	7688
6414	7353
260	8099
660	7761
2298	7286
6129	7664
1366	8473
2775	7244
3046	7582
5112	7878
3167	7964
4853	7467
5878	7387
3196	7339
4057	7409
333	7905
1234	7908
2161	7290
2358	7784
2700	8075
2712	8036
6470	7885
534	8275
1078	8208
1420	7815
1987	7288
3767	7934
5430	7430
6319	8337
7206	7473
860	7268
1671	7441
4152	7248
1640	7676
1719	7632
2466	7272
3256	7520
4296	7314
7034	7717
3777	7620
5118	7878
5381	7479
5456	8303
5983	7644
6628	7481
2329	7286
3771	7934
4294	7314
6149	7703
4291	7314
4213	7456
1179	7649
2186	7653
2455	7272
2696	8075
5552	7280
7056	7355
3126	7254
3583	8433
396	7510
3781	7620
4365	7752
5850	8110
82	7299
4105	7494
7135	7435
685	7345
1105	7331
5682	8012
2601	7463
5290	7234
5838	7997
5920	7432
6539	7586
23	8419
489	7610
2094	7290
2781	7244
4128	7246
4726	7445
5542	7280
4240	7578
407	7510
538	8275
800	8300
1966	7288
4252	7578
2514	7855
814	7772
1085	7738
1509	7236
3329	7256
3930	8165
6908	7754
1502	7236
2031	7288
3223	7520
1089	7738
3744	7477
3839	7351
5206	7238
6051	7379
6362	7496
6904	7754
2502	7855
2831	7244
5747	7461
6476	7885
614	7389
1374	7793
3535	7825
3972	8154
4500	7270
4520	7659
6090	7805
4024	7409
5949	7432
6134	7922
2087	7290
6048	7379
1316	7439
2825	7244
3381	7452
4357	8254
4617	7869
125	7982
2428	7428
4227	7456
6409	7353
678	8022
1639	7676
1658	7803
1699	7405
4763	7329
4953	7278
5778	7469
6483	7383
470	7666
1656	7803
2968	7475
3801	7686
4230	7456
4499	7270
6754	7397
594	7389
740	8118
1285	7252
1539	7236
3382	7452
4072	7294
820	7994
2145	7290
3305	7646
3378	7452
4458	7584
287	8530
2603	7463
4737	7514
6170	7297
1345	7333
1863	7726
6086	8339
7089	7612
5088	7769
6552	7586
999	7401
1166	7649
5826	7419
6378	7381
2829	7244
4804	7369
4892	7503
5789	7469
2233	7303
2810	7244
3613	7728
4139	7246
4512	7659
6571	7604
234	8283
637	7459
6921	7305
779	7484
1564	7537
1605	7567
2401	7428
3626	7777
5075	8071
5624	7282
2824	7244
3492	7349
5926	7432
1742	7260
2195	7697
2504	7855
3363	7618
4701	7445
6992	7465
4661	7977
5691	8012
6975	7889
155	7535
3006	7367
5304	7234
5486	7490
1400	7391
1960	7288
2226	7303
3154	7657
4330	7314
4929	7742
5922	7432
6591	7604
7143	7264
667	7761
4601	7779
1659	7803
1761	7576
2211	7697
2682	7327
3702	7722
4402	7543
5858	7730
4768	7329
5023	7341
5337	7602
5835	7997
890	8247
3265	8177
348	7756
2409	7428
2694	8075
3113	7684
6007	7864
6432	7353
317	7266
1627	7242
2334	7286
3037	7309
3564	7335
4919	8198
2365	7784
2886	7859
6671	7250
619	7389
5696	8040
48	7533
2081	7290
3354	7618
5863	7920
2765	7244
5326	7377
6140	7922
6274	7337
1131	7552
2359	7784
3982	7454
4620	7869
1043	8131
1674	7441
5116	7878
5709	7240
5750	7461
6455	7516
7205	7473
1312	7439
1684	7715
1962	7288
2380	7784
2658	7625
4642	8375
4570	7779
5063	8017
5524	7574
3365	8055
5442	7430
99	7343
6317	8337
1070	8400
1326	7439
1675	7441
6037	7379
1887	7895
1980	7288
2838	7498
213	8135
592	7389
1775	7554
1833	7726
4171	7248
6713	7375
205	8341
2170	7653
4305	7314
4821	7369
2360	7784
4137	7246
4323	7314
4393	7541
1033	8131
1066	8213
4616	7869
389	7510
1184	7649
1830	7726
3881	7641
6588	7604
6846	7357
2616	7307
5340	7602
761	7875
1549	7236
4329	7314
270	9029
1779	7554
5689	8012
46	7533
1126	7552
1876	7651
4631	7869
6061	8033
122	7982
2594	7463
4094	8268
821	7994
2815	7244
2826	7244
5025	7341
7078	7355
519	7953
1610	7567
6324	7967
6901	7754
1357	7333
1551	7236
3690	7596
5656	7413
6418	7353
3844	8038
5788	7469
5795	8372
6800	8090
4102	7494
5729	7887
1566	7537
2484	7274
3452	7571
5127	7878
6151	7703
6719	7375
3389	7452
6279	7337
21	7938
737	8044
882	7268
2037	7288
3335	8188
4667	7977
6833	7258
1800	7554
3650	7673
730	8044
1132	7552
3529	7349
6413	7353
2299	7286
6084	7421
1279	7252
1646	7676
2969	7475
5964	7644
2709	8036
6555	7586
405	7510
1169	7649
2617	7307
3661	7417
6880	7363
7064	7355
1988	7288
2483	7274
6909	7754
548	7913
728	8044
2144	7290
3550	7393
3889	7641
3908	7512
2378	7784
4341	7531
6813	8068
2871	7745
3563	7335
7172	7873
4828	7369
5394	7479
1489	7236
2777	7244
4056	7409
4922	8198
11	7938
2146	7290
2202	7697
3445	7373
3675	8173
3791	7686
6020	7662
6626	7481
1450	7789
4388	7541
5562	7280
5890	7387
870	7268
3035	7309
3546	7393
4206	7456
857	7268
2972	7475
3648	7673
3756	7477
4387	7541
5842	7997
277	7749
4798	7369
5772	7469
6579	7604
57	7425
2402	7428
2572	7325
2884	7859
3065	7385
4342	7531
5525	7574
6687	7250
2635	8086
5165	7614
6795	8020
1568	7537
1387	8359
1724	7632
4502	7270
7022	8229
1596	8321
2851	7498
3141	7774
3656	7747
4480	7270
5108	7878
5591	7678
5728	7887
7112	7435
1783	7554
2103	7290
3551	7393
6333	7882
1973	7288
5291	7234
5725	7809
2110	7290
2543	7325
6849	7357
7020	8229
2999	7367
464	8231
2175	7653
4125	7246
6464	7516
941	8151
6486	7383
6610	7481
7014	7284
1688	8279
4678	7262
5126	7878
5192	7614
6014	7662
6384	7381
6736	7375
1392	8235
1443	8107
5913	7432
1029	8131
3348	8317
86	7299
639	7459
6363	7496
1956	7288
2155	7290
3669	8345
5162	7614
1328	7439
6612	7481
1641	7676
1865	7726
2926	7795
2982	7475
4590	7779
5042	7670
5191	7614
5590	7678
6485	7383
1628	7242
1967	7288
3390	7452
6436	7353
6670	7250
238	8283
831	7763
2223	7303
3766	7934
5916	7432
7002	7465
1178	7649
1904	7486
2862	7745
5438	7430
6509	8009
258	7690
1104	7331
1836	7726
2660	7625
2943	7862
4558	7779
1206	7692
176	7781
1571	7537
2364	7784
4563	7779
6933	7305
5057	8017
6273	7337
6623	7481
2287	7286
2714	8036
2778	7244
2885	7859
7156	7949
4335	7314
5040	7670
5287	7234
5684	8012
6960	7518
4431	7584
5336	7602
5514	8148
6529	7586
1203	7692
4308	7314
2785	7244
3036	7309
3136	7254
5129	7878
5241	7411
650	7459
3607	7728
5239	7411
2036	7288
4430	7584
5441	7430
6852	7357
1777	7554
5854	7730
6287	7361
6951	7701
442	7550
492	7610
588	7389
1491	7236
3416	8088
4938	7742
6228	7359
6484	7383
2154	7290
2757	7244
4551	7779
5912	7432
6175	7297
1183	7649
1537	7236
578	7389
692	7969
3578	7322
4159	7248
4794	7369
6325	7967
3369	8143
3589	7488
4762	7329
5566	7280
255	7690
7193	8141
3419	8088
3527	7349
154	7535
7148	7264
2375	7784
7096	7612
2101	7290
3298	7646
5252	7411
714	7365
967	7471
3104	7684
4497	7270
344	7559
6230	7359
6672	7250
4633	7869
4635	7869
5319	7377
2147	7290
5681	8012
6010	7864
6592	7604
4719	7445
5837	7997
1436	7787
2905	7859
3465	7571
5925	7432
7173	7873
306	8220
4933	7742
2227	7303
5743	7461
7003	7465
185	7316
1010	7401
2843	7498
3396	7932
4895	7503
5577	7678
1060	8114
1587	7561
2823	7244
4604	7779
5402	7711
2431	7428
3980	7454
6613	7481
7189	8141
581	7389
1091	7738
1503	7236
1953	7288
2550	7325
2822	7244
5869	7920
6215	7807
787	7926
3339	8188
7134	7435
623	7389
5317	7377
5474	7833
5641	7282
406	7510
4112	7494
4451	7584
5325	7377
5700	8040
6500	8009
2482	7274
3268	7347
6649	7403
611	7389
3135	7254
4948	7278
4949	7278
7036	7717
2022	7288
2024	7288
5302	7234
1158	7649
4829	7369
1383	8359
1647	7676
5581	7678
5794	8372
5985	7644
2339	7286
2684	7327
3420	8088
4800	7369
3667	7417
3705	7722
3723	7722
4656	7891
6411	7353
479	8082
2772	7244
4262	7629
807	7415
1486	7236
1837	7726
3755	7477
4045	7409
5211	7238
6503	8009
1689	8279
4259	7629
6979	7889
197	8217
448	7550
5445	9135
533	8275
1601	8321
2663	7625
3105	7684
4231	7456
6032	7379
7163	7949
2569	7325
2927	7795
4376	7959
5529	7574
6368	7496
6640	7403
4484	7270
6825	7688
523	7953
816	8357
1828	7726
2970	7475
3277	8354
7224	7447
1385	8359
2683	7327
4603	7779
6039	7379
7111	7435
982	7471
1976	7288
5360	8190
1969	7288
3299	7646
3536	7825
6798	8020
1577	7537
1889	7895
2771	7244
3606	7728
4566	7779
219	7955
3012	8181
4708	7445
6358	7496
6832	7258
6932	7305
1140	7552
3830	7351
4049	7409
6578	7604
1215	7692
4909	7592
7183	7873
2722	8036
3946	7627
4666	7977
4071	7294
4994	7341
6574	7604
6772	7397
296	8203
6816	8133
6967	7518
281	7318
780	7484
907	7732
3191	7339
5156	7614
5357	8190
5947	7432
3150	7943
3435	7373
4052	7409
4290	7314
583	7389
683	7345
1498	7236
3689	7596
4675	7262
5223	7238
575	7389
3280	8354
3547	7393
3662	7417
4455	7584
6272	7337
1084	7738
2034	7288
2701	8075
2979	7475
4550	7779
5185	7614
7207	7473
2786	7244
3625	7777
5000	7341
1432	7787
1620	7242
1681	7715
2467	7272
2587	7463
3148	7943
4111	7494
4723	7445
6198	7395
97	7343
1427	7815
2538	7325
6291	7361
7146	7264
6292	7361
6984	7889
6536	7586
1504	7236
1697	7405
2014	7288
6076	8052
3383	7452
4014	7409
4190	7276
6434	7353
2602	7463
3405	7986
4706	7445
4930	7742
5699	8040
56	7425
1755	7991
3679	8104
6404	7353
422	7311
1439	8107
1905	7486
1961	7288
5163	7614
6559	7586
812	7772
1248	8285
6851	7357
7164	7949
863	7268
1712	7569
1796	7554
1798	7554
3127	7254
2430	7428
3685	7596
4364	7752
5369	8190
3087	7450
3644	7492
5520	7500
1981	7288
3571	7322
6794	8020
576	7389
723	7524
1001	7401
2544	7325
2695	8075
5614	7282
181	8262
3344	8317
5720	7809
881	7268
2406	7428
2759	7244
4436	7584
7095	7612
4293	7314
5967	7644
2231	7303
2902	7859
3742	7477
3790	7686
4801	7369
866	7268
3125	7254
3915	7512
4208	7456
2404	7428
2485	7274
4126	7246
6993	7465
3008	7367
3334	8188
2907	7859
4950	7278
4952	7278
5022	7341
5152	7614
6415	7353
1042	8131
4026	7409
4432	7584
5403	7711
5811	7419
3926	8165
6247	7337
6996	7465
268	8225
524	7953
2988	8382
3687	7596
5415	7711
5667	8365
5787	7469
327	7266
661	7761
1076	7709
2078	7290
928	7639
1609	7567
2096	7290
3197	7339
5308	7234
5712	7240
1002	7401
1185	7649
1225	7580
6053	7379
3250	7520
4019	7409
5593	7678
6370	7496
6502	8009
6801	8090
251	7590
2300	7286
3388	7452
5644	7282
129	8290
1255	8047
2241	7303
2820	7244
2944	7862
3614	7728
4331	7314
6150	7703
76	7399
731	8044
1888	7895
2100	7290
2450	7272
5071	8071
5945	7432
4332	7314
5153	7614
5253	7411
6688	7250
4632	7869
4797	7369
6629	7481
3918	7512
4568	7779
5942	7432
6760	7397
2945	7862
3812	7443
4652	7891
5130	7878
616	7389
2027	7288
2865	7745
4047	7409
5111	7878
6715	7375
6737	7375
968	7471
2873	7745
6533	7586
1617	7242
1968	7288
4055	7409
4791	7369
2157	7290
3639	7492
4449	7584
4720	7445
5004	7341
6168	7297
497	7610
1691	8279
5927	7432
120	7982
253	7590
1000	7401
3308	8343
3988	7454
4091	8268
5865	7920
6761	7397
145	7880
1274	7252
4173	7248
795	8362
428	7311
772	7484
1251	8285
3227	7520
3673	8173
58	7425
704	7365
2591	7463
4345	7531
1	9205
271	9029
319	7266
1536	7236
3415	8088
7115	7435
913	8027
4068	7294
5617	7282
6888	7759
4353	7531
6408	7353
4122	7246
4307	7314
5454	8024
2076	7290
2093	7290
2676	7851
2850	7498
4743	7514
5636	7282
2456	7272
3710	7722
5053	7670
5467	8007
6639	7403
3081	7450
3219	7520
6120	7664
6706	7375
7054	7355
1710	7569
2303	7286
3016	8181
4792	7369
6214	7807
478	8082
3166	7964
5384	7479
6755	7397
295	8203
926	7639
3221	7520
3286	8062
4592	7779
5028	7341
5693	8012
5910	7432
1229	7580
2889	7859
3027	7309
5263	7835
6673	7250
3157	7657
4789	7369
2515	7855
2661	7625
2478	7274
6205	7395
6668	7250
6997	7465
3458	7571
4434	7584
1972	7288
2827	7244
2957	7862
3316	7915
3654	7898
5564	7280
6270	7337
367	7506
503	7866
321	7266
695	7969
5622	7282
7058	7355
397	7510
1182	7649
1425	7815
2828	7244
3079	7450
3524	7349
3811	7443
4724	7445
1732	7260
1859	7726
2090	7290
3249	7520
4474	7270
5620	7282
7222	7447
3704	7722
3867	8245
3029	7309
4015	7409
5484	7490
1113	7331
6062	8033
7097	7612
957	7471
2577	7325
2811	7244
6066	8033
7188	8141
1011	7401
1570	7537
1599	8321
2379	7784
4013	7409
4215	7456
4429	7584
5068	8071
6082	7421
4113	7494
4549	7779
5405	7711
5923	7432
6454	7516
2403	7428
3605	7728
5255	7411
6276	7337
6297	7941
6472	7885
2613	7307
1548	7236
2107	7290
2377	7784
2915	7795
651	7459
3501	7349
3818	7443
4210	7456
6730	7375
7027	8229
7113	7435
37	8421
1453	7789
3407	7986
3933	7837
2152	7290
4018	7409
6146	8192
6223	7359
189	8326
1281	7252
5786	7469
6080	7713
778	7484
3432	7373
6079	7713
6300	7941
7204	7473
1275	7252
3489	7349
3877	7641
4555	7779
5052	7670
1228	7580
1280	7252
2784	7244
2614	7307
2710	8036
2870	7745
2904	7859
4372	7959
4932	7742
7119	7435
825	7719
2079	7290
3313	7915
648	7459
1835	7726
2541	7325
4898	7974
5643	7282
6735	7375
4513	7659
6154	7703
62	7425
634	7459
987	7471
2917	7795
4600	7779
5195	7614
2381	7784
6155	7703
662	7761
1512	7236
1540	7236
2830	7244
4482	7270
5256	7411
7004	7465
4975	7598
5392	7479
5501	7490
2767	7244
3393	7932
4851	7467
4937	7742
5516	8148
7075	7355
286	8530
1546	7236
4053	7409
5237	7411
5664	7413
274	7749
2196	7697
2336	7286
2670	7625
3433	7373
5154	7614
5889	7387
7059	7355
985	7471
1723	7632
4824	7369
4871	7979
2184	7653
4931	7742
6376	7381
1143	7552
4428	7584
6001	7864
718	7524
2433	7428
2787	7244
4700	7445
5327	7377
6466	7516
796	8362
2150	7290
5027	7341
456	8231
2242	7303
2438	7428
4767	7329
4803	7369
612	7389
1299	7252
3362	7618
3722	7722
3929	8165
4251	7578
4864	7467
984	7471
1396	8235
3828	7351
4400	7543
5254	7411
169	8200
1867	7726
2285	7286
6733	7375
6734	7375
7166	7949
1959	7288
3247	7520
3252	7520
3803	7686
4326	7314
7131	7435
729	8044
1107	7331
1128	7552
1318	7439
2890	7859
3231	7520
3880	7641
5645	7282
1325	7439
3261	8177
3741	7477
545	8298
4565	7779
7005	7465
801	8300
3904	7512
4205	7456
3269	7347
6757	7397
121	7982
722	7524
2032	7288
5584	7678
6277	7337
6934	7305
960	7471
1448	7789
2659	7625
3882	7641
4593	7779
5406	7711
6249	7337
659	7761
1580	7537
5379	7479
2015	7288
2151	7290
4267	7629
6224	7359
1957	7288
2326	7286
4510	7659
5417	7711
5690	8012
7225	7447
3570	7322
4997	7341
638	7459
979	7471
1625	7242
3357	7618
6711	7375
1860	7726
2908	7859
3500	7349
5561	7280
6351	7508
5234	7411
6250	7337
139	7880
1720	7632
3843	8038
5452	8024
5941	7432
6177	7297
6828	7688
6922	7305
2297	7286
2453	7272
4172	7248
4741	7514
6251	7337
7110	7435
439	7550
1313	7439
3103	7684
5498	7490
6410	7353
228	7957
4831	7369
5809	7419
5815	7419
6995	7465
7028	8229
3380	7452
3598	7853
5679	8012
7087	7612
3253	7520
4556	7779
5382	7479
925	7639
1655	7803
6593	7604
1141	7552
3464	7571
3634	7777
6531	7586
2172	7653
2335	7286
5619	7282
5813	7419
587	7389
773	7484
4303	7314
4561	7779
5168	7614
6316	8337
6903	7754
774	7484
2029	7288
6159	8064
2283	7286
2292	7286
2780	7244
3558	7335
3739	7477
3878	7641
842	7320
3488	7349
366	7506
663	7761
1825	7726
2501	7855
4640	8375
5110	7878
5862	7920
1637	7676
2171	7653
3580	8433
822	7994
1565	7537
2323	7286
3002	7367
4325	7314
5829	7419
2720	8036
3123	7254
3720	7722
3772	7934
4891	7503
672	8463
1831	7726
2648	8423
4486	7270
5284	7234
6210	7807
2458	7272
2574	7325
3121	7254
4369	7752
5499	7490
45	7533
289	8520
2840	7498
6771	7397
969	7471
1055	8114
4515	7659
4704	7445
5183	7614
5990	7644
6532	7586
179	7781
377	7506
1705	7405
109	8393
149	8402
1069	8400
2479	7274
6863	7357
7062	7355
4825	7369
1782	7554
4070	7294
237	8283
2605	7463
5816	7419
7147	7264
1277	7252
3531	7349
4324	7314
7010	7284
7114	7435
757	8328
2593	7463
5830	7419
509	7866
542	8298
1180	7649
4552	7779
549	7913
1362	7333
2494	7274
2989	8382
5188	7614
1114	7331
3587	7488
3747	7477
5269	7835
1893	7895
2232	7303
5543	7280
5987	7644
1842	7726
2503	7855
3857	8092
6966	7518
1054	8114
1218	7692
2141	7290
2606	7463
2938	7862
5159	7614
1373	7793
3600	7853
4793	7369
4969	7598
5984	7644
1205	7692
4300	7314
4450	7584
5853	7730
6382	7381
2760	7244
2993	8382
5612	7282
5697	8040
6551	7586
6573	7604
75	7399
2354	7784
2576	7325
4073	7294
5775	7469
6652	7403
7055	7355
868	7268
2099	7290
2301	7286
2903	7859
4596	7779
4740	7514
5812	7419
1490	7236
3888	7641
5316	7377
6033	7379
7187	8141
3817	7443
1193	7437
6611	7481
624	7389
996	7401
2821	7244
3122	7254
4452	7584
580	7389
3102	7684
5565	7280
5416	7711
5491	7490
5345	7602
2108	7290
2361	7784
4479	7270
691	7969
4025	7409
1283	7252
2817	7244
338	7559
741	8118
2675	7851
4399	7543
4832	7369
5432	7430
130	8290
2208	7697
4805	7369
2405	7428
2642	7407
3782	7620
6791	8311
40	8421
885	7268
5551	7280
6538	7586
2888	7859
6910	7754
2077	7290
4594	7779
5748	7461
2721	8036
4567	7779
4722	7445
5161	7614
511	7695
1487	7236
3312	7915
4751	7514
2327	7286
4191	7276
5730	7887
5911	7432
6452	7516
2432	7428
3672	8173
4244	7578
1585	7561
1911	7486
2243	7303
3071	7385
4473	7270
6222	7359
1007	7401
4204	7456
5968	7644
6323	7967
1508	7236
3353	7618
5541	7280
6184	7767
6190	7767
3759	7477
4104	7494
6961	7518
91	7299
1300	7252
869	7268
1449	7789
1784	7554
5160	7614
5378	7479
1162	7649
1256	8047
2173	7653
4375	7959
4514	7659
6809	8306
6862	7357
7129	7435
2212	7697
590	7389
1106	7331
1259	8047
1680	7715
2331	7286
4481	7270
5692	8012
930	8127
2849	7498
4356	8254
5186	7614
5289	7234
5844	7997
1871	7726
4591	7779
4823	7369
908	7732
2200	7697
3170	7964
5655	7413
5997	7864
6784	8311
5972	7644
6350	7508
6675	7250
291	7606
1542	7236
4438	7584
340	7559
5005	7341
707	7365
1492	7236
1759	7576
2693	8075
3245	7520
4645	8375
6859	7357
1541	7236
6419	7353
1103	7331
3066	7385
4136	7246
865	7268
2153	7290
3768	7934
4407	7543
1032	8131
3178	7964
5433	7430
859	7268
2860	7745
3952	7724
4623	7869
6136	7922
6648	7403
2626	7307
3494	7349
3709	7722
5062	8017
622	7389
6738	7375
1064	8213
1188	7437
2783	7244
4386	7541
4560	7779
4597	7779
5487	7490
1346	7333
1870	7726
2082	7290
1102	7331
4842	7903
5043	7670
6553	7586
1009	7401
4425	7584
6035	7379
1454	7789
3101	7684
3367	8055
4752	7514
112	8393
1440	8107
2112	7290
2480	7274
2872	7745
1314	7439
2439	7428
3745	7477
4622	7869
391	7510
4872	7979
429	7311
858	7268
3502	7349
4756	7514
5828	7419
6143	8192
7118	7435
1332	8351
1506	7236
2088	7290
6071	8052
6606	7481
208	8341
5776	7469
6118	7664
1129	7552
5408	7711
6759	7397
7088	7612
2537	7325
4090	8268
4351	7531
4899	7974
5346	7602
6307	7548
1416	7815
3576	7322
5096	7769
6557	7586
6689	7250
3054	7582
392	7510
641	7459
247	8493
1192	7437
2023	7288
5170	7614
5293	7234
6191	7767
830	7763
1311	7439
4621	7869
5488	7490
6450	7516
1954	7288
4977	7598
5734	7887
6248	7337
6637	7403
679	9297
3034	7309
4557	7779
6777	7397
2713	8036
4304	7314
4754	7514
6716	7375
418	7311
1388	8359
2774	7244
4685	7262
4761	7329
5084	7769
6708	7375
35	8421
2946	7862
4876	7979
5006	7341
7120	7435
6756	7397
3758	7477
4918	8198
3218	7520
4907	7592
5638	7282
5383	7479
6360	7496
6492	7383
6665	7250
6710	7375
1700	7405
1758	7576
1834	7726
3917	7512
4914	7592
484	8082
2668	7625
4862	7467
5773	7469
6293	7361
7132	7435
537	8275
1278	7252
1826	7726
3057	7582
6900	7754
1133	7552
1282	7252
3954	7724
6817	8133
1407	8498
5808	7419
5881	7387
2288	7286
2592	7463
2916	7795
4503	7270
4954	7278
5243	7411
6313	7636
716	7365
6435	7353
6530	7586
1785	7554
2940	7862
3632	7777
7176	7873
1090	7738
1431	7787
3609	7728
5621	7282
705	7365
997	7401
1823	7726
3124	7254
3491	7349
4123	7246
5380	7479
1202	7692
2382	7784
2649	8423
3467	7571
6311	7636
1514	7236
3819	7443
6942	7701
447	7550
2407	7428
6412	7353
818	8357
1543	7236
6257	7337
7063	7355
2662	7625
3199	7339
1298	7252
4328	7314
4854	7467
5511	7827
6284	7361
3325	7256
3845	8038
7223	7447
640	7459
1030	8131
1165	7649
4602	7779
5744	7461
5914	7432
193	7681
4651	7891
6009	7864
441	7550
1216	7692
2469	7272
4569	7779
4676	7262
6935	7305
2429	7428
2638	8086
5271	7835
5440	7430
6405	7353
1985	7288
4010	7409
6669	7250
6977	7889
6776	7397
7157	7949
69	7399
1578	7537
5917	7432
7213	7473
3100	7684
3986	7454
7073	7355
1244	8015
1711	7569
6526	7586
13	7938
5113	7878
5550	7280
6537	7586
6959	7518
55	7425
1408	8498
1579	7537
3577	7322
5506	7827
1978	7288
5779	7469
6259	7337
1829	7726
2839	7498
5966	7644
6127	7664
5	8512
390	7510
584	7389
2992	8382
30	7600
3226	7520
3593	7488
4674	7262
4725	7445
5640	7282
230	7957
883	7268
900	7732
1301	7252
1372	7793
3740	7477
5459	8303
114	8097
331	7962
1545	7236
4646	8375
4702	7445
5471	7833
1970	7288
2021	7288
3000	7367
5579	7678
5745	7461
6731	7375
746	8118
3565	7335
6820	8133
410	7510
1168	7649
2245	7303
6456	7516
7141	7264
438	7550
518	7953
636	7459
1505	7236
2758	7244
3967	8154
4151	7248
4260	7629
5008	7341
6336	7882
1207	7692
2016	7288
4970	7598
6589	7604
6785	8311
748	8292
3849	8038
6887	7759
98	7343
669	7761
1142	7552
742	8118
4292	7314
4826	7369
6465	7516
6535	7586
1679	7715
4241	7578
5361	8190
6077	8052
6375	7381
6994	7465
2160	7290
5262	7835
5473	7833
5974	7644
6060	8033
6871	7363
920	7301
4453	7584
5307	7234
6417	7353
420	7311
3176	7964
3457	7571
5184	7614
1273	7252
1839	7726
263	7556
914	8027
2492	7274
1204	7692
2568	7325
3139	7774
5771	7469
1977	7288
3255	7520
5448	8049
6135	7922
6463	7516
1219	7692
5070	8071
5678	8012
6221	7359
837	7320
3504	7349
4160	7248
4168	7248
4960	7278
4976	7598
6615	7481
3	8512
12	7938
884	7268
1384	8359
3957	8175
5368	8190
5464	8007
4865	7467
5003	7341
6440	7353
160	8527
5545	7280
5855	7730
2356	7784
3455	7571
3949	7627
6590	7604
7175	7873
958	7471
2437	7428
4478	7270
4501	7270
3058	7582
6416	7353
1127	7552
1890	7895
2411	7428
2506	7855
2571	7325
2782	7244
4188	7276
4504	7270
6451	7516
6501	8009
2230	7303
4961	7278
6021	7662
431	7311
3572	7322
256	7690
615	7389
6359	7496
1902	7486
2278	7286
3297	7646
5021	7341
5652	7413
4595	7779
4742	7514
5836	7997
6119	7664
1501	7236
1553	7236
3091	8137
3246	7520
3681	8104
4822	7369
6254	7337
19	7938
27	8419
2284	7286
2325	7286
3134	7254
5194	7614
6952	7701
7203	7473
551	7913
2415	7428
3545	7393
1838	7726
1913	7486
3132	7254
5970	7644
1974	7288
3340	8188
3573	7322
1670	7441
2286	7286
3306	7646
5221	7238
2958	7862
3640	7492
5038	7670
1547	7236
5418	7711
5582	7678
899	7732
4476	7270
284	8459
1594	8321
5318	7377
5670	8365
5999	7864
1567	7537
2224	7303
2412	7428
4939	7742
5450	8049
901	7732
1375	7793
3275	8354
3453	7571
3624	7777
3738	7477
4155	7248
5653	7413
6161	8064
1984	7288
3345	8317
3678	8104
6475	7885
2030	7288
430	7311
2535	7325
668	7761
2337	7286
2548	7325
2688	7327
5251	7411
6067	8033
235	8283
1590	7561
2225	7303
3394	7932
4475	7270
4559	7779
2247	7303
2627	7307
3254	7520
3907	7512
5039	7670
1794	7554
3064	7385
7029	8229
998	7401
1241	8015
6931	7305
2813	7244
4087	8227
1161	7649
4245	7578
6176	7297
1027	8131
3916	7512
4790	7369
6902	7754
354	8167
2328	7286
3708	7722
933	8127
1616	7242
3645	7492
3890	7641
6200	7395
6958	7518
265	8565
1552	7236
2158	7290
2228	7303
2302	7286
5367	8190
532	8275
1751	7991
6093	7805
3179	7964
3827	7351
1160	7649
2363	7784
3028	7309
134	8290
1748	7991
6642	7403
6893	7759
1649	7676
1664	7803
2540	7325
3503	7349
5444	8506
2362	7784
3498	7349
4368	7752
5879	7387
7202	7473
490	7610
2449	7272
3959	8175
147	7880
6594	7604
2573	7325
3077	7450
6860	7357
7121	7435
1883	7651
2289	7286
3143	7526
4183	7276
5409	7711
5429	7430
593	7389
827	9349
2457	7272
2763	7244
3966	8154
5212	7238
917	8027
3155	7657
6275	7337
6861	7357
3026	7309
3855	8092
6762	7397
1116	7331
1569	7537
3228	7520
3900	7512
7116	7435
5024	7341
5166	7614
4619	7869
408	7510
621	7389
1359	7333
4211	7456
4302	7314
1276	7252
1349	7333
6304	7548
6493	7383
1230	7580
3187	7339
4477	7270
4684	7262
5592	7678
3024	7309
3147	7943
3188	7339
3271	7347
2018	7288
4054	7409
4225	7456
4653	7891
4738	7514
4999	7341
5810	7419
6540	7586
6686	7250
980	7471
1715	7569
2645	7407
4242	7578
4424	7584
1239	8015
1315	7439
1378	7793
2452	7272
5220	7238
1586	7561
2162	7290
4707	7445
4736	7514
4806	7369
5114	7878
2413	7428
2536	7325
4699	7445
6783	8311
7009	7284
3800	7686
4169	7248
889	8247
4028	7409
6002	7864
6441	7353
1367	8473
4295	7314
5419	7711
652	7459
886	7268
1167	7649
4705	7445
5058	8017
1243	8015
3044	7582
5222	7238
6050	7379
526	7800
788	7926
938	8151
1965	7288
4051	7409
4855	7467
5777	7469
6718	7375
918	8027
1295	7252
1350	7333
1496	7236
7155	7949
591	7389
2493	7274
458	8231
1636	7676
3078	7450
3633	7777
3761	7477
5366	8190
3264	8177
4214	7456
15	7938
1841	7726
3225	7520
3530	7349
4363	7752
4951	7278
6328	7967
7226	7447
14	7938
2918	7795
3361	7618
3666	7417
4059	7409
5309	7234
6211	7807
6925	7305
85	7299
4605	7779
5651	7413
7201	7473
283	8459
1074	7709
3466	7571
5549	7280
3085	7450
4069	7294
350	7756
6527	7586
7158	7949
1513	7236
2547	7325
2575	7325
3721	7722
3836	7351
6712	7375
4496	7270
5485	7490
1731	7260
5497	7490
6558	7586
326	7266
1144	7552
2026	7288
63	7425
1236	7908
4048	7409
6774	7397
3505	7349
4885	7668
5218	7238
843	7320
2859	7745
3296	7646
359	8167
4243	7578
4571	7779
4683	7262
4995	7341
5489	7490
7230	7447
1744	7260
3597	7853
6361	7496
3430	7373
5843	7997
2142	7290
5618	7282
5733	7887
1208	7692
4657	7891
465	8231
4755	7514
649	7459
4598	7779
6624	7481
1083	7738
1428	7815
2942	7862
4795	7369
6881	7363
610	7389
1360	7333
3347	8317
3701	7722
4085	8227
6985	7889
5877	7387
6000	7864
541	8298
676	8022
3981	7454
5407	7711
5642	7282
793	7926
1034	8131
4564	7779
6534	7586
751	8292
2505	7855
204	8341
4093	8268
4224	7456
6096	7546
2512	7855
3007	7367
3663	7417
4522	7659
211	8135
308	8220
1348	7333
5205	7238
2632	8086
3948	7627
4050	7409
4485	7270
5219	7238
375	7506
6471	7885
6607	7481
6873	7363
2197	7697
5385	7479
1801	7554
5285	7234
5528	7574
5888	7387
233	8283
2552	7325
2643	7407
4606	7779
6334	7882
394	7510
763	7812
786	7926
931	8127
2416	7428
3189	7339
4158	7248
4962	7278
6508	8009
3233	7520
3794	7686
6674	7250
498	7610
1046	7846
2340	7286
6252	7337
3089	8137
4618	7869
5547	7280
6229	7359
1053	8114
2891	7859
3537	7825
1028	8131
1555	7236
2159	7290
2549	7325
3048	7582
3757	7477
4373	7959
6572	7604
745	8118
7084	7612
2513	7855
6199	7395
7182	7873
1164	7649
2106	7290
3356	7618
3837	7351
2293	7286
4698	7445
5069	8071
7232	7447
83	7299
5155	7614
577	7389
2893	7859
2894	7859
6015	7662
170	8200
2436	7428
3969	8154
4498	7270
275	7749
754	8328
3940	7292
4682	7262
5512	7827
164	7594
1964	7288
2281	7286
6271	7337
84	7299
368	7506
862	7268
892	8247
966	7471
1044	8131
1975	7288
3962	8175
6650	7403
300	8211
2176	7653
3652	7898
2987	8382
1493	7236
4878	7979
5050	7670
5468	8007
5946	7432
1426	7815
1866	7726
1971	7288
2625	7307
4229	7456
6016	7662
6872	7363
1882	7651
3224	7520
5948	7432
6433	7353
1495	7236
1500	7236
3862	8092
3217	7520
4180	7276
839	7320
3070	7385
5002	7341
5567	7280
24	8419
2376	7784
2400	7428
2711	8036
5508	7827
6116	7664
3581	8433
3055	7582
7013	7284
7072	7355
1056	8114
1544	7236
3809	7443
706	7365
1405	7391
3858	8092
4209	7456
4873	7979
5128	7878
1734	7260
2861	7745
2967	7475
3901	7512
4426	7584
4454	7584
5359	8190
5824	7419
140	7880
4067	7294
5986	7644
7077	7355
909	7732
1163	7649
1189	7437
1663	7803
5827	7419
2633	8086
1435	7787
3259	8177
3718	7722
4181	7276
5240	7411
131	8290
1336	8351
3080	7450
3831	7351
4299	7314
5320	7377
5705	7616
1912	7486
3850	8038
4079	7294
5716	8384
411	7510
2291	7286
3686	7596
4799	7369
4881	7668
6889	7759
7076	7355
440	7550
3706	7722
4902	7974
4940	7742
7231	7447
191	7681
356	8167
459	8231
3133	7254
5026	7341
6255	7337
116	8097
1117	7331
1302	7252
3049	7582
7011	7284
1736	7260
2104	7290
3760	7477
3905	7512
7085	7612
2086	7290
3442	7373
4437	7584
6438	7353
1361	7333
1741	7260
2091	7290
2589	7463
3856	8092
3935	7837
4129	7246
5578	7678
5847	8110
5952	7432
2019	7288
3248	7520
3414	8088
370	7506
460	8231
1550	7236
1607	7567
3810	7443
4080	7294
4239	7578
5518	7500
5749	7461
5928	7432
496	7610
713	7365
1538	7236
7060	7355
7133	7435
1595	8321
5431	7430
339	7559
1379	7793
2980	7475
3110	7684
2955	7862
5790	7469
6185	7767
7165	7949
7214	7473
209	8341
1130	7552
2097	7290
2812	7244
4154	7248
4599	7779
6883	7363
7140	7264
3559	7335
3902	7512
6253	7337
111	8393
1059	8114
2138	7290
5404	7711
1040	8131
1714	7569
2983	7475
4254	7578
146	7880
3186	7339
3525	7349
4228	7456
5797	8372
2973	7475
4634	7869
635	7459
2925	7795
2981	7475
4022	7409
5548	7280
6209	7807
791	7926
2542	7325
3879	7641
5944	7432
6580	7604
2678	7851
922	7301
3289	8062
4082	7294
6337	7882
719	7524
2089	7290
5868	7920
5969	7644
2491	7274
2941	7862
4624	7869
4827	7369
6104	8163
6206	7395
2295	7286
5190	7614
6059	8033
6139	7922
6709	7375
3086	7450
5683	8012
7192	8141
2338	7286
3778	7620
4030	7409
4106	7494
4886	7668
1657	7803
3736	7477
4103	7494
4381	8256
3623	7777
4764	7329
5595	7678
5662	7413
6286	7361
6943	7701
163	7594
2294	7286
3177	7964
965	7471
2282	7286
5094	7769
5347	7602
5544	7280
792	7926
4153	7248
765	7812
3487	7349
3521	7349
5315	7377
5921	7432
805	8300
1331	8351
3958	8175
5242	7411
6072	8052
7181	7873
508	7866
2408	7428
898	7732
1419	7815
5306	7234
964	7471
1781	7554
1031	8131
3198	7339
3281	8354
3402	8196
6034	7379
423	7311
1827	7726
2276	7286
2761	7244
4352	7531
4309	7314
5083	7769
5265	7835
1181	7649
1958	7288
3025	7309
4261	7629
6758	7397
325	7266
2149	7290
4029	7409
703	7365
715	7365
1247	8285
4174	7248
250	7590
305	8220
956	7471
2414	7428
3615	7728
6343	7508
6753	7397
988	7471
1698	7405
1797	7554
3641	7492
5257	7411
6167	7297
1364	8473
2864	7745
5507	7827
5583	7678
421	7311
2553	7325
2	9205
2083	7290
5117	7878
3906	7512
1778	7554
1906	7486
4020	7409
6089	7805
6499	8009
158	7535
320	7266
6627	7481
177	7781
5924	7432
961	7471
2816	7244
4344	7531
4392	7541
1776	7554
6556	7586
3519	7349
3304	7646
3431	7373
3493	7349
1600	8321
4663	7977
5328	7377
2333	7286
3497	7349
4379	8256
5625	7282
5848	8110
108	8393
785	7926
3987	7454
4996	7341
5193	7614
5338	7602
2651	8423
2719	8036
4207	7456
5427	7430
6732	7375
2025	7288
2567	7325
3321	8404
5761	7461
1061	8114
1344	7333
2201	7697
2764	7244
7021	8229
41	8421
4830	7369
6103	8163
6651	7403
2624	7307
3863	8092
4081	7294
586	7389
1754	7991
4189	7276
5288	7234
6377	7381
6920	7305
684	7345
1399	7391
2939	7862
3429	7373
4856	7467
5663	7413
5774	7469
6491	7383
6608	7481
2183	7653
2818	7244
3063	7385
6836	7258
585	7389
771	7484
2296	7286
4703	7445
6805	8306
7086	7612
409	7510
3526	7349
5132	7878
5915	7432
242	7588
1840	7726
1499	7236
1952	7288
4306	7314
5462	8007
1824	7726
4913	7592
5724	7809
6036	7379
6605	7481
3941	7292
4138	7246
4427	7584
1749	7991
1869	7726
2578	7325
2702	8075
2971	7475
2229	7303
2434	7428
5370	8190
528	7800
2639	8086
3287	8062
3443	7373
6115	7664
7042	7717
419	7311
1217	7692
2185	7653
2687	7327
3444	7373
5358	8190
3190	7339
3222	7520
457	8231
5973	7644
1101	7331
5463	8007
6038	7379
6437	7353
6752	7397
1327	7439
3013	8181
5759	7461
2669	7625
5339	7602
2906	7859
3802	7686
4359	8254
4709	7445
5305	7234
6790	8311
1048	7846
1284	7252
2209	7697
5611	7282
6439	7353
1507	7236
2174	7653
2966	7475
3232	7520
3588	7488
5051	7670
6823	7688
3920	7512
4027	7409
6638	7403
6882	7363
959	7471
1511	7236
6246	7337
7037	7717
100	7343
2470	7272
2435	7428
5757	7461
1014	8249
2928	7795
5758	7461
6040	7379
141	7880
347	7756
395	7510
466	8231
2954	7862
5661	7413
1145	7552
2084	7290
4021	7409
6850	7357
6870	7363
2357	7784
4378	8256
5167	7614
5751	7461
1240	8015
3703	7722
6126	7664
880	7268
1858	7726
3556	7335
6197	7395
1380	7793
2244	7303
4636	7869
5286	7234
1041	8131
2766	7244
6614	7481
450	7550
3319	8404
5029	7341
5264	7835
833	7763
2465	7272
4011	7409
6453	7516
6847	7357
