2314	0	298.4	900	296.8	1800	297.52941176470586	2700	297.09090909090907	3600	299.25	4500	299.11764705882354	5400	299.6756756756757	6300	300.0	7200	299.4642857142857	8100	297.0	9000	298.06451612903226	9900	299.14285714285717	10800	296.4	11700	0.0	12600	0.0	13500	0.0	14400	0.0	15300	0.0	16200	0.0	17100	0.0	18000	0.0	18900	0.0	19800	0.0	20700	0.0	21600	0.0	22500	0.0	23400	0.0	24300	0.0	25200	0.0	26100	0.0	27000	0.0	27900	0.0	28800	0.0	29700	0.0	30600	0.0	31500	0.0	32400	0.0	33300	0.0	34200	0.0	35100	0.0	36000	0.0
12	0	366.375	900	367.2857142857143	1800	366.42857142857144	2700	367.07142857142856	3600	366.44444444444446	4500	368.0571428571429	5400	366.90909090909093	6300	366.2142857142857	7200	366.2142857142857	8100	366.75	9000	366.70588235294116	9900	366.0	10800	366.0	11700	0.0	12600	0.0	13500	0.0	14400	0.0	15300	0.0	16200	0.0	17100	0.0	18000	0.0	18900	0.0	19800	0.0	20700	0.0	21600	0.0	22500	0.0	23400	0.0	24300	0.0	25200	0.0	26100	0.0	27000	0.0	27900	0.0	28800	0.0	29700	0.0	30600	0.0	31500	0.0	32400	0.0	33300	0.0	34200	0.0	35100	0.0	36000	0.0
13	0	246.0	900	246.0	1800	246.0	2700	246.11320754716982	3600	246.0	4500	246.13186813186815	5400	246.12	6300	246.16216216216216	7200	246.0909090909091	8100	246.0	9000	246.0	9900	246.0	10800	246.0	11700	0.0	12600	0.0	13500	0.0	14400	0.0	15300	0.0	16200	0.0	17100	0.0	18000	0.0	18900	0.0	19800	0.0	20700	0.0	21600	0.0	22500	0.0	23400	0.0	24300	0.0	25200	0.0	26100	0.0	27000	0.0	27900	0.0	28800	0.0	29700	0.0	30600	0.0	31500	0.0	32400	0.0	33300	0.0	34200	0.0	35100	0.0	36000	0.0
2322	0	292.45714285714286	900	292.9714285714286	1800	292.42105263157896	2700	297.81081081081084	3600	294.6575342465753	4500	329.765625	5400	344.6190476190476	6300	298.16470588235296	7200	297.25714285714287	8100	292.90909090909093	9000	292.90909090909093	9900	294.34285714285716	10800	294.0	11700	0.0	12600	0.0	13500	0.0	14400	0.0	15300	0.0	16200	0.0	17100	0.0	18000	0.0	18900	0.0	19800	0.0	20700	0.0	21600	0.0	22500	0.0	23400	0.0	24300	0.0	25200	0.0	26100	0.0	27000	0.0	27900	0.0	28800	0.0	29700	0.0	30600	0.0	31500	0.0	32400	0.0	33300	0.0	34200	0.0	35100	0.0	36000	0.0
901919	0	6.0	900	6.0	1800	6.115384615384615	2700	6.12	3600	6.235294117647059	4500	6.397350993377484	5400	6.666666666666667	6300	6.411764705882353	7200	6.058252427184466	8100	6.0	9000	6.125	9900	6.0	10800	0.0	11700	0.0	12600	0.0	13500	0.0	14400	0.0	15300	0.0	16200	0.0	17100	0.0	18000	0.0	18900	0.0	19800	0.0	20700	0.0	21600	0.0	22500	0.0	23400	0.0	24300	0.0	25200	0.0	26100	0.0	27000	0.0	27900	0.0	28800	0.0	29700	0.0	30600	0.0	31500	0.0	32400	0.0	33300	0.0	34200	0.0	35100	0.0	36000	0.0
1419014	0	6.0	900	6.0	1800	6.0	2700	6.0	3600	6.0	4500	6.0	5400	6.0	6300	6.0	7200	6.0	8100	6.0	9000	6.0	9900	6.0	10800	6.0	11700	6.0	12600	0.0	13500	0.0	14400	0.0	15300	0.0	16200	0.0	17100	0.0	18000	0.0	18900	0.0	19800	0.0	20700	0.0	21600	0.0	22500	0.0	23400	0.0	24300	0.0	25200	0.0	26100	0.0	27000	0.0	27900	0.0	28800	0.0	29700	0.0	30600	0.0	31500	0.0	32400	0.0	33300	0.0	34200	0.0	35100	0.0	36000	0.0
2324	0	148.8	900	147.3	1800	145.42857142857142	2700	146.64705882352942	3600	146.71428571428572	4500	148.18867924528303	5400	151.9090909090909	6300	149.16666666666666	7200	147.75	8100	147.0857142857143	9000	147.0	9900	146.8235294117647	10800	145.2	11700	0.0	12600	0.0	13500	0.0	14400	0.0	15300	0.0	16200	0.0	17100	0.0	18000	0.0	18900	0.0	19800	0.0	20700	0.0	21600	0.0	22500	0.0	23400	0.0	24300	0.0	25200	0.0	26100	0.0	27000	0.0	27900	0.0	28800	0.0	29700	0.0	30600	0.0	31500	0.0	32400	0.0	33300	0.0	34200	0.0	35100	0.0	36000	0.0
902424	0	6.4	900	6.827586206896552	1800	6.75	2700	7.9	3600	8.03225806451613	4500	7.760869565217392	5400	7.533333333333333	6300	9.934426229508198	7200	8.754098360655737	8100	7.125	9000	6.9375	9900	6.6	10800	0.0	11700	0.0	12600	0.0	13500	0.0	14400	0.0	15300	0.0	16200	0.0	17100	0.0	18000	0.0	18900	0.0	19800	0.0	20700	0.0	21600	0.0	22500	0.0	23400	0.0	24300	0.0	25200	0.0	26100	0.0	27000	0.0	27900	0.0	28800	0.0	29700	0.0	30600	0.0	31500	0.0	32400	0.0	33300	0.0	34200	0.0	35100	0.0	36000	0.0
21	0	366.0	900	366.0	1800	366.0	2700	366.0	3600	366.0	4500	366.0	5400	366.0	6300	366.0	7200	366.0	8100	366.0	9000	366.0	9900	366.0	10800	366.0	11700	366.0	12600	0.0	13500	0.0	14400	0.0	15300	0.0	16200	0.0	17100	0.0	18000	0.0	18900	0.0	19800	0.0	20700	0.0	21600	0.0	22500	0.0	23400	0.0	24300	0.0	25200	0.0	26100	0.0	27000	0.0	27900	0.0	28800	0.0	29700	0.0	30600	0.0	31500	0.0	32400	0.0	33300	0.0	34200	0.0	35100	0.0	36000	0.0
1816	0	186.875	900	187.6153846153846	1800	187.625	2700	187.44303797468353	3600	187.44	4500	193.66265060240963	5400	199.32394366197184	6300	192.0625	7200	189.62790697674419	8100	187.8125	9000	187.3235294117647	9900	187.25581395348837	10800	189.0	11700	186.0	12600	0.0	13500	0.0	14400	0.0	15300	0.0	16200	0.0	17100	0.0	18000	0.0	18900	0.0	19800	0.0	20700	0.0	21600	0.0	22500	0.0	23400	0.0	24300	0.0	25200	0.0	26100	0.0	27000	0.0	27900	0.0	28800	0.0	29700	0.0	30600	0.0	31500	0.0	32400	0.0	33300	0.0	34200	0.0	35100	0.0	36000	0.0
26	0	367.7142857142857	900	367.3333333333333	1800	369.6	2700	371.2307692307692	3600	369.73333333333335	4500	373.92857142857144	5400	591.0769230769231	6300	461.29411764705884	7200	374.0	8100	371.1818181818182	9000	369.6521739130435	9900	370.2	10800	366.6666666666667	11700	0.0	12600	0.0	13500	0.0	14400	0.0	15300	0.0	16200	0.0	17100	0.0	18000	0.0	18900	0.0	19800	0.0	20700	0.0	21600	0.0	22500	0.0	23400	0.0	24300	0.0	25200	0.0	26100	0.0	27000	0.0	27900	0.0	28800	0.0	29700	0.0	30600	0.0	31500	0.0	32400	0.0	33300	0.0	34200	0.0	35100	0.0	36000	0.0
1820	0	246.14285714285714	900	246.28571428571428	1800	246.57692307692307	2700	247.28205128205127	3600	247.63636363636363	4500	249.3048128342246	5400	250.91943127962085	6300	248.26415094339623	7200	248.11111111111111	8100	247.00934579439252	9000	246.25714285714287	9900	246.54545454545453	10800	246.0	11700	246.0	12600	0.0	13500	0.0	14400	0.0	15300	0.0	16200	0.0	17100	0.0	18000	0.0	18900	0.0	19800	0.0	20700	0.0	21600	0.0	22500	0.0	23400	0.0	24300	0.0	25200	0.0	26100	0.0	27000	0.0	27900	0.0	28800	0.0	29700	0.0	30600	0.0	31500	0.0	32400	0.0	33300	0.0	34200	0.0	35100	0.0	36000	0.0
319003	0	6.0	900	6.0	1800	6.0	2700	6.0	3600	6.0	4500	6.0	5400	6.0	6300	6.0	7200	6.0	8100	6.0	9000	6.0	9900	6.0	10800	6.0	11700	6.0	12600	0.0	13500	0.0	14400	0.0	15300	0.0	16200	0.0	17100	0.0	18000	0.0	18900	0.0	19800	0.0	20700	0.0	21600	0.0	22500	0.0	23400	0.0	24300	0.0	25200	0.0	26100	0.0	27000	0.0	27900	0.0	28800	0.0	29700	0.0	30600	0.0	31500	0.0	32400	0.0	33300	0.0	34200	0.0	35100	0.0	36000	0.0
31	0	246.0	900	246.0	1800	246.0	2700	246.0	3600	246.0	4500	246.0	5400	246.0	6300	246.0	7200	246.0	8100	246.0	9000	246.0	9900	246.0	10800	246.0	11700	246.0	12600	0.0	13500	0.0	14400	0.0	15300	0.0	16200	0.0	17100	0.0	18000	0.0	18900	0.0	19800	0.0	20700	0.0	21600	0.0	22500	0.0	23400	0.0	24300	0.0	25200	0.0	26100	0.0	27000	0.0	27900	0.0	28800	0.0	29700	0.0	30600	0.0	31500	0.0	32400	0.0	33300	0.0	34200	0.0	35100	0.0	36000	0.0
1312	0	186.0	900	186.0	1800	186.0	2700	186.1978021978022	3600	186.1818181818182	4500	186.04054054054055	5400	186.30967741935484	6300	186.05263157894737	7200	186.0	8100	186.07792207792207	9000	186.11111111111111	9900	186.0	10800	186.0	11700	0.0	12600	0.0	13500	0.0	14400	0.0	15300	0.0	16200	0.0	17100	0.0	18000	0.0	18900	0.0	19800	0.0	20700	0.0	21600	0.0	22500	0.0	23400	0.0	24300	0.0	25200	0.0	26100	0.0	27000	0.0	27900	0.0	28800	0.0	29700	0.0	30600	0.0	31500	0.0	32400	0.0	33300	0.0	34200	0.0	35100	0.0	36000	0.0
34	0	246.20689655172413	900	246.0	1800	246.0	2700	246.37037037037038	3600	246.29268292682926	4500	246.63716814159292	5400	246.920245398773	6300	246.3206106870229	7200	246.23529411764707	8100	246.0	9000	246.25531914893617	9900	246.0	10800	246.0	11700	0.0	12600	0.0	13500	0.0	14400	0.0	15300	0.0	16200	0.0	17100	0.0	18000	0.0	18900	0.0	19800	0.0	20700	0.0	21600	0.0	22500	0.0	23400	0.0	24300	0.0	25200	0.0	26100	0.0	27000	0.0	27900	0.0	28800	0.0	29700	0.0	30600	0.0	31500	0.0	32400	0.0	33300	0.0	34200	0.0	35100	0.0	36000	0.0
43	0	246.0	900	246.0	1800	246.0	2700	246.0	3600	246.35714285714286	4500	246.12	5400	246.48529411764707	6300	246.0625	7200	246.06896551724137	8100	246.0	9000	246.0	9900	246.12765957446808	10800	246.0	11700	246.0	12600	0.0	13500	0.0	14400	0.0	15300	0.0	16200	0.0	17100	0.0	18000	0.0	18900	0.0	19800	0.0	20700	0.0	21600	0.0	22500	0.0	23400	0.0	24300	0.0	25200	0.0	26100	0.0	27000	0.0	27900	0.0	28800	0.0	29700	0.0	30600	0.0	31500	0.0	32400	0.0	33300	0.0	34200	0.0	35100	0.0	36000	0.0
901414	0	7.0	900	7.2631578947368425	1800	6.666666666666667	2700	8.324324324324325	3600	8.556521739130435	4500	14.840236686390533	5400	13.395348837209303	6300	10.309090909090909	7200	9.35135135135135	8100	7.967213114754099	9000	7.016949152542373	9900	6.857142857142857	10800	6.0	11700	0.0	12600	0.0	13500	0.0	14400	0.0	15300	0.0	16200	0.0	17100	0.0	18000	0.0	18900	0.0	19800	0.0	20700	0.0	21600	0.0	22500	0.0	23400	0.0	24300	0.0	25200	0.0	26100	0.0	27000	0.0	27900	0.0	28800	0.0	29700	0.0	30600	0.0	31500	0.0	32400	0.0	33300	0.0	34200	0.0	35100	0.0	36000	0.0
1324	0	376.8333333333333	900	389.80645161290323	1800	397.45454545454544	2700	398.4155844155844	3600	407.7142857142857	4500	513.566037735849	5400	628.14	6300	640.8510638297872	7200	650.9662921348314	8100	470.0425531914894	9000	392.1818181818182	9900	391.42857142857144	10800	392.1818181818182	11700	0.0	12600	0.0	13500	0.0	14400	0.0	15300	0.0	16200	0.0	17100	0.0	18000	0.0	18900	0.0	19800	0.0	20700	0.0	21600	0.0	22500	0.0	23400	0.0	24300	0.0	25200	0.0	26100	0.0	27000	0.0	27900	0.0	28800	0.0	29700	0.0	30600	0.0	31500	0.0	32400	0.0	33300	0.0	34200	0.0	35100	0.0	36000	0.0
45	0	126.9	900	127.2	1800	126.68852459016394	2700	127.6822429906542	3600	127.6923076923077	4500	128.7814569536424	5400	128.25	6300	127.75155279503106	7200	127.93846153846154	8100	127.09756097560975	9000	126.8	9900	127.65517241379311	10800	126.52173913043478	11700	0.0	12600	0.0	13500	0.0	14400	0.0	15300	0.0	16200	0.0	17100	0.0	18000	0.0	18900	0.0	19800	0.0	20700	0.0	21600	0.0	22500	0.0	23400	0.0	24300	0.0	25200	0.0	26100	0.0	27000	0.0	27900	0.0	28800	0.0	29700	0.0	30600	0.0	31500	0.0	32400	0.0	33300	0.0	34200	0.0	35100	0.0	36000	0.0
2219022	0	6.0	900	6.0	1800	6.0	2700	6.0	3600	6.0	4500	6.0	5400	6.0	6300	6.0	7200	6.0	8100	6.0	9000	6.0	9900	6.0	10800	6.0	11700	6.0	12600	0.0	13500	0.0	14400	0.0	15300	0.0	16200	0.0	17100	0.0	18000	0.0	18900	0.0	19800	0.0	20700	0.0	21600	0.0	22500	0.0	23400	0.0	24300	0.0	25200	0.0	26100	0.0	27000	0.0	27900	0.0	28800	0.0	29700	0.0	30600	0.0	31500	0.0	32400	0.0	33300	0.0	34200	0.0	35100	0.0	36000	0.0
816	0	471.77142857142854	900	465.3488372093023	1800	474.8181818181818	2700	473.11475409836066	3600	478.89230769230767	4500	496.27659574468083	5400	524.2736842105263	6300	479.64179104477614	7200	476.3606557377049	8100	469.06666666666666	9000	474.90909090909093	9900	475.55555555555554	10800	472.61538461538464	11700	0.0	12600	0.0	13500	0.0	14400	0.0	15300	0.0	16200	0.0	17100	0.0	18000	0.0	18900	0.0	19800	0.0	20700	0.0	21600	0.0	22500	0.0	23400	0.0	24300	0.0	25200	0.0	26100	0.0	27000	0.0	27900	0.0	28800	0.0	29700	0.0	30600	0.0	31500	0.0	32400	0.0	33300	0.0	34200	0.0	35100	0.0	36000	0.0
1119011	0	6.0	900	6.0	1800	6.0	2700	6.0	3600	6.0	4500	6.0	5400	6.0	6300	6.0	7200	6.0	8100	6.0	9000	6.0	9900	6.0	10800	6.0	11700	6.0	12600	6.0	13500	0.0	14400	0.0	15300	0.0	16200	0.0	17100	0.0	18000	0.0	18900	0.0	19800	0.0	20700	0.0	21600	0.0	22500	0.0	23400	0.0	24300	0.0	25200	0.0	26100	0.0	27000	0.0	27900	0.0	28800	0.0	29700	0.0	30600	0.0	31500	0.0	32400	0.0	33300	0.0	34200	0.0	35100	0.0	36000	0.0
54	0	126.41379310344827	900	126.0	1800	126.10344827586206	2700	126.07407407407408	3600	126.25	4500	126.4	5400	126.42162162162163	6300	126.56842105263158	7200	126.46153846153847	8100	126.05084745762711	9000	126.16666666666667	9900	126.32432432432432	10800	126.29268292682927	11700	126.0	12600	0.0	13500	0.0	14400	0.0	15300	0.0	16200	0.0	17100	0.0	18000	0.0	18900	0.0	19800	0.0	20700	0.0	21600	0.0	22500	0.0	23400	0.0	24300	0.0	25200	0.0	26100	0.0	27000	0.0	27900	0.0	28800	0.0	29700	0.0	30600	0.0	31500	0.0	32400	0.0	33300	0.0	34200	0.0	35100	0.0	36000	0.0
1919019	0	6.0	900	6.0	1800	6.0	2700	6.0	3600	6.0	4500	6.0	5400	6.0	6300	6.0	7200	6.0	8100	6.0	9000	6.0	9900	6.0	10800	6.0	11700	6.0	12600	0.0	13500	0.0	14400	0.0	15300	0.0	16200	0.0	17100	0.0	18000	0.0	18900	0.0	19800	0.0	20700	0.0	21600	0.0	22500	0.0	23400	0.0	24300	0.0	25200	0.0	26100	0.0	27000	0.0	27900	0.0	28800	0.0	29700	0.0	30600	0.0	31500	0.0	32400	0.0	33300	0.0	34200	0.0	35100	0.0	36000	0.0
312	0	246.27272727272728	900	246.19354838709677	1800	246.5142857142857	2700	246.08955223880596	3600	246.46153846153845	4500	247.46808510638297	5400	247.3448275862069	6300	246.7912087912088	7200	246.78571428571428	8100	246.13953488372093	9000	246.0	9900	246.0	10800	246.0	11700	246.0	12600	0.0	13500	0.0	14400	0.0	15300	0.0	16200	0.0	17100	0.0	18000	0.0	18900	0.0	19800	0.0	20700	0.0	21600	0.0	22500	0.0	23400	0.0	24300	0.0	25200	0.0	26100	0.0	27000	0.0	27900	0.0	28800	0.0	29700	0.0	30600	0.0	31500	0.0	32400	0.0	33300	0.0	34200	0.0	35100	0.0	36000	0.0
56	0	387.88235294117646	900	396.41379310344826	1800	392.0571428571429	2700	415.17857142857144	3600	397.2	4500	424.89473684210526	5400	458.9032258064516	6300	496.16326530612247	7200	520.0	8100	402.38709677419354	9000	403.6875	9900	389.35135135135135	10800	400.875	11700	0.0	12600	0.0	13500	0.0	14400	0.0	15300	0.0	16200	0.0	17100	0.0	18000	0.0	18900	0.0	19800	0.0	20700	0.0	21600	0.0	22500	0.0	23400	0.0	24300	0.0	25200	0.0	26100	0.0	27000	0.0	27900	0.0	28800	0.0	29700	0.0	30600	0.0	31500	0.0	32400	0.0	33300	0.0	34200	0.0	35100	0.0	36000	0.0
59	0	306.5853658536585	900	307.3220338983051	1800	307.5272727272727	2700	311.7	3600	312.4736842105263	4500	338.81632653061223	5400	335.4965034965035	6300	311.4107142857143	7200	310.4842105263158	8100	307.75384615384615	9000	306.8421052631579	9900	307.44444444444446	10800	306.57142857142856	11700	0.0	12600	0.0	13500	0.0	14400	0.0	15300	0.0	16200	0.0	17100	0.0	18000	0.0	18900	0.0	19800	0.0	20700	0.0	21600	0.0	22500	0.0	23400	0.0	24300	0.0	25200	0.0	26100	0.0	27000	0.0	27900	0.0	28800	0.0	29700	0.0	30600	0.0	31500	0.0	32400	0.0	33300	0.0	34200	0.0	35100	0.0	36000	0.0
62	0	366.85714285714283	900	367.2	1800	367.7647058823529	2700	367.5882352941176	3600	367.95348837209303	4500	368.2040816326531	5400	367.29411764705884	6300	368.8636363636364	7200	368.14285714285717	8100	368.4	9000	367.3333333333333	9900	367.44	10800	368.11764705882354	11700	372.0	12600	0.0	13500	0.0	14400	0.0	15300	0.0	16200	0.0	17100	0.0	18000	0.0	18900	0.0	19800	0.0	20700	0.0	21600	0.0	22500	0.0	23400	0.0	24300	0.0	25200	0.0	26100	0.0	27000	0.0	27900	0.0	28800	0.0	29700	0.0	30600	0.0	31500	0.0	32400	0.0	33300	0.0	34200	0.0	35100	0.0	36000	0.0
65	0	393.0	900	397.0	1800	398.25	2700	422.13157894736844	3600	393.6363636363636	4500	435.0	5400	433.7037037037037	6300	398.4	7200	409.38461538461536	8100	395.3181818181818	9000	405.8048780487805	9900	393.75	10800	394.5	11700	0.0	12600	0.0	13500	0.0	14400	0.0	15300	0.0	16200	0.0	17100	0.0	18000	0.0	18900	0.0	19800	0.0	20700	0.0	21600	0.0	22500	0.0	23400	0.0	24300	0.0	25200	0.0	26100	0.0	27000	0.0	27900	0.0	28800	0.0	29700	0.0	30600	0.0	31500	0.0	32400	0.0	33300	0.0	34200	0.0	35100	0.0	36000	0.0
902222	0	6.3125	900	7.0	1800	7.175257731958763	2700	8.276923076923078	3600	10.276923076923078	4500	15.082191780821917	5400	14.115254237288136	6300	9.411167512690355	7200	8.78125	8100	7.369565217391305	9000	7.900990099009901	9900	7.090909090909091	10800	6.0	11700	0.0	12600	0.0	13500	0.0	14400	0.0	15300	0.0	16200	0.0	17100	0.0	18000	0.0	18900	0.0	19800	0.0	20700	0.0	21600	0.0	22500	0.0	23400	0.0	24300	0.0	25200	0.0	26100	0.0	27000	0.0	27900	0.0	28800	0.0	29700	0.0	30600	0.0	31500	0.0	32400	0.0	33300	0.0	34200	0.0	35100	0.0	36000	0.0
68	0	153.09677419354838	900	154.25454545454545	1800	153.6206896551724	2700	156.06976744186048	3600	184.99159663865547	4500	203.15555555555557	5400	314.6616541353383	6300	336.4918032786885	7200	309.7368421052632	8100	230.11363636363637	9000	153.75	9900	153.76119402985074	10800	152.48275862068965	11700	0.0	12600	0.0	13500	0.0	14400	0.0	15300	0.0	16200	0.0	17100	0.0	18000	0.0	18900	0.0	19800	0.0	20700	0.0	21600	0.0	22500	0.0	23400	0.0	24300	0.0	25200	0.0	26100	0.0	27000	0.0	27900	0.0	28800	0.0	29700	0.0	30600	0.0	31500	0.0	32400	0.0	33300	0.0	34200	0.0	35100	0.0	36000	0.0
2120	0	431.0769230769231	900	431.29411764705884	1800	431.0769230769231	2700	431.37931034482756	3600	432.0	4500	431.8909090909091	5400	433.25373134328356	6300	432.0	7200	431.0869565217391	8100	432.0	9000	432.0	9900	431.2173913043478	10800	432.0	11700	0.0	12600	0.0	13500	0.0	14400	0.0	15300	0.0	16200	0.0	17100	0.0	18000	0.0	18900	0.0	19800	0.0	20700	0.0	21600	0.0	22500	0.0	23400	0.0	24300	0.0	25200	0.0	26100	0.0	27000	0.0	27900	0.0	28800	0.0	29700	0.0	30600	0.0	31500	0.0	32400	0.0	33300	0.0	34200	0.0	35100	0.0	36000	0.0
1610	0	420.2769230769231	900	430.4415584415584	1800	418.1842105263158	2700	516.5454545454545	3600	645.9029126213592	4500	673.0227272727273	5400	674.3448275862069	6300	666.8089887640449	7200	660.9333333333333	8100	671.8651685393259	9000	675.6279069767442	9900	670.8539325842696	10800	659.1910112359551	11700	651.1111111111111	12600	0.0	13500	0.0	14400	0.0	15300	0.0	16200	0.0	17100	0.0	18000	0.0	18900	0.0	19800	0.0	20700	0.0	21600	0.0	22500	0.0	23400	0.0	24300	0.0	25200	0.0	26100	0.0	27000	0.0	27900	0.0	28800	0.0	29700	0.0	30600	0.0	31500	0.0	32400	0.0	33300	0.0	34200	0.0	35100	0.0	36000	0.0
2122	0	142.57894736842104	900	143.80327868852459	1800	143.17241379310346	2700	147.83132530120483	3600	155.83333333333334	4500	161.21311475409837	5400	154.4	6300	150.2051282051282	7200	149.8181818181818	8100	143.2394366197183	9000	144.0	9900	143.1764705882353	10800	142.9090909090909	11700	144.0	12600	0.0	13500	0.0	14400	0.0	15300	0.0	16200	0.0	17100	0.0	18000	0.0	18900	0.0	19800	0.0	20700	0.0	21600	0.0	22500	0.0	23400	0.0	24300	0.0	25200	0.0	26100	0.0	27000	0.0	27900	0.0	28800	0.0	29700	0.0	30600	0.0	31500	0.0	32400	0.0	33300	0.0	34200	0.0	35100	0.0	36000	0.0
2124	0	225.6	900	227.45454545454547	1800	225.53846153846155	2700	228.3582089552239	3600	238.25454545454545	4500	240.94214876033058	5400	281.63157894736844	6300	305.8636363636364	7200	229.8125	8100	226.38805970149255	9000	227.79310344827587	9900	226.55555555555554	10800	226.43478260869566	11700	0.0	12600	0.0	13500	0.0	14400	0.0	15300	0.0	16200	0.0	17100	0.0	18000	0.0	18900	0.0	19800	0.0	20700	0.0	21600	0.0	22500	0.0	23400	0.0	24300	0.0	25200	0.0	26100	0.0	27000	0.0	27900	0.0	28800	0.0	29700	0.0	30600	0.0	31500	0.0	32400	0.0	33300	0.0	34200	0.0	35100	0.0	36000	0.0
819008	0	6.0	900	6.0	1800	6.0	2700	6.0	3600	6.0	4500	6.0	5400	6.0	6300	6.0	7200	6.0	8100	6.0	9000	6.0	9900	6.0	10800	6.0	11700	6.0	12600	0.0	13500	0.0	14400	0.0	15300	0.0	16200	0.0	17100	0.0	18000	0.0	18900	0.0	19800	0.0	20700	0.0	21600	0.0	22500	0.0	23400	0.0	24300	0.0	25200	0.0	26100	0.0	27000	0.0	27900	0.0	28800	0.0	29700	0.0	30600	0.0	31500	0.0	32400	0.0	33300	0.0	34200	0.0	35100	0.0	36000	0.0
2119021	0	6.0	900	6.0	1800	6.0	2700	6.0	3600	6.0	4500	6.0	5400	6.0	6300	6.0	7200	6.0	8100	6.0	9000	6.0	9900	6.0	10800	6.0	11700	6.0	12600	0.0	13500	0.0	14400	0.0	15300	0.0	16200	0.0	17100	0.0	18000	0.0	18900	0.0	19800	0.0	20700	0.0	21600	0.0	22500	0.0	23400	0.0	24300	0.0	25200	0.0	26100	0.0	27000	0.0	27900	0.0	28800	0.0	29700	0.0	30600	0.0	31500	0.0	32400	0.0	33300	0.0	34200	0.0	35100	0.0	36000	0.0
78	0	187.6551724137931	900	187.90243902439025	1800	188.04545454545453	2700	190.18421052631578	3600	194.61111111111111	4500	204.77142857142857	5400	369.44055944055947	6300	470.3783783783784	7200	326.0842105263158	8100	188.92307692307693	9000	188.14285714285714	9900	188.4923076923077	10800	186.75	11700	0.0	12600	0.0	13500	0.0	14400	0.0	15300	0.0	16200	0.0	17100	0.0	18000	0.0	18900	0.0	19800	0.0	20700	0.0	21600	0.0	22500	0.0	23400	0.0	24300	0.0	25200	0.0	26100	0.0	27000	0.0	27900	0.0	28800	0.0	29700	0.0	30600	0.0	31500	0.0	32400	0.0	33300	0.0	34200	0.0	35100	0.0	36000	0.0
1619016	0	6.0	900	6.0	1800	6.0	2700	6.0	3600	6.0	4500	6.0	5400	6.0	6300	6.0	7200	6.0	8100	6.0	9000	6.0	9900	6.0	10800	6.0	11700	6.0	12600	0.0	13500	0.0	14400	0.0	15300	0.0	16200	0.0	17100	0.0	18000	0.0	18900	0.0	19800	0.0	20700	0.0	21600	0.0	22500	0.0	23400	0.0	24300	0.0	25200	0.0	26100	0.0	27000	0.0	27900	0.0	28800	0.0	29700	0.0	30600	0.0	31500	0.0	32400	0.0	33300	0.0	34200	0.0	35100	0.0	36000	0.0
1617	0	142.57142857142858	900	144.3896103896104	1800	143.84615384615384	2700	145.62	3600	145.75280898876406	4500	179.6865671641791	5400	273.7083333333333	6300	315.6923076923077	7200	304.93548387096774	8100	183.0	9000	142.8	9900	144.54545454545453	10800	142.41176470588235	11700	141.0	12600	0.0	13500	0.0	14400	0.0	15300	0.0	16200	0.0	17100	0.0	18000	0.0	18900	0.0	19800	0.0	20700	0.0	21600	0.0	22500	0.0	23400	0.0	24300	0.0	25200	0.0	26100	0.0	27000	0.0	27900	0.0	28800	0.0	29700	0.0	30600	0.0	31500	0.0	32400	0.0	33300	0.0	34200	0.0	35100	0.0	36000	0.0
901212	0	6.535714285714286	900	6.310344827586207	1800	6.109090909090909	2700	6.6371681415929205	3600	6.756756756756757	4500	6.957055214723926	5400	7.207100591715976	6300	6.218181818181818	7200	6.709090909090909	8100	6.406779661016949	9000	6.0	9900	6.218181818181818	10800	0.0	11700	0.0	12600	0.0	13500	0.0	14400	0.0	15300	0.0	16200	0.0	17100	0.0	18000	0.0	18900	0.0	19800	0.0	20700	0.0	21600	0.0	22500	0.0	23400	0.0	24300	0.0	25200	0.0	26100	0.0	27000	0.0	27900	0.0	28800	0.0	29700	0.0	30600	0.0	31500	0.0	32400	0.0	33300	0.0	34200	0.0	35100	0.0	36000	0.0
1618	0	186.0	900	186.0	1800	186.0	2700	186.0625	3600	186.0	4500	186.07272727272726	5400	186.0	6300	186.05607476635515	7200	186.05084745762713	8100	186.0	9000	186.0	9900	186.0	10800	186.0	11700	186.0	12600	0.0	13500	0.0	14400	0.0	15300	0.0	16200	0.0	17100	0.0	18000	0.0	18900	0.0	19800	0.0	20700	0.0	21600	0.0	22500	0.0	23400	0.0	24300	0.0	25200	0.0	26100	0.0	27000	0.0	27900	0.0	28800	0.0	29700	0.0	30600	0.0	31500	0.0	32400	0.0	33300	0.0	34200	0.0	35100	0.0	36000	0.0
86	0	152.57142857142858	900	154.14545454545456	1800	155.08474576271186	2700	161.16	3600	200.57142857142858	4500	260.6564885496183	5400	329.23308270676694	6300	337.08196721311475	7200	337.1219512195122	8100	250.55421686746988	9000	154.1	9900	156.0810810810811	10800	153.25	11700	150.0	12600	0.0	13500	0.0	14400	0.0	15300	0.0	16200	0.0	17100	0.0	18000	0.0	18900	0.0	19800	0.0	20700	0.0	21600	0.0	22500	0.0	23400	0.0	24300	0.0	25200	0.0	26100	0.0	27000	0.0	27900	0.0	28800	0.0	29700	0.0	30600	0.0	31500	0.0	32400	0.0	33300	0.0	34200	0.0	35100	0.0	36000	0.0
1110	0	309.67164179104475	900	309.6279069767442	1800	308.5263157894737	2700	334.99328859060404	3600	346.86713286713285	4500	375.8863636363636	5400	462.6824644549763	6300	501.6842105263158	7200	366.42857142857144	8100	327.9818181818182	9000	309.86206896551727	9900	312.1978021978022	10800	306.0	11700	0.0	12600	0.0	13500	0.0	14400	0.0	15300	0.0	16200	0.0	17100	0.0	18000	0.0	18900	0.0	19800	0.0	20700	0.0	21600	0.0	22500	0.0	23400	0.0	24300	0.0	25200	0.0	26100	0.0	27000	0.0	27900	0.0	28800	0.0	29700	0.0	30600	0.0	31500	0.0	32400	0.0	33300	0.0	34200	0.0	35100	0.0	36000	0.0
87	0	186.42857142857142	900	187.57894736842104	1800	187.42105263157896	2700	187.7922077922078	3600	192.83478260869566	4500	197.3684210526316	5400	205.63636363636363	6300	191.76190476190476	7200	192.7258064516129	8100	188.81632653061226	9000	186.91525423728814	9900	187.14285714285714	10800	186.0	11700	0.0	12600	0.0	13500	0.0	14400	0.0	15300	0.0	16200	0.0	17100	0.0	18000	0.0	18900	0.0	19800	0.0	20700	0.0	21600	0.0	22500	0.0	23400	0.0	24300	0.0	25200	0.0	26100	0.0	27000	0.0	27900	0.0	28800	0.0	29700	0.0	30600	0.0	31500	0.0	32400	0.0	33300	0.0	34200	0.0	35100	0.0	36000	0.0
1112	0	443.625	900	444.1463414634146	1800	445.2972972972973	2700	444.33962264150944	3600	444.5263157894737	4500	445.25	5400	450.34090909090907	6300	451.58620689655174	7200	446.0571428571429	8100	445.0188679245283	9000	444.8780487804878	9900	444.61538461538464	10800	444.6666666666667	11700	443.0	12600	444.0	13500	0.0	14400	0.0	15300	0.0	16200	0.0	17100	0.0	18000	0.0	18900	0.0	19800	0.0	20700	0.0	21600	0.0	22500	0.0	23400	0.0	24300	0.0	25200	0.0	26100	0.0	27000	0.0	27900	0.0	28800	0.0	29700	0.0	30600	0.0	31500	0.0	32400	0.0	33300	0.0	34200	0.0	35100	0.0	36000	0.0
901717	0	7.9375	900	11.533333333333333	1800	9.094736842105263	2700	17.29032258064516	3600	10.78688524590164	4500	30.954063604240282	5400	105.75265017667844	6300	111.70212765957447	7200	63.51063829787234	8100	22.27659574468085	9000	7.6421052631578945	9900	6.957446808510638	10800	6.0	11700	0.0	12600	0.0	13500	0.0	14400	0.0	15300	0.0	16200	0.0	17100	0.0	18000	0.0	18900	0.0	19800	0.0	20700	0.0	21600	0.0	22500	0.0	23400	0.0	24300	0.0	25200	0.0	26100	0.0	27000	0.0	27900	0.0	28800	0.0	29700	0.0	30600	0.0	31500	0.0	32400	0.0	33300	0.0	34200	0.0	35100	0.0	36000	0.0
89	0	930.0	900	930.0	1800	924.0	2700	936.0	3600	933.0	4500	934.5	5400	934.5	6300	942.0	7200	936.75	8100	929.1428571428571	9000	924.0	9900	948.0	10800	948.0	11700	0.0	12600	0.0	13500	0.0	14400	0.0	15300	0.0	16200	0.0	17100	0.0	18000	0.0	18900	0.0	19800	0.0	20700	0.0	21600	0.0	22500	0.0	23400	0.0	24300	0.0	25200	0.0	26100	0.0	27000	0.0	27900	0.0	28800	0.0	29700	0.0	30600	0.0	31500	0.0	32400	0.0	33300	0.0	34200	0.0	35100	0.0	36000	0.0
1114	0	345.2142857142857	900	347.25	1800	345.38461538461536	2700	351.90909090909093	3600	356.3720930232558	4500	417.7190082644628	5400	561.709090909091	6300	562.1142857142858	7200	541.960396039604	8100	471.2957746478873	9000	347.30232558139534	9900	347.2258064516129	10800	347.14285714285717	11700	0.0	12600	0.0	13500	0.0	14400	0.0	15300	0.0	16200	0.0	17100	0.0	18000	0.0	18900	0.0	19800	0.0	20700	0.0	21600	0.0	22500	0.0	23400	0.0	24300	0.0	25200	0.0	26100	0.0	27000	0.0	27900	0.0	28800	0.0	29700	0.0	30600	0.0	31500	0.0	32400	0.0	33300	0.0	34200	0.0	35100	0.0	36000	0.0
519005	0	6.0	900	6.0	1800	6.0	2700	6.0	3600	6.0	4500	6.0	5400	6.0	6300	6.0	7200	6.0	8100	6.0	9000	6.0	9900	6.0	10800	6.0	11700	0.0	12600	0.0	13500	0.0	14400	0.0	15300	0.0	16200	0.0	17100	0.0	18000	0.0	18900	0.0	19800	0.0	20700	0.0	21600	0.0	22500	0.0	23400	0.0	24300	0.0	25200	0.0	26100	0.0	27000	0.0	27900	0.0	28800	0.0	29700	0.0	30600	0.0	31500	0.0	32400	0.0	33300	0.0	34200	0.0	35100	0.0	36000	0.0
95	0	307.2857142857143	900	307.41818181818184	1800	307.55172413793105	2700	308.93333333333334	3600	311.30357142857144	4500	317.07042253521126	5400	359.53846153846155	6300	419.0	7200	324.18045112781954	8100	308.8767123287671	9000	309.4864864864865	9900	307.42857142857144	10800	306.63157894736844	11700	306.0	12600	0.0	13500	0.0	14400	0.0	15300	0.0	16200	0.0	17100	0.0	18000	0.0	18900	0.0	19800	0.0	20700	0.0	21600	0.0	22500	0.0	23400	0.0	24300	0.0	25200	0.0	26100	0.0	27000	0.0	27900	0.0	28800	0.0	29700	0.0	30600	0.0	31500	0.0	32400	0.0	33300	0.0	34200	0.0	35100	0.0	36000	0.0
98	0	936.0	900	912.0	1800	942.0	2700	942.0	3600	936.0	4500	937.0588235294117	5400	936.8	6300	940.1379310344828	7200	939.6521739130435	8100	929.1428571428571	9000	948.0	9900	948.0	10800	0.0	11700	0.0	12600	0.0	13500	0.0	14400	0.0	15300	0.0	16200	0.0	17100	0.0	18000	0.0	18900	0.0	19800	0.0	20700	0.0	21600	0.0	22500	0.0	23400	0.0	24300	0.0	25200	0.0	26100	0.0	27000	0.0	27900	0.0	28800	0.0	29700	0.0	30600	0.0	31500	0.0	32400	0.0	33300	0.0	34200	0.0	35100	0.0	36000	0.0
109	0	186.50704225352112	900	186.41584158415841	1800	186.38297872340425	2700	187.19277108433735	3600	188.56216216216217	4500	192.53731343283582	5400	204.62626262626262	6300	190.85593220338984	7200	189.10344827586206	8100	187.2089552238806	9000	186.7128712871287	9900	186.55045871559633	10800	186.0	11700	186.0	12600	0.0	13500	0.0	14400	0.0	15300	0.0	16200	0.0	17100	0.0	18000	0.0	18900	0.0	19800	0.0	20700	0.0	21600	0.0	22500	0.0	23400	0.0	24300	0.0	25200	0.0	26100	0.0	27000	0.0	27900	0.0	28800	0.0	29700	0.0	30600	0.0	31500	0.0	32400	0.0	33300	0.0	34200	0.0	35100	0.0	36000	0.0
2413	0	373.15384615384613	900	384.1818181818182	1800	400.2162162162162	2700	390.10714285714283	3600	412.0740740740741	4500	466.7878787878788	5400	582.9532710280374	6300	638.6170212765958	7200	551.5384615384615	8100	402.7659574468085	9000	393.3333333333333	9900	387.85714285714283	10800	400.42105263157896	11700	0.0	12600	0.0	13500	0.0	14400	0.0	15300	0.0	16200	0.0	17100	0.0	18000	0.0	18900	0.0	19800	0.0	20700	0.0	21600	0.0	22500	0.0	23400	0.0	24300	0.0	25200	0.0	26100	0.0	27000	0.0	27900	0.0	28800	0.0	29700	0.0	30600	0.0	31500	0.0	32400	0.0	33300	0.0	34200	0.0	35100	0.0	36000	0.0
1319013	0	6.0	900	6.0	1800	6.0	2700	6.0	3600	6.0	4500	6.0	5400	6.0	6300	6.0	7200	6.0	8100	6.0	9000	6.0	9900	6.0	10800	6.0	11700	6.0	12600	6.0	13500	0.0	14400	0.0	15300	0.0	16200	0.0	17100	0.0	18000	0.0	18900	0.0	19800	0.0	20700	0.0	21600	0.0	22500	0.0	23400	0.0	24300	0.0	25200	0.0	26100	0.0	27000	0.0	27900	0.0	28800	0.0	29700	0.0	30600	0.0	31500	0.0	32400	0.0	33300	0.0	34200	0.0	35100	0.0	36000	0.0
114	0	444.0	900	443.57142857142856	1800	444.0	2700	444.0	3600	444.0	4500	445.17857142857144	5400	444.0	6300	445.1162790697674	7200	444.0	8100	445.3333333333333	9000	444.3529411764706	9900	444.6666666666667	10800	446.4	11700	0.0	12600	0.0	13500	0.0	14400	0.0	15300	0.0	16200	0.0	17100	0.0	18000	0.0	18900	0.0	19800	0.0	20700	0.0	21600	0.0	22500	0.0	23400	0.0	24300	0.0	25200	0.0	26100	0.0	27000	0.0	27900	0.0	28800	0.0	29700	0.0	30600	0.0	31500	0.0	32400	0.0	33300	0.0	34200	0.0	35100	0.0	36000	0.0
2419024	0	6.0	900	6.0	1800	6.0	2700	6.0	3600	6.0	4500	6.0	5400	6.0	6300	6.0	7200	6.0	8100	6.0	9000	6.0	9900	6.0	10800	6.0	11700	6.0	12600	0.0	13500	0.0	14400	0.0	15300	0.0	16200	0.0	17100	0.0	18000	0.0	18900	0.0	19800	0.0	20700	0.0	21600	0.0	22500	0.0	23400	0.0	24300	0.0	25200	0.0	26100	0.0	27000	0.0	27900	0.0	28800	0.0	29700	0.0	30600	0.0	31500	0.0	32400	0.0	33300	0.0	34200	0.0	35100	0.0	36000	0.0
2421	0	226.54545454545453	900	226.5	1800	226.84615384615384	2700	237.8372093023256	3600	241.6969696969697	4500	241.32692307692307	5400	257.424	6300	254.89830508474577	7200	237.42056074766356	8100	227.78048780487805	9000	228.0	9900	226.23529411764707	10800	224.5	11700	228.0	12600	0.0	13500	0.0	14400	0.0	15300	0.0	16200	0.0	17100	0.0	18000	0.0	18900	0.0	19800	0.0	20700	0.0	21600	0.0	22500	0.0	23400	0.0	24300	0.0	25200	0.0	26100	0.0	27000	0.0	27900	0.0	28800	0.0	29700	0.0	30600	0.0	31500	0.0	32400	0.0	33300	0.0	34200	0.0	35100	0.0	36000	0.0
2423	0	145.28571428571428	900	147.27272727272728	1800	147.75	2700	146.25	3600	146.30769230769232	4500	147.6338028169014	5400	148.13114754098362	6300	147.0	7200	146.3265306122449	8100	146.64705882352942	9000	145.3846153846154	9900	145.63636363636363	10800	145.8	11700	0.0	12600	0.0	13500	0.0	14400	0.0	15300	0.0	16200	0.0	17100	0.0	18000	0.0	18900	0.0	19800	0.0	20700	0.0	21600	0.0	22500	0.0	23400	0.0	24300	0.0	25200	0.0	26100	0.0	27000	0.0	27900	0.0	28800	0.0	29700	0.0	30600	0.0	31500	0.0	32400	0.0	33300	0.0	34200	0.0	35100	0.0	36000	0.0
219002	0	6.0	900	6.0	1800	6.0	2700	6.0	3600	6.0	4500	6.0	5400	6.0	6300	6.0	7200	6.0	8100	6.0	9000	6.0	9900	6.0	10800	6.0	11700	6.0	12600	6.0	13500	0.0	14400	0.0	15300	0.0	16200	0.0	17100	0.0	18000	0.0	18900	0.0	19800	0.0	20700	0.0	21600	0.0	22500	0.0	23400	0.0	24300	0.0	25200	0.0	26100	0.0	27000	0.0	27900	0.0	28800	0.0	29700	0.0	30600	0.0	31500	0.0	32400	0.0	33300	0.0	34200	0.0	35100	0.0	36000	0.0
123	0	246.0	900	246.0	1800	246.0	2700	246.0	3600	246.0	4500	246.04918032786884	5400	246.2051282051282	6300	246.0	7200	246.13483146067415	8100	246.0	9000	246.13636363636363	9900	246.0	10800	246.0	11700	246.0	12600	0.0	13500	0.0	14400	0.0	15300	0.0	16200	0.0	17100	0.0	18000	0.0	18900	0.0	19800	0.0	20700	0.0	21600	0.0	22500	0.0	23400	0.0	24300	0.0	25200	0.0	26100	0.0	27000	0.0	27900	0.0	28800	0.0	29700	0.0	30600	0.0	31500	0.0	32400	0.0	33300	0.0	34200	0.0	35100	0.0	36000	0.0
1915	0	186.62337662337663	900	186.31914893617022	1800	186.68571428571428	2700	187.73584905660377	3600	189.75401069518716	4500	209.68269230769232	5400	260.42424242424244	6300	190.98039215686273	7200	188.08988764044943	8100	186.64864864864865	9000	186.5625	9900	186.40384615384616	10800	186.19354838709677	11700	0.0	12600	0.0	13500	0.0	14400	0.0	15300	0.0	16200	0.0	17100	0.0	18000	0.0	18900	0.0	19800	0.0	20700	0.0	21600	0.0	22500	0.0	23400	0.0	24300	0.0	25200	0.0	26100	0.0	27000	0.0	27900	0.0	28800	0.0	29700	0.0	30600	0.0	31500	0.0	32400	0.0	33300	0.0	34200	0.0	35100	0.0	36000	0.0
1917	0	157.39285714285714	900	159.03296703296704	1800	156.3116883116883	2700	183.140625	3600	248.08928571428572	4500	257.40845070422534	5400	346.3636363636364	6300	292.0188679245283	7200	222.0	8100	176.21428571428572	9000	156.83333333333334	9900	160.18421052631578	10800	155.78571428571428	11700	150.0	12600	0.0	13500	0.0	14400	0.0	15300	0.0	16200	0.0	17100	0.0	18000	0.0	18900	0.0	19800	0.0	20700	0.0	21600	0.0	22500	0.0	23400	0.0	24300	0.0	25200	0.0	26100	0.0	27000	0.0	27900	0.0	28800	0.0	29700	0.0	30600	0.0	31500	0.0	32400	0.0	33300	0.0	34200	0.0	35100	0.0	36000	0.0
1920	0	292.4	900	292.6363636363636	1800	292.85714285714283	2700	292.3448275862069	3600	294.0	4500	293.9277108433735	5400	314.0806451612903	6300	317.36538461538464	7200	294.0810810810811	8100	292.0851063829787	9000	292.5	9900	291.9	10800	290.57142857142856	11700	0.0	12600	0.0	13500	0.0	14400	0.0	15300	0.0	16200	0.0	17100	0.0	18000	0.0	18900	0.0	19800	0.0	20700	0.0	21600	0.0	22500	0.0	23400	0.0	24300	0.0	25200	0.0	26100	0.0	27000	0.0	27900	0.0	28800	0.0	29700	0.0	30600	0.0	31500	0.0	32400	0.0	33300	0.0	34200	0.0	35100	0.0	36000	0.0
1411	0	347.1111111111111	900	348.72727272727275	1800	348.1818181818182	2700	352.1470588235294	3600	352.7368421052632	4500	366.12371134020617	5400	429.11538461538464	6300	381.51063829787233	7200	350.32	8100	346.89473684210526	9000	347.6923076923077	9900	346.1818181818182	10800	349.09090909090907	11700	0.0	12600	0.0	13500	0.0	14400	0.0	15300	0.0	16200	0.0	17100	0.0	18000	0.0	18900	0.0	19800	0.0	20700	0.0	21600	0.0	22500	0.0	23400	0.0	24300	0.0	25200	0.0	26100	0.0	27000	0.0	27900	0.0	28800	0.0	29700	0.0	30600	0.0	31500	0.0	32400	0.0	33300	0.0	34200	0.0	35100	0.0	36000	0.0
901515	0	6.0	900	6.0	1800	6.0	2700	6.068965517241379	3600	6.035087719298246	4500	6.1400778210116735	5400	6.230769230769231	6300	6.108433734939759	7200	6.105263157894737	8100	6.0	9000	6.0	9900	6.0	10800	0.0	11700	0.0	12600	0.0	13500	0.0	14400	0.0	15300	0.0	16200	0.0	17100	0.0	18000	0.0	18900	0.0	19800	0.0	20700	0.0	21600	0.0	22500	0.0	23400	0.0	24300	0.0	25200	0.0	26100	0.0	27000	0.0	27900	0.0	28800	0.0	29700	0.0	30600	0.0	31500	0.0	32400	0.0	33300	0.0	34200	0.0	35100	0.0	36000	0.0
1415	0	356.44444444444446	900	356.7692307692308	1800	355.75	2700	358.09090909090907	3600	356.8	4500	363.3888888888889	5400	365.37142857142857	6300	357.20454545454544	7200	358.2	8100	356.8301886792453	9000	356.3076923076923	9900	356.6470588235294	10800	356.0	11700	360.0	12600	0.0	13500	0.0	14400	0.0	15300	0.0	16200	0.0	17100	0.0	18000	0.0	18900	0.0	19800	0.0	20700	0.0	21600	0.0	22500	0.0	23400	0.0	24300	0.0	25200	0.0	26100	0.0	27000	0.0	27900	0.0	28800	0.0	29700	0.0	30600	0.0	31500	0.0	32400	0.0	33300	0.0	34200	0.0	35100	0.0	36000	0.0
902020	0	6.2465753424657535	900	7.153846153846154	1800	6.16	2700	6.72972972972973	3600	6.662337662337662	4500	7.46606334841629	5400	6.951541850220265	6300	6.938775510204081	7200	6.775510204081633	8100	6.5	9000	6.986301369863014	9900	6.3896103896103895	10800	0.0	11700	0.0	12600	0.0	13500	0.0	14400	0.0	15300	0.0	16200	0.0	17100	0.0	18000	0.0	18900	0.0	19800	0.0	20700	0.0	21600	0.0	22500	0.0	23400	0.0	24300	0.0	25200	0.0	26100	0.0	27000	0.0	27900	0.0	28800	0.0	29700	0.0	30600	0.0	31500	0.0	32400	0.0	33300	0.0	34200	0.0	35100	0.0	36000	0.0
2319023	0	6.0	900	6.0	1800	6.0	2700	6.0	3600	6.0	4500	6.0	5400	6.0	6300	6.0	7200	6.0	8100	6.0	9000	6.0	9900	6.0	10800	6.0	11700	6.0	12600	0.0	13500	0.0	14400	0.0	15300	0.0	16200	0.0	17100	0.0	18000	0.0	18900	0.0	19800	0.0	20700	0.0	21600	0.0	22500	0.0	23400	0.0	24300	0.0	25200	0.0	26100	0.0	27000	0.0	27900	0.0	28800	0.0	29700	0.0	30600	0.0	31500	0.0	32400	0.0	33300	0.0	34200	0.0	35100	0.0	36000	0.0
1019010	0	6.0	900	6.0	1800	6.0	2700	6.0	3600	6.0	4500	6.0	5400	6.0	6300	6.0	7200	6.0	8100	6.0	9000	6.0	9900	6.0	10800	6.0	11700	6.0	12600	6.0	13500	0.0	14400	0.0	15300	0.0	16200	0.0	17100	0.0	18000	0.0	18900	0.0	19800	0.0	20700	0.0	21600	0.0	22500	0.0	23400	0.0	24300	0.0	25200	0.0	26100	0.0	27000	0.0	27900	0.0	28800	0.0	29700	0.0	30600	0.0	31500	0.0	32400	0.0	33300	0.0	34200	0.0	35100	0.0	36000	0.0
910	0	186.61764705882354	900	186.5	1800	186.2608695652174	2700	186.85714285714286	3600	188.4757281553398	4500	202.91764705882352	5400	197.70114942528735	6300	198.31578947368422	7200	187.70909090909092	8100	187.5	9000	187.04651162790697	9900	186.58064516129033	10800	186.0	11700	186.0	12600	0.0	13500	0.0	14400	0.0	15300	0.0	16200	0.0	17100	0.0	18000	0.0	18900	0.0	19800	0.0	20700	0.0	21600	0.0	22500	0.0	23400	0.0	24300	0.0	25200	0.0	26100	0.0	27000	0.0	27900	0.0	28800	0.0	29700	0.0	30600	0.0	31500	0.0	32400	0.0	33300	0.0	34200	0.0	35100	0.0	36000	0.0
1423	0	298.8	900	296.85714285714283	1800	297.0	2700	297.94736842105266	3600	302.26666666666665	4500	303.65625	5400	303.1111111111111	6300	300.28915662650604	7200	297.24	8100	298.25	9000	296.57142857142856	9900	297.27272727272725	10800	297.0	11700	0.0	12600	0.0	13500	0.0	14400	0.0	15300	0.0	16200	0.0	17100	0.0	18000	0.0	18900	0.0	19800	0.0	20700	0.0	21600	0.0	22500	0.0	23400	0.0	24300	0.0	25200	0.0	26100	0.0	27000	0.0	27900	0.0	28800	0.0	29700	0.0	30600	0.0	31500	0.0	32400	0.0	33300	0.0	34200	0.0	35100	0.0	36000	0.0
1819018	0	6.0	900	6.0	1800	6.0	2700	6.0	3600	6.0	4500	6.0	5400	6.0	6300	6.0	7200	6.0	8100	6.0	9000	6.0	9900	6.0	10800	6.0	11700	6.0	12600	0.0	13500	0.0	14400	0.0	15300	0.0	16200	0.0	17100	0.0	18000	0.0	18900	0.0	19800	0.0	20700	0.0	21600	0.0	22500	0.0	23400	0.0	24300	0.0	25200	0.0	26100	0.0	27000	0.0	27900	0.0	28800	0.0	29700	0.0	30600	0.0	31500	0.0	32400	0.0	33300	0.0	34200	0.0	35100	0.0	36000	0.0
719007	0	6.0	900	6.0	1800	6.0	2700	6.0	3600	6.0	4500	6.0	5400	6.0	6300	6.0	7200	6.0	8100	6.0	9000	6.0	9900	6.0	10800	6.0	11700	6.0	12600	0.0	13500	0.0	14400	0.0	15300	0.0	16200	0.0	17100	0.0	18000	0.0	18900	0.0	19800	0.0	20700	0.0	21600	0.0	22500	0.0	23400	0.0	24300	0.0	25200	0.0	26100	0.0	27000	0.0	27900	0.0	28800	0.0	29700	0.0	30600	0.0	31500	0.0	32400	0.0	33300	0.0	34200	0.0	35100	0.0	36000	0.0
90011	0	6.0	900	6.0	1800	6.0	2700	6.0	3600	6.0	4500	6.0	5400	6.0	6300	6.0	7200	6.0	8100	6.0	9000	6.0	9900	6.0	10800	6.0	11700	0.0	12600	0.0	13500	0.0	14400	0.0	15300	0.0	16200	0.0	17100	0.0	18000	0.0	18900	0.0	19800	0.0	20700	0.0	21600	0.0	22500	0.0	23400	0.0	24300	0.0	25200	0.0	26100	0.0	27000	0.0	27900	0.0	28800	0.0	29700	0.0	30600	0.0	31500	0.0	32400	0.0	33300	0.0	34200	0.0	35100	0.0	36000	0.0
411	0	446.2105263157895	900	444.0	1800	446.0	2700	447.3333333333333	3600	446.9268292682927	4500	488.6896551724138	5400	474.40909090909093	6300	456.3956043956044	7200	448.97727272727275	8100	445.69565217391306	9000	444.38709677419354	9900	445.4594594594595	10800	445.0	11700	0.0	12600	0.0	13500	0.0	14400	0.0	15300	0.0	16200	0.0	17100	0.0	18000	0.0	18900	0.0	19800	0.0	20700	0.0	21600	0.0	22500	0.0	23400	0.0	24300	0.0	25200	0.0	26100	0.0	27000	0.0	27900	0.0	28800	0.0	29700	0.0	30600	0.0	31500	0.0	32400	0.0	33300	0.0	34200	0.0	35100	0.0	36000	0.0
901010	0	6.56353591160221	900	6.745762711864407	1800	6.56353591160221	2700	7.467032967032967	3600	15.082872928176796	4500	339.32838589981446	5400	380.57142857142856	6300	419.29805013927574	7200	251.95013850415512	8100	260.6885245901639	9000	128.4406779661017	9900	92.38674033149171	10800	0.0	11700	0.0	12600	0.0	13500	0.0	14400	0.0	15300	0.0	16200	0.0	17100	0.0	18000	0.0	18900	0.0	19800	0.0	20700	0.0	21600	0.0	22500	0.0	23400	0.0	24300	0.0	25200	0.0	26100	0.0	27000	0.0	27900	0.0	28800	0.0	29700	0.0	30600	0.0	31500	0.0	32400	0.0	33300	0.0	34200	0.0	35100	0.0	36000	0.0
2215	0	188.5185185185185	900	193.55357142857142	1800	190.2941176470588	2700	206.2941176470588	3600	213.88235294117646	4500	255.93360995850622	5400	297.5409836065574	6300	282.4700460829493	7200	206.24561403508773	8100	192.27272727272728	9000	190.26506024096386	9900	189.54545454545453	10800	186.0	11700	186.0	12600	0.0	13500	0.0	14400	0.0	15300	0.0	16200	0.0	17100	0.0	18000	0.0	18900	0.0	19800	0.0	20700	0.0	21600	0.0	22500	0.0	23400	0.0	24300	0.0	25200	0.0	26100	0.0	27000	0.0	27900	0.0	28800	0.0	29700	0.0	30600	0.0	31500	0.0	32400	0.0	33300	0.0	34200	0.0	35100	0.0	36000	0.0
90022	0	6.0	900	6.8	1800	6.0	2700	6.352941176470588	3600	6.774193548387097	4500	6.913043478260869	5400	6.36734693877551	6300	6.0	7200	6.363636363636363	8100	6.0	9000	6.0	9900	6.0	10800	0.0	11700	0.0	12600	0.0	13500	0.0	14400	0.0	15300	0.0	16200	0.0	17100	0.0	18000	0.0	18900	0.0	19800	0.0	20700	0.0	21600	0.0	22500	0.0	23400	0.0	24300	0.0	25200	0.0	26100	0.0	27000	0.0	27900	0.0	28800	0.0	29700	0.0	30600	0.0	31500	0.0	32400	0.0	33300	0.0	34200	0.0	35100	0.0	36000	0.0
168	0	475.05882352941177	900	468.97297297297297	1800	471.5121951219512	2700	478.27272727272725	3600	495.7894736842105	4500	501.06976744186045	5400	581.056179775281	6300	483.25	7200	498.0882352941176	8100	466.2631578947368	9000	474.1463414634146	9900	469.6923076923077	10800	471.88235294117646	11700	456.0	12600	0.0	13500	0.0	14400	0.0	15300	0.0	16200	0.0	17100	0.0	18000	0.0	18900	0.0	19800	0.0	20700	0.0	21600	0.0	22500	0.0	23400	0.0	24300	0.0	25200	0.0	26100	0.0	27000	0.0	27900	0.0	28800	0.0	29700	0.0	30600	0.0	31500	0.0	32400	0.0	33300	0.0	34200	0.0	35100	0.0	36000	0.0
2220	0	358.84615384615387	900	358.95652173913044	1800	359.7931034482759	2700	363.2647058823529	3600	362.8101265822785	4500	370.61538461538464	5400	401.5074626865672	6300	369.15384615384613	7200	362.7741935483871	8100	360.1276595744681	9000	358.90909090909093	9900	360.51063829787233	10800	359.0	11700	0.0	12600	0.0	13500	0.0	14400	0.0	15300	0.0	16200	0.0	17100	0.0	18000	0.0	18900	0.0	19800	0.0	20700	0.0	21600	0.0	22500	0.0	23400	0.0	24300	0.0	25200	0.0	26100	0.0	27000	0.0	27900	0.0	28800	0.0	29700	0.0	30600	0.0	31500	0.0	32400	0.0	33300	0.0	34200	0.0	35100	0.0	36000	0.0
2221	0	142.28571428571428	900	142.6153846153846	1800	144.0	2700	145.25	3600	150.6782608695652	4500	164.17322834645668	5400	152.64864864864865	6300	147.09278350515464	7200	147.52173913043478	8100	145.11864406779662	9000	144.55384615384617	9900	143.54716981132074	10800	143.64705882352942	11700	138.0	12600	0.0	13500	0.0	14400	0.0	15300	0.0	16200	0.0	17100	0.0	18000	0.0	18900	0.0	19800	0.0	20700	0.0	21600	0.0	22500	0.0	23400	0.0	24300	0.0	25200	0.0	26100	0.0	27000	0.0	27900	0.0	28800	0.0	29700	0.0	30600	0.0	31500	0.0	32400	0.0	33300	0.0	34200	0.0	35100	0.0	36000	0.0
1710	0	582.0	900	582.0	1800	580.0	2700	582.4864864864865	3600	582.0	4500	583.6901408450705	5400	589.0263157894736	6300	581.8636363636364	7200	582.1363636363636	8100	582.0	9000	581.2173913043479	9900	581.2941176470588	10800	576.0	11700	0.0	12600	0.0	13500	0.0	14400	0.0	15300	0.0	16200	0.0	17100	0.0	18000	0.0	18900	0.0	19800	0.0	20700	0.0	21600	0.0	22500	0.0	23400	0.0	24300	0.0	25200	0.0	26100	0.0	27000	0.0	27900	0.0	28800	0.0	29700	0.0	30600	0.0	31500	0.0	32400	0.0	33300	0.0	34200	0.0	35100	0.0	36000	0.0
2223	0	292.2352941176471	900	292.57142857142856	1800	292.72727272727275	2700	294.6923076923077	3600	295.7922077922078	4500	309.0927835051546	5400	336.79411764705884	6300	351.5229357798165	7200	299.85714285714283	8100	296.67857142857144	9000	292.61538461538464	9900	294.6666666666667	10800	292.4	11700	0.0	12600	0.0	13500	0.0	14400	0.0	15300	0.0	16200	0.0	17100	0.0	18000	0.0	18900	0.0	19800	0.0	20700	0.0	21600	0.0	22500	0.0	23400	0.0	24300	0.0	25200	0.0	26100	0.0	27000	0.0	27900	0.0	28800	0.0	29700	0.0	30600	0.0	31500	0.0	32400	0.0	33300	0.0	34200	0.0	35100	0.0	36000	0.0
90033	0	6.0	900	6.0	1800	6.0	2700	6.0	3600	6.0	4500	6.0	5400	6.0	6300	6.0	7200	6.0	8100	6.0	9000	6.0	9900	6.0	10800	0.0	11700	0.0	12600	0.0	13500	0.0	14400	0.0	15300	0.0	16200	0.0	17100	0.0	18000	0.0	18900	0.0	19800	0.0	20700	0.0	21600	0.0	22500	0.0	23400	0.0	24300	0.0	25200	0.0	26100	0.0	27000	0.0	27900	0.0	28800	0.0	29700	0.0	30600	0.0	31500	0.0	32400	0.0	33300	0.0	34200	0.0	35100	0.0	36000	0.0
1519015	0	6.0	900	6.0	1800	6.0	2700	6.0	3600	6.0	4500	6.0	5400	6.0	6300	6.0	7200	6.0	8100	6.0	9000	6.0	9900	6.0	10800	6.0	11700	6.0	12600	0.0	13500	0.0	14400	0.0	15300	0.0	16200	0.0	17100	0.0	18000	0.0	18900	0.0	19800	0.0	20700	0.0	21600	0.0	22500	0.0	23400	0.0	24300	0.0	25200	0.0	26100	0.0	27000	0.0	27900	0.0	28800	0.0	29700	0.0	30600	0.0	31500	0.0	32400	0.0	33300	0.0	34200	0.0	35100	0.0	36000	0.0
1716	0	144.0	900	146.4516129032258	1800	144.21951219512195	2700	144.62857142857143	3600	152.64406779661016	4500	177.74468085106383	5400	247.44525547445255	6300	170.1818181818182	7200	147.87272727272727	8100	143.8181818181818	9000	143.23809523809524	9900	145.3012048192771	10800	142.5	11700	144.0	12600	0.0	13500	0.0	14400	0.0	15300	0.0	16200	0.0	17100	0.0	18000	0.0	18900	0.0	19800	0.0	20700	0.0	21600	0.0	22500	0.0	23400	0.0	24300	0.0	25200	0.0	26100	0.0	27000	0.0	27900	0.0	28800	0.0	29700	0.0	30600	0.0	31500	0.0	32400	0.0	33300	0.0	34200	0.0	35100	0.0	36000	0.0
1719	0	154.8	900	157.58333333333334	1800	156.16	2700	207.09230769230768	3600	211.64150943396226	4500	237.10638297872342	5400	342.6942148760331	6300	342.297520661157	7200	342.1	8100	340.55357142857144	9000	169.07142857142858	9900	155.05714285714285	10800	153.0	11700	151.0	12600	0.0	13500	0.0	14400	0.0	15300	0.0	16200	0.0	17100	0.0	18000	0.0	18900	0.0	19800	0.0	20700	0.0	21600	0.0	22500	0.0	23400	0.0	24300	0.0	25200	0.0	26100	0.0	27000	0.0	27900	0.0	28800	0.0	29700	0.0	30600	0.0	31500	0.0	32400	0.0	33300	0.0	34200	0.0	35100	0.0	36000	0.0
901818	0	6.0	900	6.0	1800	6.0	2700	6.0	3600	6.0	4500	6.0	5400	6.101694915254237	6300	6.162162162162162	7200	6.0	8100	6.0	9000	6.0	9900	6.0	10800	0.0	11700	0.0	12600	0.0	13500	0.0	14400	0.0	15300	0.0	16200	0.0	17100	0.0	18000	0.0	18900	0.0	19800	0.0	20700	0.0	21600	0.0	22500	0.0	23400	0.0	24300	0.0	25200	0.0	26100	0.0	27000	0.0	27900	0.0	28800	0.0	29700	0.0	30600	0.0	31500	0.0	32400	0.0	33300	0.0	34200	0.0	35100	0.0	36000	0.0
419004	0	6.0	900	6.0	1800	6.0	2700	6.0	3600	6.0	4500	6.0	5400	6.0	6300	6.0	7200	6.0	8100	6.0	9000	6.0	9900	6.0	10800	6.0	11700	6.0	12600	0.0	13500	0.0	14400	0.0	15300	0.0	16200	0.0	17100	0.0	18000	0.0	18900	0.0	19800	0.0	20700	0.0	21600	0.0	22500	0.0	23400	0.0	24300	0.0	25200	0.0	26100	0.0	27000	0.0	27900	0.0	28800	0.0	29700	0.0	30600	0.0	31500	0.0	32400	0.0	33300	0.0	34200	0.0	35100	0.0	36000	0.0
1211	0	445.5	900	446.9189189189189	1800	447.2307692307692	2700	446.2758620689655	3600	448.5	4500	483.0	5400	483.9782608695652	6300	465.9344262295082	7200	449.1290322580645	8100	447.0810810810811	9000	445.6666666666667	9900	444.5	10800	442.5	11700	0.0	12600	0.0	13500	0.0	14400	0.0	15300	0.0	16200	0.0	17100	0.0	18000	0.0	18900	0.0	19800	0.0	20700	0.0	21600	0.0	22500	0.0	23400	0.0	24300	0.0	25200	0.0	26100	0.0	27000	0.0	27900	0.0	28800	0.0	29700	0.0	30600	0.0	31500	0.0	32400	0.0	33300	0.0	34200	0.0	35100	0.0	36000	0.0
187	0	126.0	900	126.0	1800	126.0	2700	126.06382978723404	3600	126.08450704225352	4500	126.20338983050847	5400	126.3076923076923	6300	126.21818181818182	7200	126.140625	8100	126.11881188118812	9000	126.0	9900	126.0	10800	126.0	11700	126.0	12600	0.0	13500	0.0	14400	0.0	15300	0.0	16200	0.0	17100	0.0	18000	0.0	18900	0.0	19800	0.0	20700	0.0	21600	0.0	22500	0.0	23400	0.0	24300	0.0	25200	0.0	26100	0.0	27000	0.0	27900	0.0	28800	0.0	29700	0.0	30600	0.0	31500	0.0	32400	0.0	33300	0.0	34200	0.0	35100	0.0	36000	0.0
1213	0	187.5	900	186.75	1800	186.65217391304347	2700	187.06666666666666	3600	187.33333333333334	4500	204.25899280575538	5400	299.2916666666667	6300	261.88965517241377	7200	214.74545454545455	8100	186.72972972972974	9000	186.26865671641792	9900	186.91525423728814	10800	186.85714285714286	11700	186.0	12600	186.0	13500	0.0	14400	0.0	15300	0.0	16200	0.0	17100	0.0	18000	0.0	18900	0.0	19800	0.0	20700	0.0	21600	0.0	22500	0.0	23400	0.0	24300	0.0	25200	0.0	26100	0.0	27000	0.0	27900	0.0	28800	0.0	29700	0.0	30600	0.0	31500	0.0	32400	0.0	33300	0.0	34200	0.0	35100	0.0	36000	0.0
90044	0	6.0	900	6.127659574468085	1800	6.612244897959184	2700	6.260869565217392	3600	6.25531914893617	4500	7.094890510948905	5400	8.058394160583942	6300	8.125	7200	8.589473684210526	8100	6.409090909090909	9000	6.244897959183674	9900	6.130434782608695	10800	6.0	11700	0.0	12600	0.0	13500	0.0	14400	0.0	15300	0.0	16200	0.0	17100	0.0	18000	0.0	18900	0.0	19800	0.0	20700	0.0	21600	0.0	22500	0.0	23400	0.0	24300	0.0	25200	0.0	26100	0.0	27000	0.0	27900	0.0	28800	0.0	29700	0.0	30600	0.0	31500	0.0	32400	0.0	33300	0.0	34200	0.0	35100	0.0	36000	0.0
902323	0	7.157894736842105	900	7.111111111111111	1800	7.0	2700	7.913793103448276	3600	7.758620689655173	4500	11.228070175438596	5400	9.942857142857143	6300	7.487179487179487	7200	9.026548672566372	8100	7.322033898305085	9000	6.931034482758621	9900	7.551724137931035	10800	6.0	11700	0.0	12600	0.0	13500	0.0	14400	0.0	15300	0.0	16200	0.0	17100	0.0	18000	0.0	18900	0.0	19800	0.0	20700	0.0	21600	0.0	22500	0.0	23400	0.0	24300	0.0	25200	0.0	26100	0.0	27000	0.0	27900	0.0	28800	0.0	29700	0.0	30600	0.0	31500	0.0	32400	0.0	33300	0.0	34200	0.0	35100	0.0	36000	0.0
90055	0	6.0	900	6.24	1800	6.0	2700	6.244897959183674	3600	6.244897959183674	4500	6.575342465753424	5400	6.410958904109589	6300	6.25	7200	6.24	8100	6.0	9000	6.5	9900	6.24	10800	0.0	11700	0.0	12600	0.0	13500	0.0	14400	0.0	15300	0.0	16200	0.0	17100	0.0	18000	0.0	18900	0.0	19800	0.0	20700	0.0	21600	0.0	22500	0.0	23400	0.0	24300	0.0	25200	0.0	26100	0.0	27000	0.0	27900	0.0	28800	0.0	29700	0.0	30600	0.0	31500	0.0	32400	0.0	33300	0.0	34200	0.0	35100	0.0	36000	0.0
901313	0	6.526315789473684	900	6.813559322033898	1800	6.39344262295082	2700	6.75	3600	6.730434782608696	4500	7.151162790697675	5400	13.694915254237289	6300	8.741379310344827	7200	7.9	8100	6.290322580645161	9000	6.590163934426229	9900	7.322033898305085	10800	0.0	11700	0.0	12600	0.0	13500	0.0	14400	0.0	15300	0.0	16200	0.0	17100	0.0	18000	0.0	18900	0.0	19800	0.0	20700	0.0	21600	0.0	22500	0.0	23400	0.0	24300	0.0	25200	0.0	26100	0.0	27000	0.0	27900	0.0	28800	0.0	29700	0.0	30600	0.0	31500	0.0	32400	0.0	33300	0.0	34200	0.0	35100	0.0	36000	0.0
718	0	126.0	900	126.0	1800	126.0	2700	126.05607476635514	3600	126.0	4500	126.06282722513089	5400	126.48571428571428	6300	126.20930232558139	7200	126.03921568627452	8100	126.0	9000	126.08333333333333	9900	126.0	10800	126.0	11700	126.0	12600	0.0	13500	0.0	14400	0.0	15300	0.0	16200	0.0	17100	0.0	18000	0.0	18900	0.0	19800	0.0	20700	0.0	21600	0.0	22500	0.0	23400	0.0	24300	0.0	25200	0.0	26100	0.0	27000	0.0	27900	0.0	28800	0.0	29700	0.0	30600	0.0	31500	0.0	32400	0.0	33300	0.0	34200	0.0	35100	0.0	36000	0.0
2019020	0	6.0	900	6.0	1800	6.0	2700	6.0	3600	6.0	4500	6.0	5400	6.0	6300	6.0	7200	6.0	8100	6.0	9000	6.0	9900	6.0	10800	6.0	11700	6.0	12600	0.0	13500	0.0	14400	0.0	15300	0.0	16200	0.0	17100	0.0	18000	0.0	18900	0.0	19800	0.0	20700	0.0	21600	0.0	22500	0.0	23400	0.0	24300	0.0	25200	0.0	26100	0.0	27000	0.0	27900	0.0	28800	0.0	29700	0.0	30600	0.0	31500	0.0	32400	0.0	33300	0.0	34200	0.0	35100	0.0	36000	0.0
90066	0	6.6	900	6.857142857142857	1800	6.214285714285714	2700	6.857142857142857	3600	7.142857142857143	4500	7.043478260869565	5400	7.280898876404494	6300	7.967213114754099	7200	7.354838709677419	8100	6.642857142857143	9000	6.0	9900	6.857142857142857	10800	0.0	11700	0.0	12600	0.0	13500	0.0	14400	0.0	15300	0.0	16200	0.0	17100	0.0	18000	0.0	18900	0.0	19800	0.0	20700	0.0	21600	0.0	22500	0.0	23400	0.0	24300	0.0	25200	0.0	26100	0.0	27000	0.0	27900	0.0	28800	0.0	29700	0.0	30600	0.0	31500	0.0	32400	0.0	33300	0.0	34200	0.0	35100	0.0	36000	0.0
1219012	0	6.0	900	6.0	1800	6.0	2700	6.0	3600	6.0	4500	6.0	5400	6.0	6300	6.0	7200	6.0	8100	6.0	9000	6.0	9900	6.0	10800	6.0	11700	6.0	12600	6.0	13500	0.0	14400	0.0	15300	0.0	16200	0.0	17100	0.0	18000	0.0	18900	0.0	19800	0.0	20700	0.0	21600	0.0	22500	0.0	23400	0.0	24300	0.0	25200	0.0	26100	0.0	27000	0.0	27900	0.0	28800	0.0	29700	0.0	30600	0.0	31500	0.0	32400	0.0	33300	0.0	34200	0.0	35100	0.0	36000	0.0
119001	0	6.0	900	6.0	1800	6.0	2700	6.0	3600	6.0	4500	6.0	5400	6.0	6300	6.0	7200	6.0	8100	6.0	9000	6.0	9900	6.0	10800	6.0	11700	6.0	12600	0.0	13500	0.0	14400	0.0	15300	0.0	16200	0.0	17100	0.0	18000	0.0	18900	0.0	19800	0.0	20700	0.0	21600	0.0	22500	0.0	23400	0.0	24300	0.0	25200	0.0	26100	0.0	27000	0.0	27900	0.0	28800	0.0	29700	0.0	30600	0.0	31500	0.0	32400	0.0	33300	0.0	34200	0.0	35100	0.0	36000	0.0
90077	0	6.244897959183674	900	6.122448979591836	1800	6.0	2700	6.0638297872340425	3600	6.580645161290323	4500	6.657534246575342	5400	6.5793103448275865	6300	6.489795918367347	7200	6.0	8100	6.0	9000	6.127659574468085	9900	6.0	10800	0.0	11700	0.0	12600	0.0	13500	0.0	14400	0.0	15300	0.0	16200	0.0	17100	0.0	18000	0.0	18900	0.0	19800	0.0	20700	0.0	21600	0.0	22500	0.0	23400	0.0	24300	0.0	25200	0.0	26100	0.0	27000	0.0	27900	0.0	28800	0.0	29700	0.0	30600	0.0	31500	0.0	32400	0.0	33300	0.0	34200	0.0	35100	0.0	36000	0.0
2018	0	246.0	900	246.0	1800	246.0	2700	246.0	3600	246.12413793103448	4500	246.46376811594203	5400	246.4921875	6300	246.09375	7200	246.03947368421052	8100	246.0	9000	246.0	9900	246.0	10800	246.0	11700	0.0	12600	0.0	13500	0.0	14400	0.0	15300	0.0	16200	0.0	17100	0.0	18000	0.0	18900	0.0	19800	0.0	20700	0.0	21600	0.0	22500	0.0	23400	0.0	24300	0.0	25200	0.0	26100	0.0	27000	0.0	27900	0.0	28800	0.0	29700	0.0	30600	0.0	31500	0.0	32400	0.0	33300	0.0	34200	0.0	35100	0.0	36000	0.0
2019	0	292.5	900	293.8	1800	294.0	2700	294.6268656716418	3600	295.83529411764704	4500	313.43119266055044	5400	305.6842105263158	6300	296.65822784810126	7200	298.78723404255317	8100	295.61538461538464	9000	293.05882352941177	9900	294.1363636363636	10800	291.6	11700	0.0	12600	0.0	13500	0.0	14400	0.0	15300	0.0	16200	0.0	17100	0.0	18000	0.0	18900	0.0	19800	0.0	20700	0.0	21600	0.0	22500	0.0	23400	0.0	24300	0.0	25200	0.0	26100	0.0	27000	0.0	27900	0.0	28800	0.0	29700	0.0	30600	0.0	31500	0.0	32400	0.0	33300	0.0	34200	0.0	35100	0.0	36000	0.0
902121	0	6.27906976744186	900	6.666666666666667	1800	6.27906976744186	2700	6.627906976744186	3600	6.827586206896552	4500	7.255813953488372	5400	7.3023255813953485	6300	7.046511627906977	7200	6.413793103448276	8100	6.51063829787234	9000	6.681818181818182	9900	6.391304347826087	10800	0.0	11700	0.0	12600	0.0	13500	0.0	14400	0.0	15300	0.0	16200	0.0	17100	0.0	18000	0.0	18900	0.0	19800	0.0	20700	0.0	21600	0.0	22500	0.0	23400	0.0	24300	0.0	25200	0.0	26100	0.0	27000	0.0	27900	0.0	28800	0.0	29700	0.0	30600	0.0	31500	0.0	32400	0.0	33300	0.0	34200	0.0	35100	0.0	36000	0.0
2021	0	432.0	900	431.45454545454544	1800	430.7142857142857	2700	432.2	3600	433.13513513513516	4500	434.11764705882354	5400	434.2758620689655	6300	432.91525423728814	7200	431.4782608695652	8100	431.77777777777777	9000	432.24	9900	431.4	10800	430.0	11700	0.0	12600	0.0	13500	0.0	14400	0.0	15300	0.0	16200	0.0	17100	0.0	18000	0.0	18900	0.0	19800	0.0	20700	0.0	21600	0.0	22500	0.0	23400	0.0	24300	0.0	25200	0.0	26100	0.0	27000	0.0	27900	0.0	28800	0.0	29700	0.0	30600	0.0	31500	0.0	32400	0.0	33300	0.0	34200	0.0	35100	0.0	36000	0.0
1510	0	366.0	900	366.15	1800	366.2637362637363	2700	366.60869565217394	3600	367.7142857142857	4500	376.3809523809524	5400	380.9183673469388	6300	371.7570850202429	7200	368.95336787564764	8100	367.0344827586207	9000	366.1363636363636	9900	366.1333333333333	10800	366.34285714285716	11700	0.0	12600	0.0	13500	0.0	14400	0.0	15300	0.0	16200	0.0	17100	0.0	18000	0.0	18900	0.0	19800	0.0	20700	0.0	21600	0.0	22500	0.0	23400	0.0	24300	0.0	25200	0.0	26100	0.0	27000	0.0	27900	0.0	28800	0.0	29700	0.0	30600	0.0	31500	0.0	32400	0.0	33300	0.0	34200	0.0	35100	0.0	36000	0.0
2022	0	357.2	900	358.2	1800	360.3333333333333	2700	358.9655172413793	3600	361.27659574468083	4500	366.75	5400	390.6341463414634	6300	367.16129032258067	7200	362.27848101265823	8100	360.1333333333333	9000	359.76	9900	359.2	10800	357.6	11700	360.0	12600	0.0	13500	0.0	14400	0.0	15300	0.0	16200	0.0	17100	0.0	18000	0.0	18900	0.0	19800	0.0	20700	0.0	21600	0.0	22500	0.0	23400	0.0	24300	0.0	25200	0.0	26100	0.0	27000	0.0	27900	0.0	28800	0.0	29700	0.0	30600	0.0	31500	0.0	32400	0.0	33300	0.0	34200	0.0	35100	0.0	36000	0.0
90088	0	6.7272727272727275	900	6.636363636363637	1800	7.125	2700	7.911111111111111	3600	7.445255474452555	4500	8.081632653061224	5400	11.185929648241206	6300	10.781954887218046	7200	9.34351145038168	8100	7.371428571428571	9000	6.358208955223881	9900	7.5	10800	6.0	11700	0.0	12600	0.0	13500	0.0	14400	0.0	15300	0.0	16200	0.0	17100	0.0	18000	0.0	18900	0.0	19800	0.0	20700	0.0	21600	0.0	22500	0.0	23400	0.0	24300	0.0	25200	0.0	26100	0.0	27000	0.0	27900	0.0	28800	0.0	29700	0.0	30600	0.0	31500	0.0	32400	0.0	33300	0.0	34200	0.0	35100	0.0	36000	0.0
1514	0	354.42857142857144	900	356.75	1800	355.6363636363636	2700	355.7368421052632	3600	357.6363636363636	4500	359.4878048780488	5400	364.16326530612247	6300	362.1290322580645	7200	356.67857142857144	8100	355.7368421052632	9000	355.0	9900	356.25	10800	355.38461538461536	11700	0.0	12600	0.0	13500	0.0	14400	0.0	15300	0.0	16200	0.0	17100	0.0	18000	0.0	18900	0.0	19800	0.0	20700	0.0	21600	0.0	22500	0.0	23400	0.0	24300	0.0	25200	0.0	26100	0.0	27000	0.0	27900	0.0	28800	0.0	29700	0.0	30600	0.0	31500	0.0	32400	0.0	33300	0.0	34200	0.0	35100	0.0	36000	0.0
1519	0	188.1081081081081	900	190.63366336633663	1800	188.6875	2700	197.87755102040816	3600	191.83561643835617	4500	201.4468085106383	5400	207.87192118226602	6300	190.83018867924528	7200	193.68	8100	187.58823529411765	9000	188.24242424242425	9900	187.4318181818182	10800	186.0	11700	0.0	12600	0.0	13500	0.0	14400	0.0	15300	0.0	16200	0.0	17100	0.0	18000	0.0	18900	0.0	19800	0.0	20700	0.0	21600	0.0	22500	0.0	23400	0.0	24300	0.0	25200	0.0	26100	0.0	27000	0.0	27900	0.0	28800	0.0	29700	0.0	30600	0.0	31500	0.0	32400	0.0	33300	0.0	34200	0.0	35100	0.0	36000	0.0
919009	0	6.0	900	6.0	1800	6.0	2700	6.0	3600	6.0	4500	6.0	5400	6.0	6300	6.0	7200	6.0	8100	6.0	9000	6.0	9900	6.0	10800	6.0	11700	6.0	12600	6.0	13500	0.0	14400	0.0	15300	0.0	16200	0.0	17100	0.0	18000	0.0	18900	0.0	19800	0.0	20700	0.0	21600	0.0	22500	0.0	23400	0.0	24300	0.0	25200	0.0	26100	0.0	27000	0.0	27900	0.0	28800	0.0	29700	0.0	30600	0.0	31500	0.0	32400	0.0	33300	0.0	34200	0.0	35100	0.0	36000	0.0
1522	0	193.57894736842104	900	189.88235294117646	1800	193.02564102564102	2700	217.38983050847457	3600	229.01408450704224	4500	265.25096525096524	5400	314.7883817427386	6300	274.2680412371134	7200	213.1578947368421	8100	204.6375	9000	190.03960396039605	9900	190.6153846153846	10800	187.42105263157896	11700	0.0	12600	0.0	13500	0.0	14400	0.0	15300	0.0	16200	0.0	17100	0.0	18000	0.0	18900	0.0	19800	0.0	20700	0.0	21600	0.0	22500	0.0	23400	0.0	24300	0.0	25200	0.0	26100	0.0	27000	0.0	27900	0.0	28800	0.0	29700	0.0	30600	0.0	31500	0.0	32400	0.0	33300	0.0	34200	0.0	35100	0.0	36000	0.0
90099	0	6.09375	900	6.0	1800	6.095238095238095	2700	6.092307692307692	3600	6.091603053435114	4500	6.155440414507772	5400	6.363636363636363	6300	6.476190476190476	7200	6.318181818181818	8100	6.1	9000	6.0	9900	6.085714285714285	10800	0.0	11700	0.0	12600	0.0	13500	0.0	14400	0.0	15300	0.0	16200	0.0	17100	0.0	18000	0.0	18900	0.0	19800	0.0	20700	0.0	21600	0.0	22500	0.0	23400	0.0	24300	0.0	25200	0.0	26100	0.0	27000	0.0	27900	0.0	28800	0.0	29700	0.0	30600	0.0	31500	0.0	32400	0.0	33300	0.0	34200	0.0	35100	0.0	36000	0.0
1011	0	307.59375	900	308.3544303797468	1800	309.82978723404256	2700	323.1914893617021	3600	357.72549019607845	4500	374.0914285714286	5400	415.8	6300	378.88732394366195	7200	335.7945205479452	8100	311.8421052631579	9000	310.63366336633663	9900	307.2289156626506	10800	306.0	11700	306.0	12600	0.0	13500	0.0	14400	0.0	15300	0.0	16200	0.0	17100	0.0	18000	0.0	18900	0.0	19800	0.0	20700	0.0	21600	0.0	22500	0.0	23400	0.0	24300	0.0	25200	0.0	26100	0.0	27000	0.0	27900	0.0	28800	0.0	29700	0.0	30600	0.0	31500	0.0	32400	0.0	33300	0.0	34200	0.0	35100	0.0	36000	0.0
1719017	0	6.0	900	6.0	1800	6.0	2700	6.0	3600	6.0	4500	6.0	5400	6.0	6300	6.0	7200	6.0	8100	6.0	9000	6.0	9900	6.0	10800	6.0	11700	6.0	12600	0.0	13500	0.0	14400	0.0	15300	0.0	16200	0.0	17100	0.0	18000	0.0	18900	0.0	19800	0.0	20700	0.0	21600	0.0	22500	0.0	23400	0.0	24300	0.0	25200	0.0	26100	0.0	27000	0.0	27900	0.0	28800	0.0	29700	0.0	30600	0.0	31500	0.0	32400	0.0	33300	0.0	34200	0.0	35100	0.0	36000	0.0
1015	0	366.2368421052632	900	366.3956043956044	1800	366.2168674698795	2700	367.125	3600	367.3743016759777	4500	373.1307692307692	5400	379.4468085106383	6300	368.34065934065933	7200	368.0855614973262	8100	366.52941176470586	9000	366.27272727272725	9900	366.3125	10800	366.0	11700	0.0	12600	0.0	13500	0.0	14400	0.0	15300	0.0	16200	0.0	17100	0.0	18000	0.0	18900	0.0	19800	0.0	20700	0.0	21600	0.0	22500	0.0	23400	0.0	24300	0.0	25200	0.0	26100	0.0	27000	0.0	27900	0.0	28800	0.0	29700	0.0	30600	0.0	31500	0.0	32400	0.0	33300	0.0	34200	0.0	35100	0.0	36000	0.0
619006	0	6.0	900	6.0	1800	6.0	2700	6.0	3600	6.0	4500	6.0	5400	6.0	6300	6.0	7200	6.0	8100	6.0	9000	6.0	9900	6.0	10800	6.0	11700	6.0	12600	0.0	13500	0.0	14400	0.0	15300	0.0	16200	0.0	17100	0.0	18000	0.0	18900	0.0	19800	0.0	20700	0.0	21600	0.0	22500	0.0	23400	0.0	24300	0.0	25200	0.0	26100	0.0	27000	0.0	27900	0.0	28800	0.0	29700	0.0	30600	0.0	31500	0.0	32400	0.0	33300	0.0	34200	0.0	35100	0.0	36000	0.0
1016	0	419.4782608695652	900	415.8181818181818	1800	406.258064516129	2700	421.25581395348837	3600	569.1964285714286	4500	674.3181818181819	5400	675.1034482758621	6300	667.1460674157304	7200	660.6	8100	672.0681818181819	9000	676.4827586206897	9900	670.9213483146067	10800	664.8510638297872	11700	0.0	12600	0.0	13500	0.0	14400	0.0	15300	0.0	16200	0.0	17100	0.0	18000	0.0	18900	0.0	19800	0.0	20700	0.0	21600	0.0	22500	0.0	23400	0.0	24300	0.0	25200	0.0	26100	0.0	27000	0.0	27900	0.0	28800	0.0	29700	0.0	30600	0.0	31500	0.0	32400	0.0	33300	0.0	34200	0.0	35100	0.0	36000	0.0
1017	0	578.0	900	579.6	1800	582.0	2700	581.3793103448276	3600	998.2222222222222	4500	1220.3720930232557	5400	643.9701492537314	6300	710.4782608695652	7200	737.0	8100	582.2	9000	582.0	9900	581.25	10800	581.3684210526316	11700	580.0	12600	0.0	13500	0.0	14400	0.0	15300	0.0	16200	0.0	17100	0.0	18000	0.0	18900	0.0	19800	0.0	20700	0.0	21600	0.0	22500	0.0	23400	0.0	24300	0.0	25200	0.0	26100	0.0	27000	0.0	27900	0.0	28800	0.0	29700	0.0	30600	0.0	31500	0.0	32400	0.0	33300	0.0	34200	0.0	35100	0.0	36000	0.0
901111	0	6.269662921348314	900	6.4772727272727275	1800	6.978260869565218	2700	7.3559322033898304	3600	7.465909090909091	4500	8.059701492537313	5400	11.33085501858736	6300	8.965909090909092	7200	7.039106145251397	8100	6.606741573033708	9000	6.551724137931035	9900	6.638297872340425	10800	0.0	11700	0.0	12600	0.0	13500	0.0	14400	0.0	15300	0.0	16200	0.0	17100	0.0	18000	0.0	18900	0.0	19800	0.0	20700	0.0	21600	0.0	22500	0.0	23400	0.0	24300	0.0	25200	0.0	26100	0.0	27000	0.0	27900	0.0	28800	0.0	29700	0.0	30600	0.0	31500	0.0	32400	0.0	33300	0.0	34200	0.0	35100	0.0	36000	0.0
901616	0	7.281553398058253	900	8.470588235294118	1800	9.226415094339623	2700	8.869565217391305	3600	16.528846153846153	4500	484.4664536741214	5400	950.961038961039	6300	992.0285714285715	7200	910.5497630331754	8100	739.8823529411765	9000	604.4859813084112	9900	409.47169811320754	10800	6.0	11700	0.0	12600	0.0	13500	0.0	14400	0.0	15300	0.0	16200	0.0	17100	0.0	18000	0.0	18900	0.0	19800	0.0	20700	0.0	21600	0.0	22500	0.0	23400	0.0	24300	0.0	25200	0.0	26100	0.0	27000	0.0	27900	0.0	28800	0.0	29700	0.0	30600	0.0	31500	0.0	32400	0.0	33300	0.0	34200	0.0	35100	0.0	36000	0.0
