29479	6	0.8924050632911392	902424	2421	2122	2215	1510	1019010
36876	6	0.08227848101265822	902424	2423	2322	2215	1510	1019010
38352	6	0.02531645569620253	902424	2423	2314	1415	1510	1019010
29183	4	1.0	902424	2413	1312	1219012
29297	3	1.0	902424	2413	1319013
29253	5	0.8955223880597015	902424	2421	2122	2215	1519015
37164	5	0.1044776119402985	902424	2423	2322	2215	1519015
28851	3	1.0	902424	2421	2119021
29265	4	0.896551724137931	902424	2421	2122	2219022
37011	4	0.10344827586206896	902424	2423	2322	2219022
29521	3	1.0	902424	2423	2319023
29353	7	0.9078947368421053	902424	2421	2120	2018	187	78	819008
42029	7	0.09210526315789473	902424	2421	2120	2018	1816	168	819008
29093	3	1.0	90011	12	219002
31184	3	1.0	90011	13	319003
29143	4	1.0	90011	13	34	419004
29569	4	0.85	90011	12	26	619006
37125	6	0.15	90011	13	34	45	56	619006
29141	6	0.8823529411764706	90011	12	26	68	87	719007
37195	8	0.11764705882352941	90011	13	34	45	56	68	87	719007
29341	5	0.78125	90011	12	26	68	819008
37162	7	0.21875	90011	13	34	45	56	68	819008
29671	6	1.0	90011	13	34	45	59	919009
42453	6	0.09722222222222222	90011	13	312	1211	1110	1019010
43327	6	0.125	90011	13	34	411	1110	1019010
29289	7	0.7777777777777778	90011	13	34	45	59	910	1019010
29377	5	0.4666666666666667	90011	13	34	411	1119011
34796	5	0.4888888888888889	90011	13	312	1211	1119011
36632	8	0.044444444444444446	90011	13	34	45	59	910	1011	1119011
29557	4	1.0	90011	13	312	1219012
29099	5	1.0	90011	13	312	1213	1319013
29515	6	0.42857142857142855	90011	13	34	411	1114	1419014
34882	6	0.3333333333333333	90011	13	312	1211	1114	1419014
36131	8	0.23809523809523808	90011	13	312	1213	1324	2423	2314	1419014
29361	7	0.3181818181818182	90011	13	34	411	1114	1415	1519015
34786	8	0.6818181818181818	90011	13	34	45	59	910	1015	1519015
29197	6	0.7560975609756098	90011	12	26	68	816	1619016
37025	8	0.07317073170731707	90011	13	34	45	59	910	1016	1619016
41609	8	0.17073170731707318	90011	12	26	68	87	718	1816	1619016
29527	7	0.5428571428571428	90011	12	26	68	816	1617	1719017
35807	8	0.3142857142857143	90011	13	34	45	59	910	1017	1719017
41738	9	0.08571428571428572	90011	12	26	68	87	718	1816	1617	1719017
48721	9	0.02857142857142857	90011	13	34	411	1114	1415	1519	1917	1719017
53599	10	0.02857142857142857	90011	13	34	45	59	910	1015	1519	1917	1719017
29359	7	0.9259259259259259	90011	12	26	68	87	718	1819018
37261	9	0.07407407407407407	90011	13	34	45	56	68	87	718	1819018
29599	8	0.15384615384615385	90011	12	26	68	816	1617	1719	1919019
42466	8	0.07692307692307693	90011	13	312	1211	1110	1015	1519	1919019
43318	8	0.07692307692307693	90011	13	34	411	1110	1015	1519	1919019
48272	8	0.07692307692307693	90011	13	34	411	1114	1415	1519	1919019
40783	9	0.6153846153846154	90011	13	34	45	59	910	1015	1519	1919019
29261	8	0.7083333333333334	90011	12	26	68	87	718	1820	2019020
38174	8	0.041666666666666664	90011	13	312	1213	1324	2421	2120	2019020
37184	10	0.20833333333333334	90011	13	34	45	56	68	87	718	1820	2019020
54089	10	0.041666666666666664	90011	13	34	45	59	910	1015	1519	1920	2019020
29097	7	1.0	90011	13	312	1213	1324	2421	2119021
28867	8	0.84	90011	13	312	1213	1324	2421	2122	2219022
36426	8	0.12	90011	13	312	1213	1324	2423	2322	2219022
54121	9	0.04	90011	13	34	45	59	910	1015	1522	2219022
29209	7	1.0	90011	13	312	1213	1324	2423	2319023
29159	6	1.0	90011	13	312	1213	1324	2419024
29485	3	1.0	90022	21	119001
34843	5	1.0	90022	21	13	34	419004
30469	3	0.9	90022	26	619006
37746	7	0.1	90022	21	13	34	45	56	619006
29673	5	1.0	90022	26	68	87	719007
29571	4	0.85	90022	26	68	819008
37716	8	0.15	90022	21	13	34	45	56	68	819008
29744	5	0.8	90022	26	65	59	919009
37301	7	0.2	90022	21	13	34	45	59	919009
29417	6	0.25	90022	26	68	816	1610	1019010
34819	6	0.4	90022	26	65	59	910	1019010
42241	7	0.1	90022	21	13	312	1211	1110	1019010
43443	7	0.025	90022	21	13	34	411	1110	1019010
36849	8	0.225	90022	21	13	34	45	59	910	1019010
28861	6	0.3333333333333333	90022	26	65	54	411	1119011
34504	6	0.3333333333333333	90022	21	13	312	1211	1119011
39414	6	0.20833333333333334	90022	21	13	34	411	1119011
36699	7	0.041666666666666664	90022	26	65	59	910	1011	1119011
37501	9	0.08333333333333333	90022	21	13	34	45	59	910	1011	1119011
29615	5	1.0	90022	21	13	312	1219012
29718	6	1.0	90022	21	13	312	1213	1319013
29655	7	0.13333333333333333	90022	26	65	54	411	1114	1419014
34965	7	0.5333333333333333	90022	21	13	312	1211	1114	1419014
40939	7	0.13333333333333333	90022	21	13	34	411	1114	1419014
36320	9	0.2	90022	21	13	312	1213	1324	2423	2314	1419014
36819	7	0.17647058823529413	90022	26	65	59	910	1015	1519015
29351	8	0.17647058823529413	90022	26	68	816	1617	1719	1915	1519015
35839	9	0.23529411764705882	90022	26	68	87	718	1820	2019	1915	1519015
37263	9	0.29411764705882354	90022	21	13	34	45	59	910	1015	1519015
42210	9	0.11764705882352941	90022	26	68	87	718	1820	2022	2215	1519015
29345	5	0.7741935483870968	90022	26	68	816	1619016
41715	7	0.12903225806451613	90022	26	68	87	718	1816	1619016
37533	9	0.0967741935483871	90022	21	13	34	45	59	910	1016	1619016
29477	6	0.7575757575757576	90022	26	68	816	1617	1719017
41709	8	0.18181818181818182	90022	26	68	87	718	1816	1617	1719017
37060	9	0.06060606060606061	90022	21	13	34	45	59	910	1017	1719017
29187	7	0.2727272727272727	90022	26	68	816	1617	1719	1919019
35451	8	0.45454545454545453	90022	26	68	87	718	1820	2019	1919019
43548	9	0.09090909090909091	90022	26	68	87	718	1816	1617	1719	1919019
37773	10	0.18181818181818182	90022	21	13	34	45	59	910	1017	1719	1919019
29633	7	0.95	90022	26	68	87	718	1820	2019020
37721	11	0.05	90022	21	13	34	45	56	68	87	718	1820	2019020
29435	8	0.9090909090909091	90022	26	68	87	718	1820	2022	2219022
37986	9	0.045454545454545456	90022	21	13	312	1213	1324	2421	2122	2219022
53907	10	0.045454545454545456	90022	21	13	34	45	59	910	1015	1522	2219022
29971	3	1.0	90033	31	119001
29853	3	1.0	90033	34	419004
29904	5	1.0	90033	34	45	56	619006
29613	7	1.0	90033	34	45	56	68	87	719007
29519	6	1.0	90033	34	45	56	68	819008
29994	5	1.0	90033	34	45	59	919009
42612	5	0.07142857142857142	90033	312	1211	1110	1019010
44029	5	0.07142857142857142	90033	34	411	1110	1019010
28925	6	0.8571428571428571	90033	34	45	59	910	1019010
29661	4	0.3333333333333333	90033	34	411	1119011
36268	4	0.6	90033	312	1211	1119011
38164	7	0.06666666666666667	90033	34	45	59	910	1011	1119011
29965	3	1.0	90033	312	1219012
30292	4	1.0	90033	312	1213	1319013
29573	5	0.5384615384615384	90033	34	411	1114	1419014
35410	5	0.3076923076923077	90033	312	1211	1114	1419014
36814	7	0.15384615384615385	90033	312	1213	1324	2423	2314	1419014
42701	6	0.08333333333333333	90033	312	1211	1110	1015	1519015
48279	6	0.08333333333333333	90033	34	411	1114	1415	1519015
34561	7	0.5833333333333334	90033	34	45	59	910	1015	1519015
28957	8	0.25	90033	312	1213	1324	2421	2122	2215	1519015
43359	6	0.04	90033	312	1211	1110	1016	1619016
29431	7	0.44	90033	34	45	56	68	816	1619016
34829	7	0.24	90033	34	45	59	910	1016	1619016
39440	8	0.04	90033	34	45	59	910	1017	1716	1619016
41633	9	0.24	90033	34	45	56	68	87	718	1816	1619016
34588	7	0.2916666666666667	90033	34	45	59	910	1017	1719017
43489	7	0.041666666666666664	90033	312	1211	1110	1016	1617	1719017
29007	8	0.375	90033	34	45	56	68	816	1617	1719017
40110	8	0.041666666666666664	90033	34	45	59	910	1016	1617	1719017
48764	8	0.041666666666666664	90033	34	411	1114	1415	1519	1917	1719017
52589	9	0.08333333333333333	90033	34	45	59	910	1015	1519	1917	1719017
41640	10	0.125	90033	34	45	56	68	87	718	1816	1617	1719017
29257	7	1.0	90033	312	1213	1324	2421	2122	2219022
29914	6	1.0	90033	312	1213	1324	2423	2319023
29251	4	1.0	90044	43	31	119001
29617	5	0.06666666666666667	90044	45	56	62	219002
34943	5	0.9333333333333333	90044	43	31	12	219002
29545	3	1.0	90044	43	319003
29399	4	1.0	90044	45	56	619006
29463	6	1.0	90044	45	56	68	87	719007
29611	5	1.0	90044	45	56	68	819008
29309	4	1.0	90044	45	59	919009
42501	4	0.29411764705882354	90044	411	1110	1019010
28881	5	0.7058823529411765	90044	45	59	910	1019010
29393	3	0.8414634146341463	90044	411	1119011
36886	6	0.15853658536585366	90044	45	59	910	1011	1119011
28921	4	1.0	90044	43	312	1219012
29127	5	1.0	90044	43	312	1213	1319013
29301	4	0.875	90044	411	1114	1419014
36739	7	0.125	90044	45	59	910	1015	1514	1419014
29533	5	0.3684210526315789	90044	411	1114	1415	1519015
42667	5	0.07894736842105263	90044	411	1110	1015	1519015
34892	6	0.5526315789473685	90044	45	59	910	1015	1519015
42959	5	0.037037037037037035	90044	411	1110	1016	1619016
29285	6	0.5370370370370371	90044	45	56	68	816	1619016
34743	6	0.24074074074074073	90044	45	59	910	1016	1619016
39369	7	0.05555555555555555	90044	45	59	910	1017	1716	1619016
41387	8	0.12962962962962962	90044	45	56	68	87	718	1816	1619016
34756	6	0.3617021276595745	90044	45	59	910	1017	1719017
42783	6	0.02127659574468085	90044	411	1110	1016	1617	1719017
29307	7	0.425531914893617	90044	45	56	68	816	1617	1719017
40261	7	0.06382978723404255	90044	45	59	910	1016	1617	1719017
48872	7	0.0425531914893617	90044	411	1114	1415	1519	1917	1719017
53343	8	0.02127659574468085	90044	45	59	910	1015	1519	1917	1719017
41686	9	0.06382978723404255	90044	45	56	68	87	718	1816	1617	1719017
42551	6	0.10526315789473684	90044	411	1110	1015	1519	1919019
42860	6	0.15789473684210525	90044	411	1114	1415	1519	1919019
34937	7	0.21052631578947367	90044	45	59	910	1015	1519	1919019
36257	7	0.2631578947368421	90044	45	59	910	1017	1719	1919019
29607	8	0.2631578947368421	90044	45	56	68	816	1617	1719	1919019
29523	8	1.0	90044	45	56	68	87	718	1820	2019020
29647	7	0.75	90044	43	312	1213	1324	2421	2119021
43566	7	0.1875	90044	411	1114	1423	2324	2421	2119021
36914	8	0.0625	90044	45	59	910	1015	1522	2221	2119021
29191	6	0.275	90044	411	1114	1423	2322	2219022
42639	6	0.1	90044	411	1110	1015	1522	2219022
49206	6	0.025	90044	411	1114	1415	1522	2219022
34691	7	0.6	90044	45	59	910	1015	1522	2219022
29639	5	0.7931034482758621	90044	411	1114	1423	2319023
36312	7	0.20689655172413793	90044	43	312	1213	1324	2423	2319023
29637	6	0.7777777777777778	90044	43	312	1213	1324	2419024
43573	6	0.2222222222222222	90044	411	1114	1423	2324	2419024
29003	4	0.8557046979865772	90055	59	910	1019010
42779	5	0.14429530201342283	90055	54	411	1110	1019010
29139	5	0.8521739130434782	90055	54	411	1114	1419014
36443	6	0.14782608695652175	90055	59	910	1015	1514	1419014
29381	7	0.7922077922077922	90055	59	910	1015	1522	2221	2119021
37965	8	0.12987012987012986	90055	54	43	312	1213	1324	2421	2119021
43372	8	0.07792207792207792	90055	54	411	1114	1423	2324	2421	2119021
29649	4	1.0	90066	62	21	119001
30792	3	1.0	90066	62	219002
31418	5	1.0	90066	65	54	43	319003
29337	4	1.0	90066	65	54	419004
28999	4	1.0	90066	68	87	719007
29221	3	1.0	90066	68	819008
29323	4	1.0	90066	65	59	919009
29089	5	0.26785714285714285	90066	68	816	1610	1019010
34633	5	0.6071428571428571	90066	65	59	910	1019010
42429	6	0.125	90066	65	54	411	1110	1019010
29275	5	0.84375	90066	65	54	411	1119011
36197	6	0.15625	90066	65	59	910	1011	1119011
29149	6	1.0	90066	65	54	43	312	1219012
29551	7	1.0	90066	65	54	43	312	1213	1319013
29641	6	0.875	90066	65	54	411	1114	1419014
36264	9	0.125	90066	68	87	718	1820	2019	1915	1514	1419014
38216	6	0.47058823529411764	90066	65	59	910	1015	1519015
29027	7	0.23529411764705882	90066	68	816	1617	1719	1915	1519015
35833	8	0.23529411764705882	90066	68	87	718	1820	2019	1915	1519015
42044	8	0.058823529411764705	90066	68	87	718	1820	2022	2215	1519015
28849	4	0.7777777777777778	90066	68	816	1619016
42031	6	0.2222222222222222	90066	68	87	718	1816	1619016
29437	5	0.813953488372093	90066	68	816	1617	1719017
42024	7	0.18604651162790697	90066	68	87	718	1816	1617	1719017
29535	6	0.2857142857142857	90066	68	816	1617	1719	1919019
35747	7	0.6428571428571429	90066	68	87	718	1820	2019	1919019
43430	8	0.07142857142857142	90066	68	87	718	1816	1617	1719	1919019
29277	6	1.0	90066	68	87	718	1820	2019020
28993	7	1.0	90066	68	87	718	1820	2021	2119021
29397	7	1.0	90066	68	87	718	1820	2022	2219022
29167	8	0.8823529411764706	90066	68	87	718	1820	2022	2223	2319023
53719	9	0.11764705882352941	90066	68	87	718	1820	2021	2124	2423	2319023
28967	8	1.0	90066	68	87	718	1820	2021	2124	2419024
28919	6	0.9333333333333333	90077	78	86	62	21	119001
42424	8	0.06666666666666667	90077	718	1816	168	86	62	21	119001
30065	5	1.0	90077	78	86	62	219002
29497	7	0.8571428571428571	90077	78	86	65	54	43	319003
42679	9	0.14285714285714285	90077	718	1816	1610	109	95	54	43	319003
29585	6	0.8636363636363636	90077	78	86	65	54	419004
42830	8	0.13636363636363635	90077	718	1816	168	86	65	54	419004
29379	4	0.972972972972973	90077	78	86	619006
42510	6	0.02702702702702703	90077	718	1816	168	86	619006
29279	3	0.8531073446327684	90077	78	819008
42302	5	0.14689265536723164	90077	718	1816	168	819008
37182	4	0.2777777777777778	90077	78	89	919009
29429	6	0.5	90077	718	1816	1610	109	919009
36168	6	0.2222222222222222	90077	78	86	65	59	919009
29465	5	0.875	90077	718	1816	1610	1019010
36560	7	0.125	90077	718	1820	2019	1915	1510	1019010
29313	6	0.8571428571428571	90077	718	1816	1610	1011	1119011
55743	6	0.03571428571428571	90077	78	89	910	1011	1119011
39479	7	0.07142857142857142	90077	78	86	65	54	411	1119011
36718	8	0.03571428571428571	90077	718	1820	2019	1915	1510	1011	1119011
43045	7	0.06666666666666667	90077	718	1816	1610	1011	1112	1219012
29665	8	0.6	90077	78	86	65	54	43	312	1219012
37646	8	0.3333333333333333	90077	718	1820	2021	2124	2413	1312	1219012
29575	7	0.9444444444444444	90077	718	1820	2021	2124	2413	1319013
48005	9	0.05555555555555555	90077	78	86	65	54	43	312	1213	1319013
35719	7	0.4444444444444444	90077	718	1820	2019	1915	1514	1419014
42194	7	0.1111111111111111	90077	718	1820	2022	2223	2314	1419014
43651	7	0.16666666666666666	90077	718	1820	2022	2215	1514	1419014
29627	8	0.2777777777777778	90077	718	1816	1617	1719	1915	1514	1419014
35803	6	0.5	90077	718	1820	2019	1915	1519015
41803	6	0.15625	90077	718	1820	2022	2215	1519015
28915	7	0.34375	90077	718	1816	1617	1719	1915	1519015
28991	4	0.8191489361702128	90077	718	1816	1619016
36393	4	0.18085106382978725	90077	78	816	1619016
29219	5	0.8631578947368421	90077	718	1816	1617	1719017
36413	5	0.09473684210526316	90077	78	816	1617	1719017
37863	8	0.042105263157894736	90077	718	1820	2019	1915	1510	1017	1719017
35520	5	0.6538461538461539	90077	718	1820	2019	1919019
29263	6	0.34615384615384615	90077	718	1816	1617	1719	1919019
29347	4	1.0	90077	718	1820	2019020
29363	5	1.0	90077	718	1820	2021	2119021
29433	5	1.0	90077	718	1820	2022	2219022
29677	6	1.0	90077	718	1820	2022	2223	2319023
29035	5	1.0	90088	86	62	21	119001
29503	4	1.0	90088	86	62	219002
29675	6	1.0	90088	86	65	54	43	319003
28831	5	1.0	90088	86	65	54	419004
29069	4	1.0	90088	86	65	519005
28871	3	1.0	90088	86	619006
28979	3	1.0	90088	87	719007
29629	3	0.75	90088	89	919009
34951	5	0.25	90088	86	65	59	919009
29405	4	0.4857142857142857	90088	816	1610	1019010
36977	4	0.17142857142857143	90088	89	910	1019010
35514	6	0.20952380952380953	90088	86	65	59	910	1019010
41913	6	0.13333333333333333	90088	87	718	1816	1610	1019010
29225	5	0.25	90088	816	1610	1011	1119011
37232	5	0.11363636363636363	90088	89	910	1011	1119011
34710	6	0.6136363636363636	90088	86	65	54	411	1119011
35917	7	0.022727272727272728	90088	86	65	59	910	1011	1119011
29565	7	1.0	90088	86	65	54	43	312	1219012
28879	8	1.0	90088	86	65	54	43	312	1213	1319013
29365	7	0.25	90088	816	1617	1719	1915	1514	1419014
35786	8	0.625	90088	87	718	1820	2019	1915	1514	1419014
42070	8	0.125	90088	87	718	1820	2022	2223	2314	1419014
29549	6	0.4	90088	816	1617	1719	1915	1519015
35564	7	0.475	90088	87	718	1820	2019	1915	1519015
42049	7	0.125	90088	87	718	1820	2022	2215	1519015
29111	3	0.8713450292397661	90088	816	1619016
41983	5	0.1286549707602339	90088	87	718	1816	1619016
29241	4	0.8571428571428571	90088	816	1617	1719017
41858	6	0.14285714285714285	90088	87	718	1816	1617	1719017
29587	5	0.18518518518518517	90088	816	1617	1719	1919019
35846	6	0.8148148148148148	90088	87	718	1820	2019	1919019
29071	5	1.0	90088	87	718	1820	2019020
29547	6	1.0	90088	87	718	1820	2021	2119021
28885	6	1.0	90088	87	718	1820	2022	2219022
29247	7	1.0	90088	87	718	1820	2022	2223	2319023
29147	7	1.0	90088	87	718	1820	2021	2124	2419024
29077	6	1.0	90099	95	54	43	31	119001
29427	5	1.0	90099	95	56	62	219002
30057	5	1.0	90099	95	54	43	319003
29311	4	1.0	90099	95	54	419004
28843	4	1.0	90099	95	56	619006
36727	4	0.44	90099	98	87	719007
29601	6	0.48	90099	910	1016	1618	187	719007
36140	6	0.08	90099	95	56	68	87	719007
29401	3	0.7272727272727273	90099	98	819008
34809	5	0.2727272727272727	90099	95	56	68	819008
29061	3	0.9502487562189055	90099	910	1019010
43214	6	0.04975124378109453	90099	95	54	411	1110	1019010
28977	4	0.8712871287128713	90099	910	1011	1119011
42855	5	0.12871287128712872	90099	95	54	411	1119011
29473	5	0.20512820512820512	90099	910	1011	1112	1219012
34855	6	0.7948717948717948	90099	95	54	43	312	1219012
29153	6	0.3488372093023256	90099	910	1011	1112	1213	1319013
34669	7	0.6511627906976745	90099	95	54	43	312	1213	1319013
28989	5	0.41025641025641024	90099	910	1011	1114	1419014
36081	5	0.38461538461538464	90099	910	1015	1514	1419014
43156	6	0.20512820512820512	90099	95	54	411	1114	1419014
29461	4	0.9154929577464789	90099	910	1015	1519015
43312	7	0.08450704225352113	90099	95	54	411	1110	1015	1519015
29315	4	0.8488372093023255	90099	910	1016	1619016
48533	4	0.011627906976744186	90099	98	816	1619016
39347	5	0.011627906976744186	90099	910	1017	1716	1619016
43137	6	0.11627906976744186	90099	98	87	718	1816	1619016
44751	6	0.011627906976744186	90099	95	56	68	816	1619016
34793	4	0.3582089552238806	90099	910	1017	1719017
29373	5	0.3582089552238806	90099	910	1016	1617	1719017
48603	5	0.05970149253731343	90099	98	816	1617	1719017
45070	6	0.13432835820895522	90099	910	1015	1519	1917	1719017
42878	7	0.07462686567164178	90099	98	87	718	1816	1617	1719017
44925	7	0.014925373134328358	90099	95	56	68	816	1617	1719017
34970	5	0.5588235294117647	90099	910	1015	1519	1919019
36046	5	0.17647058823529413	90099	910	1017	1719	1919019
29663	6	0.20588235294117646	90099	910	1016	1617	1719	1919019
43637	8	0.058823529411764705	90099	95	54	411	1110	1015	1519	1919019
29103	6	0.3333333333333333	90099	910	1016	1618	1820	2019020
35914	6	0.1282051282051282	90099	910	1015	1522	2220	2019020
41353	6	0.4358974358974359	90099	910	1015	1519	1920	2019020
43104	6	0.07692307692307693	90099	98	87	718	1820	2019020
44236	8	0.02564102564102564	90099	95	56	68	87	718	1820	2019020
29327	6	0.8	90099	910	1015	1522	2221	2119021
42819	7	0.1	90099	98	87	718	1820	2021	2119021
43698	9	0.05	90099	95	54	411	1110	1015	1522	2221	2119021
44487	9	0.05	90099	95	54	43	312	1213	1324	2421	2119021
29217	5	0.9090909090909091	90099	910	1015	1522	2219022
42883	7	0.06060606060606061	90099	98	87	718	1820	2022	2219022
43595	8	0.030303030303030304	90099	95	54	411	1110	1015	1522	2219022
29619	6	0.06666666666666667	90099	910	1011	1114	1423	2319023
34945	6	0.7333333333333333	90099	910	1015	1522	2223	2319023
48416	6	0.06666666666666667	90099	910	1015	1514	1423	2319023
43123	7	0.13333333333333333	90099	95	54	411	1114	1423	2319023
29583	7	0.7241379310344828	90099	910	1015	1522	2221	2124	2419024
48388	7	0.10344827586206896	90099	910	1015	1514	1423	2324	2419024
43093	8	0.06896551724137931	90099	95	54	43	312	1213	1324	2419024
43400	8	0.10344827586206896	90099	95	54	411	1114	1423	2324	2419024
28997	7	1.0	901010	109	95	54	43	31	119001
29425	6	0.25	901010	1016	168	86	62	219002
34825	6	0.75	901010	109	95	56	62	219002
29355	6	1.0	901010	109	95	54	43	319003
29067	5	1.0	901010	109	95	54	419004
29013	4	1.0	901010	109	95	519005
29165	5	0.18518518518518517	901010	1016	168	86	619006
34676	5	0.8148148148148148	901010	109	95	56	619006
28907	5	1.0	901010	1016	1618	187	719007
29059	4	0.47435897435897434	901010	1016	168	819008
36593	4	0.38461538461538464	901010	109	98	819008
36043	6	0.11538461538461539	901010	109	95	56	68	819008
47354	6	0.02564102564102564	901010	1016	1618	187	78	819008
28939	3	1.0	901010	109	919009
28865	3	1.0	901010	1011	1119011
29215	4	1.0	901010	1011	1112	1219012
29375	5	1.0	901010	1011	1112	1213	1319013
29137	4	0.5815602836879432	901010	1011	1114	1419014
36385	4	0.41843971631205673	901010	1015	1514	1419014
28903	3	1.0	901010	1015	1519015
29357	3	0.9761904761904762	901010	1016	1619016
39294	4	0.023809523809523808	901010	1017	1716	1619016
34537	3	0.34347826086956523	901010	1017	1719017
28917	4	0.5217391304347826	901010	1016	1617	1719017
44557	5	0.13478260869565217	901010	1015	1519	1917	1719017
34525	4	0.6585365853658537	901010	1015	1519	1919019
36408	4	0.16260162601626016	901010	1017	1719	1919019
28895	5	0.17886178861788618	901010	1016	1617	1719	1919019
28971	5	0.2916666666666667	901010	1016	1618	1820	2019020
35704	5	0.5625	901010	1015	1519	1920	2019020
35966	5	0.14583333333333334	901010	1015	1522	2220	2019020
29449	5	1.0	901010	1015	1522	2221	2119021
28933	4	1.0	901010	1015	1522	2219022
29019	5	0.9122807017543859	901010	1015	1522	2223	2319023
48109	5	0.08771929824561403	901010	1015	1514	1423	2319023
29299	6	0.8160919540229885	901010	1015	1522	2221	2124	2419024
37023	6	0.13793103448275862	901010	1015	1522	2223	2324	2419024
48297	6	0.04597701149425287	901010	1015	1514	1423	2324	2419024
29133	5	0.9347826086956522	901111	114	43	31	119001
39261	5	0.06521739130434782	901111	1112	123	31	119001
29559	6	0.19230769230769232	901111	114	45	56	62	219002
34907	6	0.8076923076923077	901111	114	43	31	12	219002
29645	4	0.9473684210526315	901111	114	43	319003
39433	4	0.05263157894736842	901111	1112	123	319003
29177	3	1.0	901111	114	419004
29487	5	1.0	901111	114	45	56	619006
29073	6	0.9428571428571428	901111	1110	1016	1618	187	719007
49353	7	0.05714285714285714	901111	114	45	56	68	87	719007
29091	5	0.20408163265306123	901111	1110	1016	168	819008
39635	5	0.04081632653061224	901111	1110	109	98	819008
34635	6	0.7551020408163265	901111	114	45	56	68	819008
28965	4	1.0	901111	1110	109	919009
28913	3	1.0	901111	1110	1019010
29419	3	1.0	901111	1112	1219012
28857	4	1.0	901111	1112	1213	1319013
29131	3	1.0	901111	1114	1419014
28955	4	0.32558139534883723	901111	1114	1415	1519015
34559	4	0.6744186046511628	901111	1110	1015	1519015
28893	4	0.9583333333333334	901111	1110	1016	1619016
39207	5	0.041666666666666664	901111	1110	1017	1716	1619016
34506	4	0.28	901111	1110	1017	1719017
28863	5	0.61	901111	1110	1016	1617	1719017
44701	6	0.05	901111	1110	1015	1519	1917	1719017
48631	6	0.06	901111	1114	1415	1519	1917	1719017
29441	5	0.4090909090909091	901111	1114	1415	1519	1919019
34835	5	0.5	901111	1110	1015	1519	1919019
36086	5	0.09090909090909091	901111	1110	1017	1719	1919019
29469	6	0.42105263157894735	901111	1114	1415	1519	1920	2019020
34852	6	0.10526315789473684	901111	1110	1016	1618	1820	2019020
36172	6	0.19298245614035087	901111	1110	1015	1522	2220	2019020
41589	6	0.2807017543859649	901111	1110	1015	1519	1920	2019020
29193	6	0.6470588235294118	901111	1114	1423	2324	2421	2119021
34693	6	0.35294117647058826	901111	1110	1015	1522	2221	2119021
28891	5	0.39080459770114945	901111	1114	1415	1522	2219022
34522	5	0.4482758620689655	901111	1110	1015	1522	2219022
37368	5	0.16091954022988506	901111	1114	1423	2322	2219022
28839	4	1.0	901111	1114	1423	2319023
29577	5	1.0	901111	1114	1423	2324	2419024
29283	4	1.0	901212	123	31	119001
29331	5	1.0	901212	123	31	12	219002
29389	3	1.0	901212	123	319003
29145	4	1.0	901212	123	34	419004
29023	5	1.0	901212	123	34	45	519005
29501	6	1.0	901212	123	34	45	56	619006
29483	8	1.0	901212	123	34	45	56	68	87	719007
29031	7	1.0	901212	123	34	45	56	68	819008
29295	5	0.17142857142857143	901212	1211	1110	109	919009
34749	6	0.8285714285714286	901212	123	34	45	59	919009
29011	4	0.8823529411764706	901212	1211	1110	1019010
37213	7	0.11764705882352941	901212	123	34	45	59	910	1019010
29181	3	0.9404761904761905	901212	1211	1119011
39242	5	0.023809523809523808	901212	123	34	411	1119011
37898	8	0.03571428571428571	901212	123	34	45	59	910	1011	1119011
28835	3	1.0	901212	1213	1319013
29651	4	0.9393939393939394	901212	1211	1114	1419014
36750	6	0.06060606060606061	901212	1213	1324	2423	2314	1419014
29537	5	0.35714285714285715	901212	1211	1114	1415	1519015
34895	5	0.35714285714285715	901212	1211	1110	1015	1519015
36709	7	0.10714285714285714	901212	1213	1324	2423	2322	2215	1519015
39095	7	0.14285714285714285	901212	1213	1324	2423	2314	1415	1519015
38133	8	0.03571428571428571	901212	123	34	45	59	910	1015	1519015
29467	5	0.9	901212	1211	1110	1016	1619016
37082	8	0.05	901212	123	34	45	59	910	1016	1619016
39934	8	0.025	901212	1213	1324	2421	2120	2018	1816	1619016
39021	9	0.025	901212	123	34	45	59	910	1017	1716	1619016
34555	5	0.20588235294117646	901212	1211	1110	1017	1719017
28951	6	0.3235294117647059	901212	1211	1110	1016	1617	1719017
41665	7	0.08823529411764706	901212	1211	1110	1015	1519	1917	1719017
48175	7	0.23529411764705882	901212	1211	1114	1415	1519	1917	1719017
36839	8	0.14705882352941177	901212	123	34	45	59	910	1017	1719017
28901	6	0.4262295081967213	901212	1211	1110	1016	1618	1819018
35681	7	0.3114754098360656	901212	1213	1324	2421	2120	2018	1819018
37587	9	0.26229508196721313	901212	123	34	45	56	68	87	718	1819018
28855	6	0.3333333333333333	901212	1211	1114	1415	1519	1919019
34500	6	0.4	901212	1211	1110	1015	1519	1919019
36177	7	0.26666666666666666	901212	1213	1324	2421	2120	2019	1919019
29273	6	0.9583333333333334	901212	1213	1324	2421	2120	2019020
43766	7	0.041666666666666664	901212	1211	1110	1015	1519	1920	2019020
29305	5	1.0	901212	1213	1324	2421	2119021
29229	6	0.9459459459459459	901212	1213	1324	2421	2122	2219022
36634	6	0.05405405405405406	901212	1213	1324	2423	2322	2219022
29371	5	0.9761904761904762	901212	1213	1324	2423	2319023
43708	5	0.023809523809523808	901212	1211	1114	1423	2319023
29421	4	1.0	901212	1213	1324	2419024
29151	5	1.0	901313	1312	123	31	119001
29447	6	1.0	901313	1312	123	31	12	219002
29579	4	1.0	901313	1312	123	319003
28883	5	1.0	901313	1312	123	34	419004
29561	7	1.0	901313	1312	123	34	45	56	619006
29531	7	0.9	901313	1324	2421	2120	2018	187	719007
37624	9	0.1	901313	1312	123	34	45	56	68	87	719007
29589	8	1.0	901313	1312	123	34	45	56	68	819008
29597	6	0.1891891891891892	901313	1312	1211	1110	109	919009
34930	7	0.8108108108108109	901313	1312	123	34	45	59	919009
28833	5	0.82	901313	1312	1211	1110	1019010
37133	8	0.18	901313	1312	123	34	45	59	910	1019010
29087	4	0.9444444444444444	901313	1312	1211	1119011
37829	6	0.044444444444444446	901313	1324	2423	2314	1411	1119011
39269	6	0.011111111111111112	901313	1312	123	34	411	1119011
28961	3	1.0	901313	1312	1219012
29053	5	0.9545454545454546	901313	1324	2423	2314	1419014
43379	5	0.045454545454545456	901313	1312	1211	1114	1419014
29493	6	0.7948717948717948	901313	1324	2421	2122	2215	1519015
36453	6	0.15384615384615385	901313	1324	2423	2322	2215	1519015
38010	6	0.05128205128205128	901313	1324	2423	2314	1415	1519015
29255	6	0.4074074074074074	901313	1312	1211	1110	1016	1619016
41429	7	0.2777777777777778	901313	1324	2421	2120	2018	1816	1619016
37143	9	0.16666666666666666	901313	1312	123	34	45	59	910	1016	1619016
39720	9	0.018518518518518517	901313	1324	2421	2120	2018	187	718	1816	1619016
44705	9	0.1111111111111111	901313	1324	2421	2122	2215	1519	1917	1716	1619016
38864	10	0.018518518518518517	901313	1312	123	34	45	59	910	1017	1716	1619016
35529	6	0.07547169811320754	901313	1312	1211	1110	1017	1719017
43012	7	0.11320754716981132	901313	1312	1211	1110	1016	1617	1719017
29325	8	0.6226415094339622	901313	1324	2421	2122	2215	1519	1917	1719017
41853	8	0.09433962264150944	901313	1324	2421	2120	2018	1816	1617	1719017
36938	9	0.09433962264150944	901313	1312	123	34	45	59	910	1017	1719017
36325	6	0.18181818181818182	901313	1324	2421	2120	2019	1919019
29603	7	0.8181818181818182	901313	1324	2421	2122	2215	1519	1919019
29237	5	1.0	901313	1324	2421	2120	2019020
29017	4	1.0	901313	1324	2421	2119021
29015	5	0.9344262295081968	901313	1324	2421	2122	2219022
36712	5	0.06557377049180328	901313	1324	2423	2322	2219022
28987	4	1.0	901313	1324	2423	2319023
29631	3	1.0	901313	1324	2419024
29423	6	0.38095238095238093	901414	1411	1112	123	31	119001
34823	6	0.6190476190476191	901414	1411	114	43	31	119001
30356	7	0.07142857142857142	901414	1411	114	45	56	62	219002
35654	7	0.9285714285714286	901414	1411	114	43	31	12	219002
29934	5	0.23076923076923078	901414	1411	1112	123	319003
35230	5	0.7692307692307693	901414	1411	114	43	319003
29609	4	1.0	901414	1411	114	419004
29659	6	1.0	901414	1411	114	45	56	619006
35735	7	0.36363636363636365	901414	1415	1519	1920	2018	187	719007
36126	7	0.045454545454545456	901414	1415	1522	2220	2018	187	719007
37252	7	0.18181818181818182	901414	1423	2322	2220	2018	187	719007
29643	8	0.4090909090909091	901414	1415	1519	1917	1716	1618	187	719007
37052	6	0.17647058823529413	901414	1415	1510	109	98	819008
29339	7	0.38235294117647056	901414	1415	1519	1917	1716	168	819008
41907	7	0.11764705882352941	901414	1411	114	45	56	68	819008
35791	8	0.20588235294117646	901414	1415	1519	1920	2018	187	78	819008
36223	8	0.08823529411764706	901414	1415	1522	2220	2018	187	78	819008
49426	9	0.029411764705882353	901414	1415	1519	1917	1716	1618	187	78	819008
29509	5	0.5454545454545454	901414	1411	1110	109	919009
36757	5	0.45454545454545453	901414	1415	1510	109	919009
28945	4	0.549618320610687	901414	1411	1110	1019010
36550	4	0.45038167938931295	901414	1415	1510	1019010
29025	3	1.0	901414	1411	1119011
29119	4	1.0	901414	1411	1112	1219012
28981	5	0.8604651162790697	901414	1423	2324	2413	1319013
42908	5	0.13953488372093023	901414	1411	1112	1213	1319013
29157	3	1.0	901414	1415	1519015
36100	5	0.04285714285714286	901414	1411	1110	1016	1619016
36785	5	0.17142857142857143	901414	1415	1510	1016	1619016
29057	6	0.6857142857142857	901414	1415	1519	1917	1716	1619016
39490	6	0.02857142857142857	901414	1415	1510	1017	1716	1619016
43460	7	0.07142857142857142	901414	1415	1519	1920	2018	1816	1619016
28923	5	0.8441558441558441	901414	1415	1519	1917	1719017
36149	5	0.025974025974025976	901414	1411	1110	1017	1719017
36690	5	0.07792207792207792	901414	1415	1510	1017	1719017
42285	6	0.03896103896103896	901414	1415	1510	1016	1617	1719017
43255	8	0.012987012987012988	901414	1415	1519	1920	2018	1816	1617	1719017
29055	4	0.813953488372093	901414	1415	1519	1919019
36661	6	0.046511627906976744	901414	1415	1522	2220	2019	1919019
37102	6	0.13953488372093023	901414	1423	2322	2220	2019	1919019
29095	5	0.78	901414	1415	1519	1920	2019020
35883	5	0.08	901414	1415	1522	2220	2019020
37093	5	0.14	901414	1423	2322	2220	2019020
29457	5	0.9375	901414	1423	2324	2421	2119021
38158	5	0.03125	901414	1423	2322	2221	2119021
42934	5	0.03125	901414	1415	1522	2221	2119021
28911	4	0.7469879518072289	901414	1415	1522	2219022
37211	4	0.25301204819277107	901414	1423	2322	2219022
29201	3	1.0	901414	1423	2319023
29451	4	1.0	901414	1423	2324	2419024
29605	7	0.2	901515	1514	1411	1112	123	31	119001
34935	8	0.8	901515	1510	109	95	54	43	31	119001
35988	7	0.5714285714285714	901515	1510	109	95	56	62	219002
30527	8	0.42857142857142855	901515	1519	1917	1716	168	86	62	219002
29317	6	0.18181818181818182	901515	1514	1411	1112	123	319003
34762	7	0.8181818181818182	901515	1510	109	95	54	43	319003
29329	5	0.12121212121212122	901515	1514	1411	114	419004
34769	6	0.8787878787878788	901515	1510	109	95	54	419004
36098	6	0.47058823529411764	901515	1510	109	95	56	619006
29667	7	0.5294117647058824	901515	1519	1917	1716	168	86	619006
36241	6	0.17647058823529413	901515	1522	2220	2018	187	719007
42206	6	0.3235294117647059	901515	1519	1920	2018	187	719007
29563	7	0.5	901515	1519	1917	1716	1618	187	719007
37046	5	0.19047619047619047	901515	1510	109	98	819008
28985	6	0.40476190476190477	901515	1519	1917	1716	168	819008
36163	7	0.11904761904761904	901515	1522	2220	2018	187	78	819008
44649	7	0.2857142857142857	901515	1519	1920	2018	187	78	819008
29543	4	1.0	901515	1510	109	919009
28841	3	1.0	901515	1510	1019010
29125	4	0.5	901515	1514	1411	1119011
34654	4	0.5	901515	1510	1011	1119011
29481	5	0.5	901515	1514	1411	1112	1219012
34861	5	0.5	901515	1510	1011	1112	1219012
29343	6	0.9090909090909091	901515	1522	2221	2124	2413	1319013
37674	6	0.09090909090909091	901515	1522	2223	2324	2413	1319013
29383	3	1.0	901515	1514	1419014
36346	4	0.14423076923076922	901515	1510	1016	1619016
29179	5	0.7307692307692307	901515	1519	1917	1716	1619016
39419	5	0.019230769230769232	901515	1510	1017	1716	1619016
43245	6	0.10576923076923077	901515	1519	1920	2018	1816	1619016
29113	4	0.7142857142857143	901515	1519	1917	1719017
36541	4	0.22142857142857142	901515	1510	1017	1719017
42732	5	0.02142857142857143	901515	1510	1016	1617	1719017
43336	7	0.04285714285714286	901515	1519	1920	2018	1816	1617	1719017
35910	5	0.12698412698412698	901515	1522	2220	2018	1819018
41942	5	0.38095238095238093	901515	1519	1920	2018	1819018
29625	6	0.49206349206349204	901515	1519	1917	1716	1618	1819018
29047	3	0.8291139240506329	901515	1519	1919019
36457	5	0.17088607594936708	901515	1522	2220	2019	1919019
29109	4	0.8433734939759037	901515	1519	1920	2019020
36266	4	0.1566265060240964	901515	1522	2220	2019020
29495	4	1.0	901515	1522	2221	2119021
29105	3	1.0	901515	1522	2219022
29319	4	0.9420289855072463	901515	1522	2223	2319023
48521	4	0.057971014492753624	901515	1514	1423	2319023
29243	5	0.90625	901515	1522	2221	2124	2419024
37628	5	0.09375	901515	1522	2223	2324	2419024
29349	6	0.8571428571428571	901616	168	86	62	21	119001
47891	8	0.14285714285714285	901616	1618	187	78	86	62	21	119001
29541	5	0.92	901616	168	86	62	219002
47799	7	0.08	901616	1618	187	78	86	62	219002
29595	7	0.35	901616	168	86	65	54	43	319003
34928	7	0.5	901616	1610	109	95	54	43	319003
48445	9	0.15	901616	1618	187	78	86	65	54	43	319003
29489	6	0.48	901616	168	86	65	54	419004
34866	6	0.5	901616	1610	109	95	54	419004
48214	8	0.02	901616	1618	187	78	86	65	54	419004
28847	4	0.8833333333333333	901616	168	86	619006
47849	6	0.11666666666666667	901616	1618	187	78	86	619006
28995	4	1.0	901616	1618	187	719007
28969	3	0.8586387434554974	901616	168	819008
47602	5	0.14136125654450263	901616	1618	187	78	819008
29391	4	1.0	901616	1610	109	919009
28905	3	1.0	901616	1610	1019010
29065	4	1.0	901616	1610	1011	1119011
29155	5	1.0	901616	1610	1011	1112	1219012
29539	6	0.574468085106383	901616	1610	1011	1112	1213	1319013
36146	7	0.40425531914893614	901616	1618	1820	2021	2124	2413	1319013
50447	9	0.02127659574468085	901616	1617	1719	1915	1522	2221	2124	2413	1319013
42315	5	0.09302325581395349	901616	1610	1015	1514	1419014
28943	6	0.9069767441860465	901616	1617	1719	1915	1514	1419014
42421	4	0.07042253521126761	901616	1610	1015	1519015
29333	5	0.9295774647887324	901616	1617	1719	1915	1519015
28937	3	1.0	901616	1617	1719017
29049	3	1.0	901616	1618	1819018
29635	4	1.0	901616	1617	1719	1919019
29081	4	1.0	901616	1618	1820	2019020
36026	5	0.717948717948718	901616	1618	1820	2021	2119021
29233	7	0.28205128205128205	901616	1617	1719	1915	1522	2221	2119021
35869	5	0.6344086021505376	901616	1618	1820	2022	2219022
29287	6	0.3655913978494624	901616	1617	1719	1915	1522	2219022
36016	6	0.6078431372549019	901616	1618	1820	2022	2223	2319023
29553	7	0.39215686274509803	901616	1617	1719	1915	1522	2223	2319023
29037	7	0.5161290322580645	901717	1716	168	86	62	21	119001
36553	8	0.4838709677419355	901717	1710	109	95	54	43	31	119001
29411	6	0.7948717948717948	901717	1716	168	86	62	219002
47797	8	0.20512820512820512	901717	1716	1618	187	78	86	62	219002
34974	7	0.8076923076923077	901717	1710	109	95	54	43	319003
29669	8	0.11538461538461539	901717	1716	168	86	65	54	43	319003
40443	8	0.07692307692307693	901717	1716	1610	109	95	54	43	319003
34513	6	0.782608695652174	901717	1710	109	95	54	419004
28875	7	0.10869565217391304	901717	1716	168	86	65	54	419004
40043	7	0.10869565217391304	901717	1716	1610	109	95	54	419004
29407	5	0.8974358974358975	901717	1716	168	86	619006
47867	7	0.10256410256410256	901717	1716	1618	187	78	86	619006
28889	5	1.0	901717	1716	1618	187	719007
29245	4	0.8556701030927835	901717	1716	168	819008
47654	6	0.14432989690721648	901717	1716	1618	187	78	819008
34735	4	0.6842105263157895	901717	1710	109	919009
29271	5	0.3157894736842105	901717	1716	1610	109	919009
34563	3	0.7169811320754716	901717	1710	1019010
28959	4	0.2830188679245283	901717	1716	1610	1019010
34609	4	0.6881720430107527	901717	1710	1011	1119011
29045	5	0.3118279569892473	901717	1716	1610	1011	1119011
34925	5	0.6666666666666666	901717	1710	1011	1112	1219012
29591	6	0.3333333333333333	901717	1716	1610	1011	1112	1219012
36422	6	0.4444444444444444	901717	1710	1011	1112	1213	1319013
29195	8	0.5555555555555556	901717	1719	1915	1522	2221	2124	2413	1319013
29369	5	0.9375	901717	1719	1915	1514	1419014
42932	5	0.0375	901717	1710	1015	1514	1419014
43348	5	0.025	901717	1710	1011	1114	1419014
29009	4	0.9432624113475178	901717	1719	1915	1519015
42975	4	0.05673758865248227	901717	1710	1015	1519015
28877	3	1.0	901717	1716	1619016
29169	3	1.0	901717	1719	1919019
28931	4	0.8854961832061069	901717	1719	1920	2019020
39888	5	0.11450381679389313	901717	1716	1618	1820	2019020
37415	5	0.1111111111111111	901717	1719	1920	2021	2119021
29293	6	0.8518518518518519	901717	1719	1915	1522	2221	2119021
42609	6	0.037037037037037035	901717	1716	1618	1820	2021	2119021
28837	5	0.8819444444444444	901717	1719	1915	1522	2219022
42764	5	0.08333333333333333	901717	1719	1920	2022	2219022
42438	6	0.034722222222222224	901717	1716	1618	1820	2022	2219022
29199	6	0.8375	901717	1719	1915	1522	2223	2319023
42741	6	0.1	901717	1719	1920	2022	2223	2319023
52853	6	0.05	901717	1719	1915	1514	1423	2319023
42251	7	0.0125	901717	1716	1618	1820	2022	2223	2319023
37505	6	0.14102564102564102	901717	1719	1920	2021	2124	2419024
29227	7	0.7564102564102564	901717	1719	1915	1522	2221	2124	2419024
37091	7	0.07692307692307693	901717	1719	1915	1522	2223	2324	2419024
42486	7	0.02564102564102564	901717	1716	1618	1820	2021	2124	2419024
29269	5	0.9072164948453608	901818	1816	1610	109	919009
36492	7	0.030927835051546393	901818	187	78	86	65	59	919009
37396	7	0.061855670103092786	901818	1820	2019	1915	1510	109	919009
28949	6	0.4857142857142857	901818	1816	1610	1011	1112	1219012
36002	7	0.24761904761904763	901818	1820	2021	2124	2413	1312	1219012
36358	9	0.26666666666666666	901818	187	78	86	65	54	43	312	1219012
29932	3	1.0	901818	1816	1619016
29039	7	0.9204545454545454	901818	187	78	86	62	21	119001
42456	7	0.06818181818181818	901818	1816	168	86	62	21	119001
37970	9	0.011363636363636364	901818	1820	2021	2124	2413	1312	123	31	119001
36020	4	0.6179775280898876	901818	1820	2019	1919019
29321	5	0.38202247191011235	901818	1816	1617	1719	1919019
29943	8	0.2222222222222222	901919	1917	1716	168	86	62	21	119001
35239	9	0.7777777777777778	901919	1915	1510	109	95	54	43	31	119001
30982	7	0.7142857142857143	901919	1917	1716	168	86	62	219002
36336	8	0.2857142857142857	901919	1920	2018	187	78	86	62	219002
34877	7	0.7894736842105263	901919	1915	1510	109	95	54	419004
29507	8	0.21052631578947367	901919	1917	1716	168	86	65	54	419004
29891	6	0.36363636363636365	901919	1917	1716	168	86	619006
36255	7	0.5454545454545454	901919	1920	2018	187	78	86	619006
37307	7	0.09090909090909091	901919	1915	1510	109	95	56	619006
36305	5	0.47619047619047616	901919	1920	2018	187	719007
29657	6	0.5238095238095238	901919	1917	1716	1618	187	719007
29511	5	0.53125	901919	1917	1716	168	819008
36328	6	0.25	901919	1920	2018	187	78	819008
43083	6	0.15625	901919	1920	2018	1816	168	819008
50000	7	0.0625	901919	1917	1716	1618	187	78	819008
34625	5	0.8260869565217391	901919	1915	1510	109	919009
29075	6	0.17391304347826086	901919	1917	1716	1610	109	919009
34680	4	0.8378378378378378	901919	1915	1510	1019010
29171	5	0.16216216216216217	901919	1917	1716	1610	1019010
29459	5	0.43902439024390244	901919	1915	1514	1411	1119011
34846	5	0.5121951219512195	901919	1915	1510	1011	1119011
42954	7	0.04878048780487805	901919	1920	2022	2223	2314	1411	1119011
34641	6	0.6153846153846154	901919	1915	1510	1011	1112	1219012
41668	6	0.15384615384615385	901919	1915	1514	1411	1112	1219012
43081	7	0.15384615384615385	901919	1920	2021	2124	2413	1312	1219012
29101	8	0.07692307692307693	901919	1915	1522	2221	2124	2413	1312	1219012
37492	6	0.0625	901919	1920	2021	2124	2413	1319013
29213	7	0.875	901919	1915	1522	2221	2124	2413	1319013
53439	7	0.0625	901919	1915	1514	1411	1112	1213	1319013
29033	4	0.9696969696969697	901919	1915	1514	1419014
43058	6	0.030303030303030304	901919	1920	2022	2223	2314	1419014
28859	3	1.0	901919	1915	1519015
29207	4	0.6923076923076923	901919	1917	1716	1619016
36520	5	0.11538461538461539	901919	1915	1510	1016	1619016
42873	5	0.17307692307692307	901919	1920	2018	1816	1619016
39357	6	0.019230769230769232	901919	1915	1510	1017	1716	1619016
29115	3	0.7638190954773869	901919	1917	1719017
36365	5	0.16080402010050251	901919	1915	1510	1017	1719017
42952	6	0.07537688442211055	901919	1920	2018	1816	1617	1719017
29185	3	1.0	901919	1920	2019020
37634	4	0.19230769230769232	901919	1920	2021	2119021
29335	5	0.8076923076923077	901919	1915	1522	2221	2119021
29387	4	0.872093023255814	901919	1915	1522	2219022
42461	4	0.12790697674418605	901919	1920	2022	2219022
29529	5	0.8064516129032258	901919	1915	1522	2223	2319023
42296	5	0.16129032258064516	901919	1920	2022	2223	2319023
53672	5	0.03225806451612903	901919	1915	1514	1423	2319023
37792	5	0.23529411764705882	901919	1920	2021	2124	2419024
29491	6	0.6470588235294118	901919	1915	1522	2221	2124	2419024
47999	6	0.11764705882352941	901919	1915	1522	2223	2324	2419024
29445	8	0.782608695652174	902020	2018	187	78	86	62	21	119001
37662	8	0.17391304347826086	902020	2021	2124	2413	1312	123	31	119001
43061	8	0.043478260869565216	902020	2018	1816	168	86	62	21	119001
29555	7	0.9	902020	2018	187	78	86	62	219002
42671	7	0.1	902020	2018	1816	168	86	62	219002
29231	8	0.6666666666666666	902020	2018	187	78	86	65	54	419004
36895	8	0.1	902020	2019	1915	1510	109	95	54	419004
42289	8	0.23333333333333334	902020	2022	2215	1510	109	95	54	419004
29005	6	0.7894736842105263	902020	2018	187	78	86	619006
42669	6	0.21052631578947367	902020	2018	1816	168	86	619006
29303	4	1.0	902020	2018	187	719007
29211	5	0.9130434782608695	902020	2018	187	78	819008
42475	5	0.08695652173913043	902020	2018	1816	168	819008
29653	6	0.25806451612903225	902020	2018	1816	1610	109	919009
34982	6	0.5806451612903226	902020	2019	1915	1510	109	919009
42344	6	0.16129032258064516	902020	2022	2215	1510	109	919009
29079	5	0.2283464566929134	902020	2018	1816	1610	1019010
35139	5	0.6456692913385826	902020	2019	1915	1510	1019010
42459	5	0.12598425196850394	902020	2022	2215	1510	1019010
29415	6	0.4107142857142857	902020	2019	1915	1514	1411	1119011
34817	6	0.017857142857142856	902020	2018	1816	1610	1011	1119011
35327	6	0.48214285714285715	902020	2019	1915	1510	1011	1119011
42376	6	0.05357142857142857	902020	2022	2223	2314	1411	1119011
43761	6	0.03571428571428571	902020	2022	2215	1510	1011	1119011
29513	6	1.0	902020	2021	2124	2413	1312	1219012
29063	5	1.0	902020	2021	2124	2413	1319013
28975	5	0.782608695652174	902020	2019	1915	1514	1419014
42565	5	0.17391304347826086	902020	2022	2223	2314	1419014
44007	5	0.043478260869565216	902020	2022	2215	1514	1419014
29281	4	0.8117647058823529	902020	2019	1915	1519015
42229	4	0.18823529411764706	902020	2022	2215	1519015
29123	4	0.8704453441295547	902020	2018	1816	1619016
36936	6	0.06882591093117409	902020	2018	187	78	816	1619016
37555	6	0.06072874493927125	902020	2019	1915	1510	1016	1619016
29085	4	0.6866666666666666	902020	2019	1917	1719017
36515	5	0.2	902020	2018	1816	1617	1719017
36999	6	0.11333333333333333	902020	2019	1915	1510	1017	1719017
29051	3	1.0	902020	2019	1919019
29403	3	1.0	902020	2021	2119021
28983	3	1.0	902020	2022	2219022
29175	4	1.0	902020	2022	2223	2319023
29259	4	0.95	902020	2021	2124	2419024
48816	5	0.05	902020	2022	2221	2124	2419024
30541	7	1.0	902121	2124	2413	1312	123	31	119001
29235	7	0.7857142857142857	902121	2124	2413	1312	123	34	419004
43009	8	0.21428571428571427	902121	2122	2215	1510	109	95	54	419004
29621	7	0.75	902121	2120	2018	187	78	86	619006
42617	7	0.16666666666666666	902121	2120	2018	1816	168	86	619006
37757	8	0.08333333333333333	902121	2122	2215	1510	109	95	56	619006
28899	5	1.0	902121	2120	2018	187	719007
29395	6	0.8529411764705882	902121	2120	2018	187	78	819008
41960	6	0.14705882352941177	902121	2120	2018	1816	168	819008
28935	6	1.0	902121	2122	2215	1510	109	919009
29121	5	0.946236559139785	902121	2122	2215	1510	1019010
38550	6	0.053763440860215055	902121	2120	2019	1915	1510	1019010
29249	6	0.6756756756756757	902121	2124	2423	2314	1411	1119011
34723	6	0.2702702702702703	902121	2122	2215	1510	1011	1119011
43469	6	0.05405405405405406	902121	2122	2223	2314	1411	1119011
29517	5	1.0	902121	2124	2413	1312	1219012
29593	4	1.0	902121	2124	2413	1319013
29567	5	0.8928571428571429	902121	2124	2423	2314	1419014
44050	5	0.10714285714285714	902121	2122	2215	1514	1419014
29471	4	0.9692307692307692	902121	2122	2215	1519015
38469	5	0.03076923076923077	902121	2120	2019	1915	1519015
35712	5	0.27586206896551724	902121	2120	2018	1816	1619016
36245	6	0.1724137931034483	902121	2122	2215	1510	1016	1619016
29413	7	0.5	902121	2122	2215	1519	1917	1716	1619016
38313	7	0.05172413793103448	902121	2120	2018	187	78	816	1619016
29623	6	0.6909090909090909	902121	2122	2215	1519	1917	1719017
35906	6	0.10909090909090909	902121	2122	2215	1510	1017	1719017
42026	6	0.16363636363636364	902121	2120	2018	1816	1617	1719017
38489	7	0.03636363636363636	902121	2120	2019	1915	1510	1017	1719017
36489	4	0.2727272727272727	902121	2120	2019	1919019
28909	5	0.7272727272727273	902121	2122	2215	1519	1919019
29499	3	1.0	902121	2120	2019020
28887	3	1.0	902121	2122	2219022
28947	4	0.9245283018867925	902121	2124	2423	2319023
43585	4	0.07547169811320754	902121	2122	2223	2319023
29453	3	1.0	902121	2124	2419024
29163	8	0.8928571428571429	902222	2221	2124	2413	1312	123	31	119001
37403	8	0.07142857142857142	902222	2223	2324	2413	1312	123	31	119001
44093	9	0.03571428571428571	902222	2215	1510	109	95	54	43	31	119001
29117	8	0.782608695652174	902222	2220	2018	187	78	86	62	219002
37676	8	0.13043478260869565	902222	2215	1510	109	95	56	62	219002
36993	9	0.08695652173913043	902222	2221	2124	2413	1312	123	31	12	219002
29021	7	0.8947368421052632	902222	2221	2124	2413	1312	123	319003
37730	7	0.05263157894736842	902222	2223	2324	2413	1312	123	319003
44040	8	0.05263157894736842	902222	2215	1510	109	95	54	43	319003
29475	6	0.24390243902439024	902222	2223	2314	1411	114	419004
34857	7	0.7317073170731707	902222	2215	1510	109	95	54	419004
38330	8	0.024390243902439025	902222	2221	2124	2413	1312	123	34	419004
28941	7	0.896551724137931	902222	2220	2018	187	78	86	619006
36925	7	0.06896551724137931	902222	2215	1510	109	95	56	619006
42323	7	0.034482758620689655	902222	2220	2018	1816	168	86	619006
29525	5	1.0	902222	2220	2018	187	719007
29205	6	0.9166666666666666	902222	2220	2018	187	78	819008
42312	6	0.08333333333333333	902222	2220	2018	1816	168	819008
29409	5	0.9636363636363636	902222	2215	1510	109	919009
38449	7	0.03636363636363636	902222	2220	2019	1915	1510	109	919009
28973	4	0.9563318777292577	902222	2215	1510	1019010
38354	6	0.043668122270742356	902222	2220	2019	1915	1510	1019010
28953	5	0.46153846153846156	902222	2223	2314	1411	1119011
34557	5	0.43956043956043955	902222	2215	1510	1011	1119011
41619	5	0.0989010989010989	902222	2215	1514	1411	1119011
28853	6	0.8863636363636364	902222	2221	2124	2413	1312	1219012
37432	6	0.11363636363636363	902222	2223	2324	2413	1312	1219012
28873	5	0.803030303030303	902222	2221	2124	2413	1319013
37606	5	0.19696969696969696	902222	2223	2324	2413	1319013
29505	4	0.4594594594594595	902222	2223	2314	1419014
34875	4	0.5405405405405406	902222	2215	1514	1419014
28963	3	0.9444444444444444	902222	2215	1519015
38420	5	0.05555555555555555	902222	2220	2019	1915	1519015
36012	5	0.12857142857142856	902222	2215	1510	1016	1619016
42223	5	0.2857142857142857	902222	2220	2018	1816	1619016
29129	6	0.5285714285714286	902222	2215	1519	1917	1716	1619016
38478	7	0.05714285714285714	902222	2220	2018	187	78	816	1619016
29043	5	0.6737588652482269	902222	2215	1519	1917	1719017
35933	5	0.10638297872340426	902222	2215	1510	1017	1719017
44634	5	0.0070921985815602835	902222	2220	2019	1917	1719017
42307	6	0.19858156028368795	902222	2220	2018	1816	1617	1719017
38291	7	0.014184397163120567	902222	2220	2019	1915	1510	1017	1719017
28929	4	0.7764705882352941	902222	2215	1519	1919019
36478	4	0.2235294117647059	902222	2220	2019	1919019
29189	3	1.0	902222	2220	2019020
28927	3	1.0	902222	2221	2119021
29267	3	1.0	902222	2223	2319023
29291	4	0.9215686274509803	902222	2221	2124	2419024
37565	4	0.0784313725490196	902222	2223	2324	2419024
29001	7	1.0	902323	2324	2413	1312	123	31	119001
29135	6	1.0	902323	2324	2413	1312	123	319003
29223	5	0.8148148148148148	902323	2314	1411	114	419004
36618	7	0.18518518518518517	902323	2324	2413	1312	123	34	419004
30045	7	0.3125	902323	2314	1411	114	45	56	619006
35340	8	0.625	902323	2322	2220	2018	187	78	86	619006
38093	8	0.0625	902323	2322	2215	1510	109	95	56	619006
29385	6	0.9310344827586207	902323	2322	2220	2018	187	719007
43171	7	0.06896551724137931	902323	2324	2421	2120	2018	187	719007
28845	7	0.8461538461538461	902323	2322	2220	2018	187	78	819008
41771	7	0.02564102564102564	902323	2322	2220	2018	1816	168	819008
42994	8	0.1282051282051282	902323	2324	2421	2120	2018	1816	168	819008
29581	6	0.23076923076923078	902323	2314	1411	1110	109	919009
34919	6	0.6538461538461539	902323	2322	2215	1510	109	919009
38461	6	0.11538461538461539	902323	2314	1415	1510	109	919009
29029	5	0.2072072072072072	902323	2314	1411	1110	1019010
34600	5	0.7027027027027027	902323	2322	2215	1510	1019010
38519	5	0.09009009009009009	902323	2314	1415	1510	1019010
29239	4	1.0	902323	2314	1411	1119011
29083	5	1.0	902323	2324	2413	1312	1219012
29173	4	1.0	902323	2324	2413	1319013
29203	3	1.0	902323	2314	1419014
28869	4	0.8552631578947368	902323	2322	2215	1519015
38337	4	0.14473684210526316	902323	2314	1415	1519015
35763	6	0.3382352941176471	902323	2322	2220	2018	1816	1619016
36103	6	0.08823529411764706	902323	2322	2215	1510	1016	1619016
29161	7	0.5147058823529411	902323	2322	2215	1519	1917	1716	1619016
39029	7	0.014705882352941176	902323	2314	1415	1510	1017	1716	1619016
42923	7	0.04411764705882353	902323	2324	2421	2120	2018	1816	1619016
29439	6	0.6619718309859155	902323	2322	2215	1519	1917	1719017
36096	6	0.14084507042253522	902323	2322	2215	1510	1017	1719017
38418	6	0.028169014084507043	902323	2314	1415	1510	1017	1719017
42249	7	0.08450704225352113	902323	2322	2220	2018	1816	1617	1719017
42903	8	0.08450704225352113	902323	2324	2421	2120	2018	1816	1617	1719017
28897	5	0.9315068493150684	902323	2322	2220	2018	1819018
42940	6	0.0684931506849315	902323	2324	2421	2120	2018	1819018
29443	5	0.6944444444444444	902323	2322	2215	1519	1919019
36271	5	0.25	902323	2322	2220	2019	1919019
42839	5	0.05555555555555555	902323	2314	1415	1519	1919019
29367	4	0.9344262295081968	902323	2322	2220	2019020
42798	5	0.06557377049180328	902323	2324	2421	2120	2019020
29041	4	0.98	902323	2324	2421	2119021
38037	4	0.02	902323	2322	2221	2119021
29107	3	1.0	902323	2322	2219022
