415	2
5804	4
416	2
5805	4
1	8
417	2
5806	4
1602	12
418	2
5807	4
2	8
419	2
5808	4
1883	19
420	2
5809	4
3186	23
2732	25
3	8
3453	28
421	2
5810	4
1456	32
5541	34
1603	12
422	2
5811	4
4	8
5704	40
423	2
5812	4
1309	44
3007	46
424	2
3097	49
5813	4
5	8
425	2
5814	4
2034	55
1604	12
1884	19
426	2
5815	4
2874	61
3187	23
3589	11733
2733	25
6	8
2255	68
3331	70
427	2
3454	28
5816	4
428	2
5817	4
1457	32
2672	78
2947	80
7	8
429	2
2403	84
2534	86
5542	34
5818	4
1605	12
430	2
1828	9134
5029	94
5819	4
1404	97
3694	11744
8	8
431	2
5820	4
1885	19
5705	40
432	2
5821	4
3188	23
1310	44
2734	25
433	2
5822	4
9	8
1606	12
2615	115
3455	28
3008	46
434	2
3098	49
5823	4
435	2
5824	4
10	8
3833	125
1458	32
2324	7256
436	2
5825	4
5543	34
437	2
2035	55
3415	135
5826	4
1607	12
11	8
1886	19
438	2
5827	4
2875	61
3189	23
3590	11733
439	2
2735	25
5828	4
12	8
2256	68
3332	70
2111	152
440	2
3456	28
5829	4
5706	40
441	2
5830	4
1608	12
2502	9146
13	8
442	7226
5831	4
1311	44
4998	167
443	2
1459	32
5832	4
1887	19
2673	78
2948	80
3009	46
14	8
444	2
2404	84
2462	179
2535	86
3099	49
5544	34
5833	4
3190	23
445	2
1609	12
5834	4
2736	25
15	8
446	2
1829	9134
5030	94
5835	4
3806	195
3457	28
447	2
5836	4
4221	11757
5084	202
1405	97
3695	99
16	8
448	2
5837	4
2036	55
4831	9707
1610	12
449	7226
5838	4
1888	19
5707	40
450	2
1578	218
5466	220
5839	4
17	8
1460	32
2876	61
3191	23
3591	9125
451	2
5840	4
1312	44
2737	25
4678	9160
5545	34
452	2
5841	4
18	8
2257	68
3333	70
1611	12
453	2
2616	115
3458	28
5842	4
2217	9162
2593	247
3010	46
454	2
3100	49
5843	4
19	8
2364	254
3911	19461
4701	258
455	2
5844	4
1889	19
456	7226
5845	4
20	8
1612	12
3834	125
4978	268
5140	270
5490	272
3192	23
457	2
5846	4
1461	32
2325	9142
2738	25
458	2
5847	4
2674	78
2949	80
5708	40
21	8
459	2
2405	84
2536	86
5546	34
5848	4
3459	28
460	2
2037	55
3416	135
5849	4
1613	12
22	8
1313	44
461	2
1890	19
5850	4
2385	11775
3661	304
3932	306
4856	14157
462	2
1830	9134
5031	94
5851	4
2877	61
23	8
463	2
3193	23
3592	9125
5852	4
3011	46
464	2
2739	25
3101	49
3773	11780
4907	13683
5853	4
1614	12
1406	97
3696	99
1462	32
24	8
465	2
2258	68
3334	70
5854	4
2112	152
466	2
3460	28
5855	4
5547	34
1891	19
2201	9182
2239	346
3790	348
3874	7290
3989	9189
4168	11790
4891	9193
467	2
5856	4
25	8
5709	40
468	2
5857	4
1615	12
2503	9146
469	2
5858	4
3194	23
26	8
470	2
5859	4
1314	44
2159	373
2740	25
3400	376
3679	9197
4999	167
471	2
5860	4
27	8
2038	55
472	2
1463	32
5861	4
1616	12
2617	115
3461	28
1892	19
473	2
2675	78
2950	80
5862	4
3012	46
28	8
474	2
2145	399
2406	84
2463	179
2537	86
3102	49
3746	405
3975	407
5160	409
5510	411
5527	15690
5548	34
5863	4
2878	61
475	2
5864	4
3195	23
3593	12210
29	8
476	2
1617	12
5865	4
5710	40
2741	25
477	2
5866	4
30	8
2259	68
3335	70
478	2
1831	9134
5032	94
5867	4
3835	125
2181	11802
3760	440
3807	195
4266	11805
5365	445
1893	19
479	2
3462	28
5868	4
1464	32
1315	44
2326	9142
31	8
1618	12
480	2
5869	4
4222	11757
5085	202
481	2
5870	4
3196	23
1407	97
3697	99
5549	34
32	8
482	2
5871	4
2742	25
483	2
2039	55
3417	135
4832	9707
5872	4
3013	46
3899	476
4146	12306
4785	13349
4874	46153
5118	484
1619	12
484	2
3103	49
5873	4
33	8
1894	19
485	2
5711	40
5874	4
3463	28
486	2
1579	218
5467	220
5875	4
34	8
1465	32
2879	61
487	2
5876	4
3197	23
3594	64
1620	12
2676	78
2951	80
488	2
5877	4
35	8
489	2
1316	44
2407	84
2491	516
2538	86
2743	25
4061	520
4679	9282
4722	9228
4759	525
4820	11820
5351	529
5438	9236
5550	34
5878	4
490	2
5879	4
1895	19
36	8
2260	68
3336	70
2113	152
491	2
5880	4
1621	12
492	2
2618	115
3464	28
5881	4
2218	245
2594	247
37	8
493	2
3014	46
5882	4
3198	23
1466	32
5712	40
494	2
1832	9134
3104	49
5033	94
5883	4
2040	55
38	8
495	2
5884	4
2744	25
1622	12
2365	11767
2504	9146
2660	571
3912	9166
4525	12686
4702	11770
4957	9452
5130	579
496	2
5885	4
1896	19
5551	34
39	8
497	2
5886	4
498	2
5887	4
1317	44
1408	97
3698	99
5000	167
3465	28
2880	61
40	8
499	2
5888	4
1623	12
3836	125
4979	9170
5141	270
5491	272
3199	23
3595	9125
500	2
5889	4
501	7226
1467	32
5890	4
41	8
2327	11748
2745	25
502	2
5891	4
1897	19
2677	78
2952	80
5713	40
3015	46
503	2
5892	4
1624	12
42	8
2261	68
3337	70
504	2
2408	84
2464	9149
2539	86
3105	49
3950	632
4033	22854
4535	29037
4776	638
5552	34
5893	4
505	2
3466	28
5894	4
43	8
3200	23
506	2
2041	55
3418	135
5895	4
507	2
1625	12
5896	4
44	8
1318	44
2746	25
508	2
1898	19
5897	4
1468	32
2386	302
3662	304
3933	306
4857	28189
509	2
5898	4
45	8
510	2
1833	9134
5034	94
5899	4
3808	195
1626	12
511	2
2881	61
5900	4
2619	115
3467	28
5553	34
5714	40
46	8
512	2
3201	23
3596	9677
5901	4
3016	46
513	2
5902	4
4223	11757
5086	202
47	8
1899	19
514	2
2747	25
3106	49
3774	11780
4114	9250
4122	699
4258	12066
4638	703
4812	13366
4908	13683
4970	708
5313	710
5393	12683
5903	4
1627	12
515	2
5904	4
1409	97
3699	99
1469	32
48	8
516	2
2262	68
3338	70
5905	4
2114	152
517	2
5906	4
1319	44
2678	78
2953	80
2042	55
4833	9707
518	2
3468	28
5907	4
49	8
3202	23
1628	12
519	2
2409	84
2540	86
5554	34
5908	4
1900	19
2202	9182
2240	9184
3791	9186
3875	350
3990	9189
4169	354
4892	9193
520	2
5909	4
50	8
2748	25
5715	40
3837	125
521	2
5910	4
522	2
1580	218
5468	220
5911	4
51	8
1629	12
3017	46
1470	32
523	2
2505	9146
5912	4
2882	61
2328	7256
524	2
3107	49
5913	4
3203	23
3597	9125
52	8
3469	28
525	2
5914	4
1901	19
526	7226
1834	9134
5035	94
5915	4
1630	12
1320	44
2160	373
2194	12082
2749	25
3401	376
3680	9270
3961	796
4005	9274
4017	11855
4487	11857
4629	13040
4680	9282
4733	11863
5001	167
5458	11867
5555	34
53	8
527	2
5916	4
528	2
5917	4
54	8
2263	68
3339	70
529	2
2043	55
3419	135
5918	4
5716	40
530	2
1471	32
5919	4
1631	12
3204	23
55	8
531	2
2620	115
3470	28
5920	4
2219	245
2595	247
1902	19
532	2
2679	78
2954	80
5921	4
1410	97
3700	11744
3018	46
2750	25
56	8
533	2
5922	4
534	2
2146	399
2410	84
2465	9149
2541	86
3108	49
3747	9318
3976	9202
5161	409
5511	411
5528	9206
5556	34
5923	4
1632	12
535	2
5924	4
57	8
2883	61
1321	44
536	2
5925	4
3205	23
3598	9677
2366	254
3913	256
4703	258
537	2
5926	4
58	8
1472	32
1903	19
3471	28
538	2
1633	12
5927	4
5717	40
539	2
2751	25
5928	4
59	8
540	2
5929	4
2044	55
541	2
5930	4
60	8
2264	68
3340	70
5557	34
1634	12
542	2
1835	9134
5036	94
5931	4
2115	152
3838	125
4980	268
5142	270
5492	272
3019	46
2182	11802
3761	13509
3809	195
4027	13376
4042	12267
4048	14380
4080	919
4104	921
4132	17378
4138	12273
4198	17018
4267	18902
4357	930
4389	11938
4481	9366
4586	9368
4610	9370
4750	12285
4770	942
5110	9376
5366	445
5387	17036
5449	9381
3206	23
543	2
5932	4
1904	19
61	8
544	2
3109	49
3472	28
5933	4
1473	32
545	2
5934	4
1322	44
2329	7256
2752	25
62	8
1635	12
546	2
5935	4
2680	78
2955	80
547	2
4224	12618
5087	202
5936	4
5718	40
2884	61
63	8
548	2
5937	4
3207	23
3599	11733
549	2
1411	97
2411	84
2542	86
3701	11889
5558	34
5938	4
1905	19
1636	12
64	8
550	2
5939	4
2506	161
2621	115
3473	28
551	2
5940	4
2753	25
1474	32
552	2
2045	55
3420	135
4834	9707
5941	4
65	8
3020	46
3900	16758
4147	16760
4786	9778
4875	9780
5119	9782
553	2
5942	4
1637	12
554	2
3110	49
5943	4
66	8
2265	68
3341	70
1323	44
5002	167
3208	23
555	2
1906	19
5944	4
2387	11966
3663	304
3934	306
4858	9177
556	2
5719	40
5945	4
67	8
5559	34
557	2
3474	28
5946	4
1638	12
2754	25
558	2
1581	218
1836	9134
5037	94
5469	220
5947	4
68	8
559	2
1475	32
5948	4
2885	61
560	2
5949	4
69	8
1907	19
561	2
3209	23
3600	9125
5950	4
1639	12
2681	78
2956	80
562	2
5951	4
3021	46
70	8
563	2
5952	4
2046	55
3475	28
3839	125
564	2
1304	1075
1324	44
2412	84
2466	9149
2492	516
2543	86
2755	25
3111	49
3775	324
3890	1085
3968	1087
4012	1089
4054	1091
4062	520
4280	24249
4324	11986
4330	11988
4378	1100
4592	14431
4616	11993
4664	1106
4671	1108
4681	9160
4723	13057
4760	525
4797	9433
4821	11820
4909	9719
5352	529
5439	9236
5560	34
5697	1120
5953	4
71	8
5720	40
565	2
5954	4
1640	12
1412	97
3702	11744
566	2
5955	4
1476	32
1908	19
72	8
567	2
2266	68
3342	70
5956	4
2330	9142
3210	23
2116	152
568	2
5957	4
569	2
1641	12
5958	4
73	8
570	2
2622	115
3476	28
5959	4
2756	25
2220	9162
2596	247
571	2
5960	4
74	8
5561	34
2886	61
572	2
3022	46
5961	4
1909	19
2203	11784
2241	9184
3792	13517
3876	350
3991	9189
4170	11790
4893	9193
1642	12
573	2
5962	4
3211	23
3601	9677
75	8
1325	44
1477	32
5721	40
574	2
1837	9134
3112	49
5038	94
5963	4
3810	9151
575	2
2047	55
3421	135
5964	4
76	8
576	2
5965	4
2682	78
2957	80
2757	25
3477	28
1643	12
577	2
5966	4
2367	254
2507	161
2661	571
3914	256
4526	9239
4704	258
4958	9452
5131	579
77	8
578	2
5967	4
1910	19
579	2
2413	84
2544	86
5562	34
5968	4
3212	23
78	8
2267	68
3343	70
580	2
5969	4
4225	25529
5088	202
1644	12
1478	32
581	2
5970	4
79	8
3023	46
582	2
5971	4
5722	40
1326	44
1413	97
2161	373
2758	25
3402	376
3681	9197
3703	16704
5003	167
583	7226
3478	28
5972	4
2887	61
80	8
584	2
3113	49
5973	4
1911	19
1645	12
585	2
3840	125
4981	9170
5143	270
5493	272
5974	4
3213	23
3602	12210
586	2
5975	4
81	8
2048	55
4835	9707
5563	34
587	2
5976	4
588	2
1479	32
5977	4
82	8
1646	12
589	2
2331	9142
2759	25
5978	4
2623	115
3479	28
590	2
1838	9134
5039	94
5979	4
1912	19
83	8
591	2
2683	78
2958	80
5980	4
5723	40
3214	23
3024	46
592	2
5981	4
1327	44
1647	12
84	8
2268	68
3344	70
593	2
5982	4
2117	152
594	2
1582	218
2147	399
2414	84
2467	9149
2545	86
3114	49
3748	9318
3895	1310
3951	632
3977	9202
4034	12025
4110	1315
4214	1317
4343	51538
4459	9466
4502	1323
4536	636
4544	14950
4624	1328
4657	1330
4777	13761
4807	1333
4927	9481
4936	9483
4940	9485
4945	9487
4949	1343
4953	1345
5162	409
5260	1348
5265	1350
5269	1352
5273	12051
5277	13431
5304	1358
5309	12607
5333	1362
5347	1364
5378	1366
5434	12061
5470	220
5512	411
5529	10148
5564	34
5663	1374
5983	4
85	8
595	2
5984	4
1480	32
2760	25
2888	61
596	2
3480	28
5985	4
1648	12
1913	19
86	8
597	2
5986	4
3215	23
3603	9125
598	2
2049	55
3422	135
5987	4
87	8
599	2
5988	4
1414	97
3704	11744
600	2
1649	12
5989	4
5724	40
88	8
601	2
5990	4
1328	44
2761	25
4682	9282
5565	34
3025	46
602	2
1914	19
5991	4
1481	32
3481	28
603	2
2388	302
3664	304
3935	9397
4859	11970
5992	4
89	8
1650	12
3216	23
604	2
3115	49
5993	4
2508	161
605	2
5994	4
90	8
2269	68
3345	70
2684	78
2959	80
606	2
1839	9134
5040	94
5995	4
3841	125
2183	11802
3762	440
3811	195
4268	20850
5367	445
607	2
5996	4
91	8
1651	12
2762	25
1915	19
608	2
2889	61
5997	4
609	2
2415	84
2546	86
2624	115
3482	28
5566	34
5998	4
5725	40
92	8
2050	55
2221	11764
2597	247
1482	32
610	2
3217	23
3604	57498
5999	4
1329	44
2332	9142
5004	167
611	2
6000	4
3026	46
93	8
1652	12
612	2
6001	4
613	2
6002	4
4226	14134
5089	202
94	8
1916	19
614	2
2763	25
3116	49
3776	21199
4115	697
4123	699
4259	34999
4639	12068
4813	13366
4910	326
4971	708
5314	710
5394	21378
6003	4
615	7226
6004	4
1653	12
3483	28
95	8
616	2
6005	4
3218	23
1415	97
3705	9138
5567	34
617	2
1483	32
6006	4
96	8
618	2
2270	68
3346	70
6007	4
5726	40
2368	254
3915	9166
4705	9168
619	2
2118	152
6008	4
1654	12
1917	19
620	2
6009	4
97	8
2890	61
1330	44
2764	25
2685	78
2960	80
621	2
2051	55
3423	135
4836	9707
6010	4
3027	46
3901	476
4148	29428
4787	16762
4876	9780
5120	484
622	2
1840	9134
3484	28
5041	94
6011	4
98	8
3219	23
3605	9125
623	2
6012	4
1655	12
624	2
2416	84
2468	9149
2547	9132
3117	49
5568	34
6013	4
1484	32
99	8
625	2
6014	4
1918	19
2204	11784
2242	9184
3793	348
3877	350
3992	9189
4171	354
4894	9768
626	2
6015	4
100	8
2765	25
627	2
5727	40
6016	4
1656	12
3842	125
4982	268
5144	270
5494	272
628	2
6017	4
3220	23
2625	115
3485	28
101	8
629	2
6018	4
1331	44
630	2
1583	218
5471	220
6019	4
102	8
2271	68
3347	70
631	2
1657	12
6020	4
3028	46
1919	19
1485	32
5569	34
632	2
2509	161
6021	4
2891	61
2052	55
2333	9142
2766	25
103	8
633	2
6022	4
1416	97
3706	11744
634	2
3118	49
6023	4
3221	23
3606	9125
1658	12
104	8
635	2
3486	28
6024	4
2686	78
2961	80
5728	40
636	2
6025	4
637	2
6026	4
105	8
1920	19
638	2
1841	9134
5042	94
6027	4
1486	32
1659	12
3812	195
639	2
1332	44
2162	373
2178	12080
2195	12082
2417	84
2493	516
2548	86
2767	25
3403	376
3682	10022
3962	796
4006	9274
4018	36927
4024	12093
4063	520
4077	1673
4086	12098
4101	9550
4158	1679
4184	16167
4190	1683
4209	14519
4320	35030
4337	20429
4340	16177
4386	25136
4415	16881
4428	1697
4450	15308
4467	12121
4472	1703
4488	11857
4499	14537
4515	9581
4519	12128
4557	9585
4571	13011
4597	31065
4605	9591
4630	42577
4648	1721
4654	1723
4661	12140
4683	9160
4724	9228
4734	807
4740	12147
4743	1732
4756	7576
4761	525
4802	16916
4822	527
4886	1740
4924	9615
4967	1744
5005	167
5174	1747
5209	18418
5220	33167
5224	12168
5235	7591
5252	16227
5288	1759
5301	9632
5321	1763
5324	13216
5330	13220
5338	15574
5353	9234
5382	12180
5407	13243
5410	1776
5413	1778
5440	9236
5459	11867
5570	34
5660	1783
5669	1785
5683	37004
5694	1789
6028	4
106	8
640	2
6029	4
3222	23
641	2
6030	4
3029	46
107	8
3487	28
642	2
6031	4
1660	12
643	2
6032	4
1921	19
108	8
2272	68
3348	70
644	2
2053	55
3119	49
3424	135
6033	4
2892	61
2119	152
5729	40
645	2
6034	4
2768	25
109	8
646	2
1487	32
6035	4
1661	12
5571	34
3223	23
3607	9677
4227	11757
5090	202
647	2
6036	4
110	8
648	2
2626	115
3488	28
6037	4
1333	44
2222	9162
2598	247
649	2
1922	19
6038	4
3843	125
111	8
650	2
2687	78
2962	80
6039	4
1417	97
2389	302
3665	304
3707	9138
3936	306
4860	9177
1662	12
651	2
3030	46
6040	4
2769	25
112	8
652	2
6041	4
3224	23
653	2
6042	4
1488	32
5730	40
654	2
1842	9134
2148	399
2418	84
2469	179
2549	86
3120	49
3749	9318
3978	9202
5043	94
5163	409
5513	411
5530	413
5572	34
6043	4
113	8
1663	12
3489	28
2334	7256
1923	19
655	2
6044	4
2054	55
4837	9707
656	2
6045	4
114	8
2273	68
3349	70
2893	61
657	2
6046	4
1334	44
2770	25
658	2
6047	4
1664	12
115	8
659	2
3225	23
3608	9677
6048	4
2369	254
2510	161
2662	571
3916	9166
4527	9239
4706	258
4959	9452
5132	579
660	2
6049	4
116	8
1489	32
1924	19
3031	46
661	7226
3490	28
6050	4
5573	34
662	2
1665	12
6051	4
5731	40
117	8
663	2
6052	4
664	2
2771	25
3121	49
3777	7282
4911	326
6053	4
118	8
2688	78
2963	80
665	2
6054	4
3226	23
1666	12
666	2
1584	218
5472	220
6055	4
1925	19
119	8
667	2
2055	55
3425	135
6056	4
1335	44
1418	97
3708	11744
5006	12161
2627	115
3491	28
1490	32
668	2
6057	4
2894	61
120	8
669	2
2274	9667
2419	84
2550	86
3350	70
5574	34
6058	4
1667	12
670	2
1843	9134
5044	94
6059	4
2120	152
2772	25
3844	125
4983	9170
5145	270
5495	272
3032	46
671	2
2184	11802
3763	13509
3813	195
4028	13376
4043	12267
4049	9348
4081	919
4105	921
4133	24075
4139	7412
4199	11933
4269	11805
4358	9742
4390	9744
4482	9746
4587	9748
4611	17029
4751	31190
4771	942
5111	944
5368	9214
5388	17036
5450	9381
6060	4
121	8
3227	23
3609	9677
5732	40
672	2
6061	4
1926	19
673	2
6062	4
122	8
1668	12
674	2
3122	49
3492	28
6063	4
675	2
1491	32
6064	4
123	8
676	2
6065	4
1336	44
2335	9142
2773	25
4684	9282
5575	34
677	2
6066	4
3228	23
124	8
1669	12
678	2
6067	4
1927	19
2205	9182
2243	9184
3794	14118
3878	350
3993	9764
4172	12297
4895	12299
2056	55
679	2
6068	4
2689	78
2964	80
125	8
680	2
4228	14611
5091	202
6069	4
5733	40
3493	28
3033	46
2895	61
681	2
6070	4
1670	12
126	8
2275	68
3351	70
682	2
6071	4
1492	32
2774	25
683	2
6072	4
3229	23
3610	9677
127	8
684	2
1419	97
2420	84
2470	9313
2551	86
3123	49
3709	99
3952	632
4035	12025
4537	9246
4778	638
5576	34
6073	4
1928	19
685	2
6074	4
1671	12
1337	44
128	8
686	2
1844	9134
5045	12234
6075	4
2511	9146
687	2
2628	115
3494	28
6076	4
2223	11764
2599	247
688	2
6077	4
129	8
689	2
2775	25
6078	4
1672	12
5734	40
1493	32
3230	23
690	2
2057	55
3426	135
4838	9707
6079	4
1929	19
130	8
3034	46
3902	476
4149	11960
4788	480
4877	9222
5121	9782
691	2
6080	4
5577	34
3845	125
692	2
6081	4
131	8
2896	61
693	2
1673	12
6082	4
3495	28
694	2
3124	49
6083	4
2690	78
2965	80
132	8
2276	68
3352	70
695	2
6084	4
1338	44
2163	373
2776	25
3404	376
3683	10022
5007	167
3231	23
3611	9677
2121	152
696	2
1930	19
6085	4
133	8
1494	32
1674	12
697	2
6086	4
2390	302
3666	12223
3937	306
4861	9177
698	2
5735	40
6087	4
2336	7256
134	8
699	2
2421	84
2552	9132
5578	34
6088	4
700	2
3496	28
6089	4
2370	254
3917	9712
4707	258
3035	46
1675	12
135	8
1420	97
3710	11744
701	2
6090	4
2058	55
2777	25
1931	19
3232	23
702	2
1585	218
1845	9134
5046	12234
5473	220
6091	4
136	8
703	2
6092	4
3814	195
704	2
1495	32
3125	49
6093	4
1339	44
1676	12
705	2
2897	61
6094	4
137	8
706	2
6095	4
2629	115
3497	28
5579	34
5736	40
707	2
6096	4
138	8
2277	68
3353	70
1932	19
2778	25
708	2
3233	23
3612	9677
6097	4
1677	12
709	2
2691	78
2966	80
6098	4
139	8
710	2
6099	4
3036	46
711	2
6100	4
1496	32
140	8
712	2
6101	4
1678	12
713	2
2059	55
3427	135
3498	28
6102	4
3846	125
4229	11757
4984	268
5092	202
5146	270
5496	272
141	8
1933	19
2512	161
714	2
1305	1075
1340	44
2149	399
2175	37109
2422	84
2471	9149
2494	516
2553	86
2670	9787
2779	25
3126	49
3750	9698
3778	324
3891	11079
3959	2291
3969	1087
3973	2294
3979	407
4013	11980
4055	1091
4059	2299
4064	520
4072	12324
4074	2304
4089	14706
4092	2308
4095	12329
4097	14711
4099	12333
4116	697
4124	699
4130	2318
4144	12339
4164	2322
4166	25315
4188	13570
4196	12345
4256	17083
4260	12066
4281	12793
4287	35216
4293	59669
4297	32319
4302	13584
4306	39030
4310	39032
4312	39034
4315	12366
4325	14746
4331	35232
4352	12371
4363	26282
4365	2356
4376	28287
4379	11990
4384	18200
4395	14760
4397	2365
4404	17117
4407	44666
4411	12389
4433	9875
4439	9877
4442	19259
4453	7767
4457	13628
4465	13630
4494	15985
4506	11162
4523	9891
4548	13636
4553	9895
4555	9897
4563	33363
4567	21325
4569	21327
4578	23296
4582	9907
4584	16002
4593	16004
4600	39074
4617	1104
4621	19285
4636	31309
4640	9255
4652	13664
4665	1106
4669	2421
4672	1108
4676	9930
4685	9160
4725	13057
4746	25377
4748	2430
4762	525
4798	1113
4805	39987
4814	27372
4823	15430
4889	2438
4912	9719
4931	9943
4934	11204
4972	708
5116	2446
5164	409
5184	21358
5186	19309
5193	2453
5202	14830
5218	2457
5228	16053
5230	16055
5255	12464
5258	2465
5284	16061
5294	9969
5298	9971
5315	12074
5327	13713
5343	2476
5354	529
5362	2479
5385	29363
5395	9983
5403	19331
5405	18292
5416	39117
5418	13729
5430	13731
5432	9995
5441	9236
5456	17215
5514	411
5525	2500
5531	12238
5580	34
5667	2504
5672	10001
5674	10003
5676	10005
5679	2512
5686	12499
5689	2516
5698	1120
5702	10014
6103	4
3234	23
715	2
6104	4
142	8
5737	40
716	2
6105	4
1679	12
717	2
6106	4
2898	61
1421	97
3711	11744
143	8
718	2
1846	9134
5047	94
6107	4
1497	32
719	2
6108	4
1934	19
3499	28
144	8
720	2
2278	68
3354	70
6109	4
1680	12
3037	46
2337	7256
2780	25
3235	23
3613	9677
721	2
6110	4
2122	152
5581	34
722	2
6111	4
145	8
723	2
6112	4
1341	44
5008	167
2692	78
2967	80
724	2
1681	12
3127	49
6113	4
146	8
2060	55
4839	9707
5738	40
725	2
6114	4
1935	19
1498	32
726	2
2630	115
3500	28
6115	4
147	8
3236	23
2781	25
727	2
2224	11764
2600	247
6116	4
1682	12
728	2
6117	4
148	8
729	2
2423	84
2554	86
5582	34
6118	4
2899	61
730	2
3038	46
6119	4
149	8
731	2
6120	4
1936	19
2206	9182
2244	9184
3795	348
3879	7290
3994	9189
4173	12297
4896	12299
1683	12
732	2
6121	4
3237	23
3501	28
3614	9677
150	8
1342	44
2279	9667
2782	25
3355	70
733	2
1499	32
6122	4
5739	40
734	2
1847	9134
3128	49
5048	94
6123	4
1422	97
3712	9138
3847	125
151	8
735	2
6124	4
2185	11802
3764	440
3815	9151
4270	17020
5369	445
1684	12
736	2
2061	55
3428	135
6125	4
5583	34
152	8
737	2
6126	4
1937	19
738	2
1586	218
5474	220
6127	4
2693	78
2968	80
3238	23
739	7226
2783	25
3502	28
6128	4
153	8
1685	12
3039	46
740	2
6129	4
1500	32
741	2
2371	254
2513	161
2663	571
3918	9166
4528	12017
4708	258
4960	9452
5133	579
6130	4
154	8
2900	61
742	2
6131	4
1343	44
2338	7256
5740	40
743	2
1938	19
6132	4
155	8
1686	12
744	2
2424	84
2472	9313
2555	9315
3129	49
5584	34
6133	4
2391	302
3239	23
3615	9677
3667	304
3938	306
4862	14157
745	2
6134	4
2784	25
156	8
2280	68
2631	115
3356	70
3503	28
746	2
6135	4
4230	14134
5093	202
747	2
6136	4
2123	152
1687	12
1501	32
2062	55
157	8
748	2
6137	4
1939	19
749	2
6138	4
158	8
3040	46
750	2
1848	9134
5049	94
6139	4
3240	23
751	2
6140	4
1688	12
5741	40
1344	44
1423	97
2164	373
2196	9266
2785	25
3405	376
3684	10022
3713	16704
3963	796
4007	9274
4019	11855
4489	9577
4631	804
4686	9160
4735	37264
5009	167
5460	11867
5585	34
159	8
752	2
3504	28
6141	4
753	2
6142	4
2694	78
2969	80
2901	61
160	8
754	2
3130	49
6143	4
1502	32
1940	19
755	2
1689	12
6144	4
756	2
3848	15861
4985	12535
5147	270
5497	272
6145	4
161	8
757	2
3241	23
3616	9677
6146	4
2786	25
758	2
6147	4
162	8
2281	68
3357	70
3505	28
1690	12
759	2
2063	55
2425	84
2556	9315
3429	135
4840	9707
5586	34
6148	4
3041	46
3903	11446
4150	11809
4789	9778
4878	9780
5122	9782
760	2
6149	4
5742	40
163	8
1941	19
1345	44
761	2
6150	4
762	2
1503	32
6151	4
164	8
1691	12
763	2
6152	4
3242	23
764	2
2339	7256
2787	25
3131	49
3779	15893
4913	12256
6153	4
165	8
765	2
2632	115
3506	28
6154	4
2902	61
766	2
1849	9134
5050	40381
6155	4
2225	11764
2601	247
1942	19
5587	34
1692	12
166	8
767	2
6156	4
3816	195
768	2
2695	78
2970	80
6157	4
2514	161
1424	97
3714	10024
167	8
769	2
5743	40
6158	4
1504	32
3243	23
3617	9677
3042	46
770	2
6159	4
1346	44
2788	25
1693	12
2064	55
168	8
771	7226
2282	68
3358	70
6160	4
3507	12197
772	2
6161	4
1943	19
2124	152
773	2
6162	4
169	8
774	2
1587	218
2150	399
2426	84
2473	179
2557	9315
3132	49
3751	9318
3896	1310
3953	9770
3980	9320
4036	634
4111	1315
4215	14942
4344	7486
4460	9466
4503	10109
4538	14948
4545	1326
4625	35399
4658	9476
4779	638
4808	10119
4928	9481
4937	9483
4941	9485
4946	12592
4950	1343
4954	1345
5165	409
5261	12597
5266	1350
5270	31465
5274	12051
5278	9499
5305	1358
5310	1360
5334	10139
5348	1364
5379	1366
5435	12612
5475	220
5515	411
5532	9206
5588	34
5664	1374
6163	4
1694	12
775	2
6164	4
170	8
3244	23
776	2
6165	4
1505	32
2789	25
777	2
6166	4
171	8
3849	125
2903	61
5744	40
778	2
3508	28
6167	4
1695	12
1944	19
779	2
6168	4
3043	46
172	8
1347	44
5010	12161
4231	11757
5094	202
780	2
6169	4
781	7226
6170	4
3245	23
3618	9677
5589	34
173	8
2372	254
3919	9712
4709	258
782	2
1850	9134
2065	55
3430	135
5051	94
6171	4
1696	12
2696	78
2790	25
2971	80
783	2
6172	4
174	8
1506	32
2283	68
3359	70
784	2
3133	49
6173	4
1945	19
2207	11784
2245	9184
3796	10159
3880	10161
3995	9189
4174	354
4897	22206
2633	115
3509	28
785	2
6174	4
1425	97
3715	10024
175	8
2340	9142
786	2
1697	12
6175	4
5745	40
787	2
6176	4
3246	23
176	8
788	2
6177	4
789	2
1348	44
2427	84
2495	13798
2558	9315
2791	25
4065	15079
4687	9282
4726	7318
4763	525
4824	527
5355	529
5442	9236
5590	34
6178	4
3044	46
1698	12
2904	61
790	2
1946	19
6179	4
177	8
791	2
1507	32
3510	28
6180	4
792	2
2392	302
3668	10888
3939	306
4863	14157
6181	4
178	8
793	2
6182	4
2066	55
4841	9156
1699	12
3247	23
3619	9677
794	2
3134	49
6183	4
179	8
795	2
6184	4
2792	25
2515	9386
5746	40
1947	19
796	2
6185	4
180	8
2284	68
3360	70
5591	34
797	2
6186	4
2697	78
2972	80
3511	28
1700	12
798	2
1851	9134
5052	94
6187	4
1508	32
1349	44
2125	152
181	8
3850	125
4986	9170
5148	270
5498	272
799	2
6188	4
3045	46
2186	11802
3765	14196
3817	195
4029	913
4044	11272
4050	9348
4082	13767
4106	921
4134	923
4140	7412
4200	927
4271	59916
4359	930
4391	23493
4483	12662
4588	936
4612	17029
4752	12285
4772	11944
5112	21229
5370	445
5389	17394
5451	9381
3248	23
800	2
6189	4
182	8
801	2
6190	4
1701	12
2793	25
1948	19
802	2
2905	61
6191	4
1426	97
3716	10024
183	8
803	7226
6192	4
804	2
2428	84
2474	179
2559	15059
2634	115
3135	49
3512	28
5592	34
6193	4
5747	40
184	8
805	2
2067	55
3431	135
6194	4
2226	9162
2602	247
1702	12
1509	32
806	2
3249	23
3620	9677
6195	4
807	2
6196	4
185	8
1949	19
1350	44
2165	373
2341	7256
2794	25
3406	376
3685	10022
5011	167
808	2
6197	4
809	2
3046	46
6198	4
186	8
1703	12
2285	68
3361	70
810	2
1588	218
5476	220
6199	4
3513	28
811	2
6200	4
187	8
5593	34
812	2
6201	4
3250	23
2698	78
2973	80
1510	32
813	2
4232	14983
5095	202
6202	4
1704	12
5748	40
188	8
1950	19
814	2
1852	9134
2795	25
3136	49
3780	11780
4117	14488
4125	699
4261	9518
4641	25579
4815	22319
4914	326
4973	708
5053	94
5316	12074
5396	7340
6203	4
2906	61
815	2
6204	4
189	8
816	2
6205	4
2068	55
817	2
1705	12
3514	28
6206	4
1351	44
190	8
818	2
6207	4
3251	23
3621	9677
3047	46
819	2
1427	97
2429	84
2560	15059
3717	10024
5594	34
6208	4
1951	19
191	8
820	2
1511	32
6209	4
3851	15861
2796	25
1706	12
821	2
6210	4
192	8
822	2
2286	68
3362	70
6211	4
5749	40
2373	254
2516	161
2664	571
3920	9166
4529	9239
4710	258
4961	9452
5134	579
823	2
6212	4
2635	10082
3515	28
824	2
2126	152
3137	49
6213	4
193	8
3252	23
1707	12
825	7226
6214	4
1952	19
826	2
6215	4
194	8
2907	61
1352	44
2797	25
4688	9282
5595	34
827	2
2699	78
2974	80
6216	4
1512	32
828	2
2069	55
3432	135
4842	9707
6217	4
195	8
1708	12
3048	46
3904	11446
4151	11960
4790	9778
4879	9222
5123	9782
829	2
6218	4
2342	7256
830	2
1853	92
3516	28
5054	94
6219	4
196	8
3253	23
3622	9677
831	2
6220	4
1953	19
5750	40
3818	195
832	2
6221	4
1709	12
197	8
2798	25
833	2
6222	4
834	2
2151	399
2430	84
2475	9313
2561	9315
3138	49
3752	10095
3981	407
5166	409
5516	411
5533	12238
5596	34
6223	4
1513	32
198	8
2287	68
3363	70
835	2
6224	4
1353	44
1428	97
3718	9138
5012	167
836	2
6225	4
1710	12
3517	28
3254	23
199	8
837	2
1954	19
2208	11784
2246	9184
3797	45831
3881	350
3996	9764
4175	354
4898	9193
6226	4
838	2
6227	4
2908	61
3049	46
200	8
839	2
2799	25
6228	4
2393	302
3669	304
3940	9397
4864	17368
2070	55
840	2
5751	40
6229	4
1711	12
841	2
6230	4
201	8
3852	125
4987	268
5149	270
5499	272
5597	34
1514	32
2700	78
2975	80
842	2
6231	4
3255	23
3623	9677
1955	19
843	2
2636	115
3518	28
6232	4
202	8
844	2
3139	49
6233	4
1712	12
2227	11764
2603	247
845	2
6234	4
1354	44
2800	25
203	8
846	2
1589	218
1854	9134
5055	94
5477	220
6235	4
4233	14983
5096	202
847	2
6236	4
204	8
2288	68
3364	70
848	2
1713	12
6237	4
3050	46
1956	19
3256	23
5752	40
849	2
1515	32
2431	84
2562	9315
5598	34
6238	4
3519	12197
205	8
2127	152
850	2
2517	9386
6239	4
2909	61
851	2
2071	55
3433	135
6240	4
2343	9142
2801	25
206	8
1714	12
852	2
6241	4
1429	97
3719	10024
853	2
6242	4
207	8
854	7226
3140	49
6243	4
1355	44
1957	19
855	2
3257	23
3624	9677
6244	4
1715	12
208	8
856	2
3520	28
6245	4
1516	32
2701	78
2976	80
5599	34
857	2
6246	4
2802	25
5753	40
858	2
6247	4
209	8
3051	46
859	2
6248	4
1716	12
860	2
6249	4
210	8
2289	68
3365	70
1958	19
861	2
6250	4
3258	23
862	2
1855	9134
5056	94
6251	4
211	8
2072	55
2637	115
3521	28
4843	9707
2910	61
3853	125
863	2
6252	4
1517	32
1717	12
2374	254
3921	9712
4711	258
2187	11802
3766	10187
3819	13511
4272	30919
5371	445
864	2
1306	1075
1356	44
2166	373
2174	3532
2177	10238
2179	16144
2197	12082
2432	84
2476	179
2496	516
2563	9315
2803	25
3141	49
3407	376
3686	10022
3781	11780
3892	14696
3954	9770
3964	796
3970	1087
4008	9274
4014	11980
4020	11855
4025	12716
4037	12025
4056	1091
4066	13548
4076	3558
4078	31577
4087	12098
4091	3562
4094	10269
4102	9550
4159	1679
4161	46855
4162	3570
4163	19558
4185	1681
4187	12742
4191	12104
4193	12746
4194	63689
4195	3582
4204	39337
4205	35535
4206	12755
4207	12757
4208	15117
4210	12761
4212	23578
4213	23580
4218	12767
4219	27636
4220	17477
4247	15131
4248	19589
4249	52521
4250	46886
4251	31620
4252	23592
4253	50676
4254	29610
4255	31628
4279	17491
4282	12350
4285	46898
4286	17496
4289	19605
4290	12801
4291	19609
4292	50687
4295	65616
4296	29628
4299	17510
4300	15171
4301	17514
4304	27678
4305	17518
4308	25694
4309	15181
4314	10364
4317	15185
4318	27690
4319	19629
4321	29646
4323	31662
4326	48802
4329	23633
4332	31668
4335	58176
4336	12845
4338	9562
4341	12112
4347	21677
4348	8112
4349	23646
4350	31681
4351	15217
4354	3687
4355	31687
4356	48822
4367	12867
4368	17559
4369	45026
4370	45028
4371	27729
4372	3703
4373	46952
4374	43161
4375	48839
4380	15243
4383	52618
4387	48844
4399	3715
4400	50739
4401	15253
4402	8137
4403	10433
4406	21713
4409	31721
4410	46970
4413	21717
4414	63789
4416	14529
4418	48858
4419	27761
4420	21726
4421	31734
4422	3744
4423	17607
4424	19701
4425	15283
4426	10463
4427	10465
4429	12932
4431	10468
4432	10470
4435	23708
4436	10474
4437	10476
4438	10478
4441	17624
4444	23714
4445	15298
4446	17630
4447	3777
4448	15304
4449	47014
4451	47016
4455	10495
4456	23724
4463	10499
4464	10501
4468	12121
4470	12964
4471	3795
4473	1703
4475	3798
4476	3800
4477	10511
4478	10513
4479	3806
4480	10517
4490	10519
4496	12975
4497	10523
4498	10525
4500	14537
4508	10528
4509	35686
4510	10531
4511	15335
4512	10535
4513	10537
4514	10539
4516	9581
4518	10542
4520	12128
4522	12990
4539	9470
4550	10548
4551	10550
4552	10552
4558	21794
4560	48920
4561	10557
4562	15352
4565	27828
4566	21800
4572	13011
4574	13013
4575	17697
4576	45142
4577	15366
4580	33812
4581	10577
4594	15371
4598	9589
4602	13027
4603	31820
4604	10585
4606	9591
4608	10588
4609	15384
4618	11993
4623	17723
4628	31829
4632	19803
4646	54589
4647	23796
4649	1721
4651	3893
4655	10608
4662	63886
4666	23805
4673	9429
4689	9282
4727	9228
4736	21840
4741	9604
4744	1732
4757	12150
4764	525
4780	13761
4799	19822
4803	19824
4811	10624
4825	527
4887	1740
4915	9719
4925	9615
4933	10631
4944	10633
4968	1744
5013	167
5175	1747
5177	3922
5178	3924
5179	3926
5180	10643
5181	39560
5182	17770
5183	52772
5188	29851
5189	3938
5190	33871
5191	17778
5192	3944
5195	13102
5196	23850
5197	31892
5198	50889
5199	49005
5200	13112
5201	15472
5204	37699
5205	31903
5206	19863
5207	3966
5208	21893
5210	12164
5212	21897
5213	3973
5214	10690
5215	13134
5216	17809
5217	15496
5221	33899
5223	3984
5225	58369
5227	17818
5232	17820
5233	15508
5234	31935
5236	13877
5238	13156
5239	8315
5240	10717
5241	10719
5242	13164
5243	31947
5244	29902
5245	33915
5246	21924
5247	15527
5248	13176
5249	21929
5250	43361
5251	10739
5253	13184
5257	15539
5264	35825
5281	4029
5282	21938
5283	13194
5286	10753
5287	10755
5289	9630
5291	21944
5292	10760
5293	13204
5296	10764
5297	10766
5300	10768
5302	1761
5308	4053
5322	15564
5325	31987
5329	29937
5331	13220
5337	17872
5339	15574
5341	15576
5342	4065
5345	15580
5346	49086
5356	529
5364	19945
5383	26503
5401	52863
5402	17889
5408	15594
5411	1776
5414	13247
5420	15600
5421	50968
5422	4086
5423	4088
5424	32020
5425	10810
5426	10812
5427	10814
5428	10816
5429	10818
5443	9236
5455	10821
5461	9287
5465	15616
5524	10826
5600	34
5661	1783
5670	1785
5678	41529
5681	23977
5682	4117
5684	17919
5688	10839
5691	4122
5692	10842
5693	4126
5695	1789
5699	1120
6253	4
212	8
865	2
6254	4
866	2
6255	4
1959	19
213	8
5754	40
867	2
6256	4
3259	23
3625	9677
1718	12
868	7226
6257	4
3052	46
214	8
869	7226
3522	28
6258	4
1430	97
3720	10024
870	2
6259	4
2804	25
1518	32
215	8
871	2
6260	4
1719	12
2702	78
2977	80
5601	34
872	2
6261	4
1960	19
216	8
873	2
2290	9667
3366	70
6262	4
1357	44
2344	9142
3260	23
874	2
2073	55
3142	49
3434	135
6263	4
2911	61
875	2
6264	4
217	8
1720	12
2128	152
3523	28
5755	40
876	2
6265	4
2805	25
877	2
6266	4
218	8
2518	9146
878	2
1519	32
1856	9134
5057	94
6267	4
1961	19
3053	46
879	2
1721	12
2433	10062
2564	9315
5602	34
6268	4
219	8
3261	23
3626	9677
4234	12618
5097	202
880	2
6269	4
881	2
6270	4
220	8
882	2
1590	218
2638	10082
3524	10856
5478	220
6271	4
1358	44
2806	25
1722	12
883	7226
6272	4
2228	11764
2604	247
221	8
884	2
1962	19
3143	49
6273	4
3854	125
4988	11426
5150	270
5500	272
5756	40
885	2
6274	4
1520	32
2074	55
3262	23
222	8
2291	9667
3367	70
886	2
2703	78
2978	80
6275	4
1431	97
2394	302
3670	304
3721	10024
3941	306
4865	15832
5603	34
1723	12
2912	61
887	2
6276	4
223	8
888	2
3054	46
6277	4
3525	28
889	2
2807	25
6278	4
1963	19
2209	11784
2247	9184
3798	348
3882	7290
3997	9764
4176	354
4899	9768
224	8
890	2
6279	4
1724	12
891	7226
6280	4
3263	23
3627	9677
892	2
6281	4
225	8
1359	44
5014	10036
1521	32
893	2
6282	4
5757	40
894	2
1857	9134
2152	399
2434	84
2477	179
2565	15059
3144	49
3753	10095
3982	9202
5058	94
5167	409
5517	411
5534	13342
5604	34
6283	4
226	8
1725	12
895	2
3526	12197
6284	4
2345	7256
2808	25
1964	19
3820	10088
896	2
6285	4
227	8
897	2
2075	55
3435	135
4844	10906
6286	4
3055	46
3264	23
3905	9216
4152	11960
4791	9778
4880	9780
5124	484
898	2
6287	4
1726	12
228	8
2292	9667
3368	70
899	2
2913	61
6288	4
1522	32
900	2
6289	4
229	8
2704	78
2979	80
2129	152
901	2
6290	4
1360	44
2639	10082
2809	25
3527	28
4690	11348
5605	34
1965	19
902	2
6291	4
5758	40
1727	12
230	8
903	2
6292	4
1432	97
3722	10024
904	2
3145	49
3265	23
3628	9677
6293	4
2375	254
2519	9386
2665	571
3922	14172
4530	574
4712	258
4962	11540
5135	579
231	8
905	2
6294	4
3855	125
906	2
6295	4
1728	12
232	8
907	2
1523	32
6296	4
1966	19
2810	25
3056	46
908	2
3528	28
6297	4
2076	55
909	2
2435	10062
2566	15059
5606	34
6298	4
233	8
910	2
1729	12
1858	9134
5059	12234
6299	4
3266	23
1361	44
911	2
5759	40
6300	4
2914	61
234	8
2293	68
3369	70
912	2
6301	4
4235	14134
5098	202
913	2
6302	4
235	8
1967	19
1730	12
914	2
2811	25
3146	49
3782	11780
4118	10214
4126	32116
4262	49196
4642	16312
4816	20061
4916	9719
4974	708
5317	26580
5397	13371
6303	4
1524	32
3529	12197
915	2
6304	4
236	8
2705	78
2980	80
916	2
6305	4
3267	23
3629	9677
5607	34
917	2
6306	4
2346	7256
237	8
3057	46
1731	12
918	2
1591	218
5479	220
6307	4
919	2
6308	4
1968	19
238	8
5760	40
920	2
2077	55
3436	135
6309	4
1362	44
1433	97
2167	373
2812	25
3408	376
3687	10022
3723	11744
5015	15438
921	2
2640	115
3530	28
6310	4
1525	32
1732	12
239	8
922	2
6311	4
3268	23
2229	11764
2605	9683
923	2
6312	4
2915	61
240	8
924	2
2294	9667
2436	84
2478	179
2567	9315
3147	49
3370	70
5608	34
6313	4
925	2
6314	4
1969	19
1733	12
926	2
1859	9134
5060	94
6315	4
241	8
2130	152
2813	25
927	2
3856	9334
4989	15668
5151	270
5501	272
6316	4
3058	46
3531	28
928	2
2188	11802
3767	13509
3821	9151
4030	913
4045	12267
4051	14380
4083	13381
4107	11929
4135	24075
4141	24077
4201	12655
4273	11805
4360	15739
4392	16742
4484	934
4589	9748
4613	9370
4753	35986
4773	15748
5113	9376
5372	9214
5390	26114
5452	9381
6317	4
242	8
3269	23
3630	9677
1526	32
5761	40
929	2
6318	4
1734	12
1363	44
930	2
6319	4
2706	78
2981	80
243	8
931	2
1970	19
6320	4
2078	55
4845	15693
5609	34
2520	9146
932	2
6321	4
244	8
2814	25
933	2
6322	4
1735	12
2395	302
3671	10888
3942	306
4866	9177
934	2
3148	49
3532	28
6323	4
245	8
3270	23
935	2
6324	4
2916	61
936	2
1527	32
6325	4
246	8
2295	9667
3371	70
1971	19
937	2
6326	4
1434	97
1736	12
3724	10024
3059	46
5762	40
938	2
6327	4
247	8
939	2
1364	44
2347	9142
2437	84
2497	516
2568	15059
2815	25
4067	15079
4691	15409
4728	11997
4765	525
4826	527
5357	9234
5444	9236
5610	34
6328	4
940	2
6329	4
2641	10082
3533	28
3271	23
3631	64
248	8
941	2
1737	12
6330	4
942	2
1860	9134
5061	94
6331	4
1972	19
2210	9182
2248	7287
3799	14118
3883	350
3998	9764
4177	12297
4900	9768
943	2
2079	55
3437	135
6332	4
249	8
1528	32
944	2
3149	49
6333	4
1738	12
945	2
2707	78
2982	80
6334	4
250	8
2816	25
2376	254
3923	15703
4713	258
946	2
4236	200
5099	202
6335	4
5611	34
5763	40
3272	23
947	2
3534	28
6336	4
3060	46
251	8
2917	61
948	2
6337	4
1365	44
3857	125
5016	15438
1973	19
1739	12
949	2
6338	4
252	8
2296	9667
3372	70
950	2
6339	4
1529	32
951	2
6340	4
2817	25
253	8
952	2
6341	4
2131	152
1740	12
953	2
3273	23
3632	9677
6342	4
3535	28
254	8
954	2
1435	97
1592	218
2153	399
2438	17418
2479	179
2569	9315
3150	49
3725	99
3754	405
3897	1310
3955	9770
3983	407
4038	634
4112	9460
4216	1317
4345	1319
4461	9466
4504	10109
4540	9470
4546	9472
4626	24104
4659	32167
4781	15423
4809	1333
4929	9481
4938	9483
4942	9485
4947	9487
4951	1343
4955	10126
5168	409
5262	14964
5267	9493
5271	13427
5275	1354
5279	1356
5306	1358
5311	1360
5335	15788
5349	1364
5380	1366
5436	9511
5480	220
5518	411
5535	15690
5612	34
5665	1374
6343	4
1974	19
2080	55
955	2
6344	4
5764	40
255	8
956	2
6345	4
1741	12
957	2
6346	4
3061	46
1366	44
1530	32
2818	25
256	8
958	2
1861	9134
5062	94
6347	4
959	2
2521	9146
6348	4
3274	23
2918	61
2708	78
2983	80
960	2
2642	10082
3536	28
6349	4
257	8
3822	13511
1742	12
1975	19
2348	7256
961	2
6350	4
5613	34
2230	11764
2606	9683
962	2
6351	4
258	8
2297	9667
3373	70
963	2
6352	4
964	2
2819	25
3151	49
3783	324
4917	9719
6353	4
1743	12
5765	40
259	8
965	2
1531	32
6354	4
3275	23
3633	9677
966	2
2081	55
3438	135
4846	11444
6355	4
1976	19
260	8
3537	28
967	2
3062	46
3906	9216
4153	10909
4792	11811
4881	9222
5125	484
6356	4
1367	44
968	2
6357	4
1744	12
261	8
969	2
2439	84
2570	9315
5614	34
6358	4
3858	10051
4990	268
5152	270
5502	272
970	2
6359	4
2820	25
262	8
1436	97
3726	10024
971	2
6360	4
3276	23
2919	61
972	2
1745	12
6361	4
1977	19
1532	32
263	8
973	2
3538	28
6362	4
5766	40
974	2
1862	9134
3152	49
5063	94
6363	4
2709	78
2984	80
264	8
975	2
2298	9667
3374	70
6364	4
1746	12
976	2
6365	4
1368	44
2168	373
2198	12082
2821	25
3409	376
3688	10022
3965	796
4009	9274
4021	36927
4491	20129
4633	34125
4692	9282
4737	807
5017	15438
5462	11867
5615	34
3063	46
977	7226
6366	4
265	8
2082	55
3277	23
3634	9677
2132	152
978	2
1978	19
6367	4
979	2
6368	4
266	8
4237	12618
5100	202
1533	32
2643	10082
3539	28
1747	12
980	2
6369	4
981	2
2396	302
3672	10888
3943	306
4867	30145
6370	4
267	8
982	2
5767	40
6371	4
2349	9142
2822	25
983	2
6372	4
268	8
1748	12
3278	23
1979	19
2920	61
984	2
2440	84
2480	179
2571	9315
3153	49
5616	34
6373	4
985	2
6374	4
269	8
1369	44
986	2
3540	28
6375	4
2377	254
2522	15656
2666	571
3924	9712
4531	12017
4714	258
4963	9452
5136	11542
1534	32
3064	46
987	2
6376	4
1749	12
270	8
1437	97
2299	9667
3375	70
3727	10024
988	2
6377	4
989	2
2083	55
2823	25
3439	135
6378	4
2710	78
2985	80
1980	19
3279	23
3635	9677
271	8
990	2
1593	218
1863	9134
5064	94
5481	220
6379	4
5768	40
991	2
6380	4
3859	10051
1750	12
5617	34
272	8
992	2
6381	4
2189	11802
3768	20067
3823	10088
4274	17020
5373	9755
3541	28
993	2
6382	4
994	2
1535	32
3154	49
6383	4
273	8
995	2
6384	4
1370	44
1751	12
2824	25
1981	19
2211	11784
2249	9184
3800	10159
3884	350
3999	9764
4178	354
4901	9768
3280	23
996	2
2921	61
6385	4
274	8
3065	46
997	2
6386	4
998	2
6387	4
275	8
999	2
2441	84
2572	9132
2644	10082
3542	28
5618	34
6388	4
1752	12
5769	40
1000	2
6389	4
276	8
2084	55
2300	9667
3376	70
4847	9707
2231	11764
2607	9683
1001	2
6390	4
1536	32
1982	19
2825	25
1002	2
3281	23
3636	9677
6391	4
277	8
1003	2
1753	12
6392	4
2133	152
1004	2
2711	78
2986	80
3155	49
6393	4
1371	44
1438	97
2350	9142
3728	16704
5018	11865
278	8
1005	2
6394	4
3543	28
1006	2
1864	9134
5065	94
6395	4
3066	46
5619	34
279	8
1754	12
1007	2
6396	4
1983	19
2826	25
1008	2
6397	4
2922	61
3282	23
1537	32
5770	40
280	8
1009	2
6398	4
1010	2
6399	4
1755	12
1011	2
6400	4
281	8
1012	2
2085	55
3440	135
3544	28
6401	4
3860	15861
4238	14134
4991	9170
5101	11460
5153	270
5503	272
1013	2
6402	4
282	8
1984	19
2301	9667
3377	70
2523	9386
1014	2
1307	1075
1372	44
2154	399
2176	12314
2442	84
2481	9313
2498	13532
2573	9315
2671	9787
2827	25
3156	49
3755	10095
3784	21199
3893	14696
3960	15896
3971	9408
3974	2294
3984	16339
4015	11980
4057	9411
4060	32289
4068	9544
4073	12324
4075	13551
4090	14706
4093	15911
4096	28256
4098	12331
4100	12333
4119	16307
4127	9817
4131	30219
4145	49362
4165	56840
4167	24241
4189	20231
4197	7736
4257	12347
4263	13362
4283	14425
4288	15935
4294	2336
4298	31256
4303	2340
4307	28276
4311	12362
4313	12364
4316	13592
4327	12837
4333	11988
4353	32335
4364	26282
4366	13602
4377	44659
4381	17575
4385	2361
4396	2363
4398	2365
4405	19252
4408	20268
4412	2371
4434	13620
4440	9877
4443	17127
4454	7767
4458	18216
4466	13630
4495	24292
4507	11162
4524	9891
4549	24296
4554	2393
4556	9897
4564	11170
4568	2399
4570	15997
4579	14793
4583	9907
4585	9909
4595	16004
4601	13655
4619	32373
4622	56896
4637	20298
4643	16013
4653	31312
4667	9427
4670	13667
4674	15407
4677	21344
4693	9282
4729	13057
4747	13672
4749	2430
4766	525
4800	39985
4806	2434
4817	16033
4827	15430
4890	9941
4918	9719
4932	9943
4935	11204
4975	708
5117	21356
5169	409
5185	56923
5187	13692
5194	13694
5203	13696
5219	2457
5229	21365
5231	13702
5256	17193
5259	13706
5285	2467
5295	9969
5299	9971
5318	710
5328	9975
5344	13715
5358	9642
5363	22347
5386	20344
5398	7340
5404	30329
5406	18292
5417	17210
5419	11239
5431	13731
5433	9995
5445	9236
5457	12488
5519	411
5526	13737
5536	10148
5620	34
5668	2504
5673	10001
5675	12494
5677	2510
5680	2512
5687	11255
5690	7845
5700	1120
5703	10014
6403	4
3283	23
3637	9677
1756	12
1015	2
6404	4
283	8
1538	32
1016	2
6405	4
3067	46
1017	2
6406	4
284	8
5771	40
1018	2
6407	4
1757	12
2645	115
3545	10856
2712	78
2987	80
1019	2
6408	4
1985	19
285	8
1020	2
6409	4
2828	25
2923	61
3284	23
1021	2
6410	4
1439	97
3729	10024
5621	34
286	8
1022	2
1865	9134
5066	94
6411	4
1758	12
1023	2
1539	32
6412	4
1373	44
2086	55
287	8
1024	2
3157	49
6413	4
3824	16325
1025	2
1986	19
3546	28
6414	4
288	8
1026	2
1594	218
2302	68
3378	70
5482	220
6415	4
1759	12
3068	46
5772	40
2351	7256
2829	25
3285	23
3638	9677
1027	7226
6416	4
2378	254
3925	9712
4715	18496
1028	2
6417	4
289	8
2397	302
3673	304
3944	11486
4868	28189
1029	2
2134	152
2443	84
2574	9315
5622	34
6418	4
1030	2
6419	4
1760	12
290	8
1540	32
1987	19
1031	2
6420	4
3547	28
1032	2
6421	4
291	8
2924	61
3286	23
1374	44
2169	373
2830	25
3410	376
3689	10022
5019	13078
1033	2
6422	4
2713	78
2988	80
3861	125
1034	2
1761	12
3158	49
6423	4
292	8
1035	2
2087	55
3441	135
4848	9707
6424	4
5773	40
1036	2
6425	4
3069	46
3907	16290
4154	12306
4793	9778
4882	7313
5126	9782
5623	34
293	8
1988	19
1037	7226
6426	4
1541	32
1762	12
1038	2
1866	92
2646	115
3548	10856
5067	94
6427	4
1440	97
3730	10024
294	8
2303	9667
3287	23
3379	70
3639	9677
1039	2
2831	25
6428	4
1040	2
2232	11764
2608	247
6429	4
2524	15656
295	8
1041	2
6430	4
1763	12
1042	2
6431	4
1375	44
1989	19
296	8
1043	2
6432	4
1044	2
2444	84
2482	179
2575	9132
3159	49
3956	9770
4039	18318
4541	9470
4782	15423
5624	34
6433	4
5774	40
2925	61
3549	28
1542	32
3288	23
1045	7226
6434	4
297	8
2832	25
1764	12
4239	11757
5102	11460
1046	2
3070	46
6435	4
2088	55
1047	2
6436	4
298	8
1048	2
6437	4
2714	78
2989	80
2352	7256
1990	19
2212	11784
2250	9184
3801	10159
3885	16280
4000	9764
4179	354
4902	12299
1049	2
6438	4
299	8
1765	12
1050	2
6439	4
1051	2
3289	23
3550	28
3640	9677
6440	4
300	8
1376	44
2304	9667
2833	25
3380	70
4694	18398
5625	34
1052	2
1543	32
6441	4
1053	2
5775	40
6442	4
1766	12
301	8
1054	2
1867	9134
3160	49
5068	12234
6443	4
1991	19
2135	152
1055	2
6444	4
1441	97
3731	10024
3862	15861
4992	268
5154	270
5504	272
302	8
3071	46
1056	2
6445	4
2190	438
3769	10187
3825	10088
4031	11922
4046	11272
4052	14380
4084	919
4108	34368
4136	32463
4142	925
4202	12655
4275	11805
4361	13774
4393	13776
4485	12662
4590	9748
4614	9370
4754	15746
4774	10207
5114	944
5374	445
5391	13403
5453	9381
2926	61
1057	2
6446	4
3290	23
1767	12
2647	115
3551	28
2834	25
303	8
1058	2
2089	55
3442	135
6447	4
1059	2
2445	84
2576	9315
5626	34
6448	4
1544	32
304	8
1060	2
6449	4
1992	19
1377	44
5020	167
1061	2
6450	4
1768	12
5776	40
1062	2
1595	218
5483	220
6451	4
305	8
1063	2
2715	78
2990	80
6452	4
3291	23
3641	9125
1064	2
2835	25
3161	49
3552	10856
3785	11780
4919	12256
6453	4
306	8
2305	68
3381	70
1065	2
1769	12
6454	4
3072	46
1066	2
6455	4
1993	19
307	8
1545	32
5627	34
1067	2
6456	4
1068	2
2379	254
2525	15656
2667	571
3926	32608
4532	9239
4716	258
4964	9452
5137	579
6457	4
308	8
2927	61
1770	12
1069	2
6458	4
3292	23
2090	55
4849	9707
1070	2
1868	9134
5069	11440
6459	4
1378	44
2353	7256
2836	25
3553	10856
309	8
5777	40
1071	2
6460	4
1072	2
1994	19
6461	4
1442	97
3732	10024
310	8
1771	12
1073	2
6462	4
1546	32
1074	2
2155	399
2446	84
2483	9149
2577	9315
3162	49
3756	9318
3985	9320
5170	409
5520	411
5537	15690
5628	34
6463	4
311	8
1075	2
6464	4
2398	302
3293	23
3642	9677
3674	12223
3945	11486
4869	9177
3073	46
1076	2
6465	4
2837	25
1772	12
3863	15861
312	8
1077	2
2306	9667
2648	115
3382	70
3554	10856
6466	4
2716	78
2991	80
1995	19
1078	2
6467	4
1079	2
4240	14611
5103	202
6468	4
313	8
2233	11764
2609	9683
1379	44
5778	40
1080	2
6469	4
2136	152
1773	12
2928	61
1081	2
1547	32
2091	55
3443	135
6470	4
314	8
5629	34
3294	23
1082	2
6471	4
2838	25
1083	2
6472	4
315	8
3555	28
1996	19
1084	2
3163	49
6473	4
1774	12
1085	2
6474	4
316	8
3074	46
1086	2
1869	92
5070	94
6475	4
1087	2
6476	4
317	8
3295	23
3643	9677
1088	2
6477	4
1548	32
1775	12
5779	40
3826	20041
1089	2
1380	44
1443	97
2170	373
2180	13793
2199	12082
2447	84
2499	516
2578	15059
2839	25
3411	376
3690	9197
3733	10024
3966	24436
4010	9274
4022	11855
4026	12716
4069	15079
4079	1673
4088	12098
4103	9550
4160	1679
4186	12740
4192	16872
4211	16171
4322	49542
4339	26449
4342	23641
4388	20432
4417	1695
4430	12932
4452	34414
4469	12121
4474	1703
4492	28901
4501	9579
4517	1708
4521	9583
4559	9585
4573	1714
4599	17709
4607	1718
4634	14883
4650	13046
4656	34429
4663	23803
4695	9282
4730	15411
4738	24481
4742	23812
4745	1732
4758	12150
4767	525
4804	1737
4828	527
4888	11363
4926	9615
4969	11366
5021	167
5176	1747
5211	40132
5222	7588
5226	16223
5237	53346
5254	64513
5290	1759
5303	16230
5323	1763
5326	23934
5332	1767
5340	13224
5359	9234
5384	20487
5409	23953
5412	1776
5415	9650
5446	9236
5463	11867
5630	34
5662	1783
5671	1785
5685	1787
5696	1789
6478	4
1997	19
318	8
2307	68
3383	70
1090	7226
3556	28
6479	4
1091	2
6480	4
319	8
1092	2
6481	4
1776	12
2354	7256
2092	55
2717	78
2992	80
1093	2
2929	61
6482	4
3296	23
320	8
1094	2
3164	49
6483	4
1095	2
6484	4
2526	161
2840	25
3075	46
1549	32
1998	19
1096	2
1777	12
6485	4
321	8
2649	115
3557	28
5631	34
1097	2
6486	4
5780	40
1098	2
1596	218
3864	15861
4993	268
5155	270
5484	220
5505	272
6487	4
322	8
1381	44
1099	2
6488	4
1778	12
1100	2
3297	23
3644	12210
6489	4
323	8
1101	2
6490	4
1999	19
2213	344
2251	9184
3802	45831
3886	16280
4001	9764
4180	13933
4903	9768
2841	25
1102	2
1870	9134
5071	94
6491	4
324	8
2308	9667
3384	70
1550	32
1103	2
3558	28
6492	4
1779	12
1104	2
2093	55
2448	84
2484	179
2579	9315
3165	49
3444	135
4850	11444
5632	34
6493	4
325	8
1105	2
6494	4
2930	61
3076	46
3908	11446
4155	478
4794	480
4883	9780
5127	9782
1444	97
2137	152
3734	10024
1106	2
6495	4
3298	23
5781	40
326	8
1107	2
6496	4
2000	19
2718	78
2993	80
1780	12
1382	44
2842	25
1108	2
6497	4
327	8
2380	254
3927	17992
4717	258
1109	2
6498	4
3559	10856
1110	2
1551	32
6499	4
328	8
1111	2
6500	4
1781	12
5633	34
1112	2
6501	4
3299	23
3645	9677
4241	11458
5104	202
1113	2
6502	4
329	8
2001	19
1114	2
2355	7256
2843	25
3166	49
3786	22220
4120	26569
4128	26571
4264	11837
4644	28572
4818	12070
4920	12256
4976	11472
5319	26580
5399	12683
6503	4
1115	2
6504	4
3077	46
5782	40
330	8
2309	9667
3385	70
1782	12
2094	55
1116	2
2650	10082
3560	10856
6505	4
1117	2
6506	4
1383	44
5022	167
1552	32
2931	61
331	8
1118	2
1871	9134
5072	94
6507	4
2234	24871
2610	9683
3300	23
1119	2
2002	19
2449	84
2580	9315
5634	34
6508	4
1783	12
3865	125
332	8
1120	7226
6509	4
2844	25
2191	11802
3770	10187
3827	10088
4276	13973
5375	9214
1121	2
6510	4
333	8
1122	2
2719	78
2994	80
6511	4
2527	9386
3561	28
1445	97
2399	302
3675	10888
3735	10024
3946	9397
4870	12643
1123	2
6512	4
1784	12
334	8
1124	2
3167	49
5783	40
6513	4
1553	32
3301	23
3646	9677
2003	19
1125	2
3078	46
6514	4
335	8
1126	2
6515	4
1384	44
2845	25
4696	11348
5635	34
1127	2
1785	12
2095	55
3445	135
6516	4
336	8
1128	2
2310	9667
3386	70
6517	4
1129	2
3562	10856
6518	4
2932	61
1130	2
6519	4
337	8
3302	23
2004	19
1786	12
1131	2
6520	4
2138	152
1554	32
1132	2
6521	4
338	8
2846	25
5784	40
1133	2
6522	4
1134	2
1597	218
1872	9134
2156	399
2450	84
2485	179
2581	9315
3168	49
3757	9318
3898	24613
3957	9770
3986	24616
4040	12025
4113	1315
4217	18532
4346	13409
4462	13990
4505	10109
4542	9246
4547	13413
4627	51544
4660	9476
4783	11833
4810	64620
4930	9481
4939	9483
4943	1339
4948	9487
4952	1343
4956	1345
5073	94
5171	409
5263	16362
5268	1350
5272	16365
5276	12602
5280	12604
5307	26628
5312	1360
5336	1362
5350	12058
5381	9509
5437	12612
5485	220
5521	411
5538	9206
5636	34
5666	1374
6523	4
339	8
1787	12
3079	46
1135	2
6524	4
2651	10082
3563	28
1385	44
2356	7256
1136	2
6525	4
340	8
2005	19
2720	78
2995	80
3303	23
3647	9677
1137	2
6526	4
1138	2
6527	4
2096	55
4851	18484
341	8
1788	12
1139	2
1555	32
2847	25
6528	4
1446	97
3736	10024
1140	2
6529	4
342	8
2311	9667
3387	70
3866	125
4994	268
5156	270
5506	272
1141	2
6530	4
2933	61
5637	34
5785	40
1142	2
3564	10856
6531	4
1789	12
2006	19
343	8
3304	23
1143	2
6532	4
1144	2
3169	49
6533	4
3080	46
344	8
1145	2
6534	4
1386	44
2171	373
2848	25
3412	376
3691	10022
5023	167
4242	11757
5105	202
1146	2
6535	4
1556	32
1790	12
1147	2
6536	4
345	8
1148	2
6537	4
2007	19
3565	28
1149	2
2451	13796
2582	9315
3305	23
3648	9677
5638	34
6538	4
346	8
2381	254
2528	9386
2668	571
3928	16299
4533	12686
4718	15706
4965	9452
5138	579
1150	2
1873	9134
2097	55
3446	135
5074	18480
6539	4
1791	12
5786	40
1151	2
6540	4
347	8
2721	78
2849	25
2996	80
1152	2
6541	4
3828	10088
1153	2
6542	4
348	8
1557	32
2312	68
3388	70
2934	61
1154	7226
3170	49
6543	4
1792	12
2008	19
2214	11784
2252	9184
3803	13517
3887	350
4002	11062
4181	13933
4904	17045
1387	44
3081	46
1155	2
2652	10082
3566	12197
6544	4
3306	23
349	8
1156	7226
6545	4
1447	97
3737	10024
5639	34
1157	2
6546	4
2139	152
2235	11764
2611	9683
350	8
2357	7256
2850	25
1158	2
1793	12
6547	4
1159	2
6548	4
5787	40
351	8
1160	2
6549	4
2009	19
1558	32
1161	2
6550	4
3307	23
3649	9677
2098	55
3567	10856
1794	12
352	8
1162	2
6551	4
3867	125
1163	2
6552	4
1164	2
1308	1075
1388	44
2452	13796
2486	179
2500	13798
2583	9315
2851	25
3171	49
3787	30519
3894	14696
3972	1087
4016	11980
4058	9411
4070	49533
4284	16388
4328	26651
4334	11988
4382	45931
4596	40283
4620	11993
4668	1106
4675	1108
4697	15409
4731	15411
4768	11999
4801	12001
4829	22460
4921	326
5360	529
5447	9236
5640	34
5701	1120
6553	4
353	8
3082	46
1165	2
6554	4
1795	12
2935	61
1166	2
1874	9134
2010	19
5075	94
6555	4
354	8
2313	9667
2722	78
2997	80
3389	70
1167	2
6556	4
3308	23
1168	2
1559	32
3568	28
6557	4
355	8
5788	40
1169	2
6558	4
1796	12
1170	2
1598	218
2400	302
3676	10888
3947	11486
4871	12643
5486	220
6559	4
2852	25
356	8
1171	2
6560	4
5641	34
2011	19
1172	2
6561	4
357	8
1173	2
2099	55
3447	135
4852	9707
6562	4
1389	44
1448	97
3738	10024
5024	167
1797	12
3309	23
3650	9677
1174	2
3172	49
6563	4
3083	46
3909	16290
4156	24045
4795	9778
4884	11450
5128	18491
2653	10082
3569	28
358	8
1175	2
6564	4
1560	32
1176	2
6565	4
2853	25
359	8
1177	7226
2529	9386
6566	4
5789	40
1798	12
2012	19
2936	61
1178	2
6567	4
4243	14134
5106	202
360	8
1179	2
2314	68
2453	84
2584	9315
3390	70
5642	34
6568	4
2358	9142
3310	23
1180	2
6569	4
1181	2
2723	78
2998	80
3570	28
6570	4
361	8
1799	12
1182	2
1875	9134
5076	94
6571	4
1561	32
1390	44
2140	152
2854	25
1183	2
6572	4
362	8
3868	125
4995	11426
5157	270
5507	272
2013	19
1184	2
3173	49
6573	4
3084	46
2100	55
1185	2
2192	11802
3771	10187
3829	195
4032	13376
4047	12267
4053	9348
4085	919
4109	921
4137	923
4143	28110
4203	19165
4277	11805
4362	930
4394	7417
4486	36512
4591	9748
4615	9370
4755	14067
4775	942
5115	944
5376	445
5392	17036
5454	9381
6574	4
1800	12
363	8
3311	23
3651	9677
1186	2
6575	4
5790	40
5643	34
1187	2
6576	4
364	8
3571	10856
1188	2
6577	4
1189	2
1801	12
2855	25
6578	4
2014	19
365	8
1562	32
1190	2
2937	61
6579	4
1449	97
3739	10024
2382	254
3929	13490
4719	258
1191	2
6580	4
366	8
2315	68
3391	70
3312	23
1192	2
6581	4
1391	44
1802	12
1193	2
6582	4
367	8
1194	2
2157	399
2454	10062
2487	179
2585	9315
2654	10082
3174	49
3572	28
3758	10095
3987	9202
5172	409
5522	411
5539	16376
5644	34
6583	4
3085	46
1195	2
5791	40
6584	4
2856	25
2015	19
2724	78
2999	80
368	8
1196	2
2101	55
3448	135
6585	4
2236	9162
2612	247
1803	12
1197	2
1563	32
6586	4
1198	7226
1876	9134
3313	23
3652	9677
5077	94
6587	4
369	8
1199	2
6588	4
1200	2
6589	4
370	8
3573	10856
1804	12
1201	2
6590	4
2016	19
1392	44
2172	373
2200	9266
2359	9142
2857	25
3413	376
3692	378
3967	796
4011	9274
4023	9276
4493	9278
4635	11859
4698	9282
4739	30635
5025	167
5464	14092
5645	34
1202	2
6591	4
2938	61
371	8
1203	2
6592	4
5792	40
1204	2
3086	46
3175	49
6593	4
3314	23
1564	32
2530	161
372	8
1805	12
2316	9667
3392	70
3869	9334
1205	2
6594	4
1206	7226
1599	218
5487	220
6595	4
373	8
1207	2
3574	10856
6596	4
1450	97
2017	19
2215	11784
2253	9184
3740	9138
3804	10159
3888	7290
4003	9764
4182	354
4905	12299
2102	55
4853	9707
2858	25
1208	2
6597	4
1806	12
2141	152
374	8
1209	2
2455	13796
2586	9315
5646	34
6598	4
1210	2
6599	4
3315	23
3653	9677
2725	78
3000	80
375	8
1393	44
1211	2
6600	4
1565	32
1212	2
4244	14134
5107	18499
6601	4
1807	12
5793	40
376	8
1213	2
2018	19
6602	4
2655	10082
3575	10856
3087	46
1214	2
1877	9134
2859	25
3176	49
3788	15893
4121	14488
4129	699
4265	11837
4645	16312
4819	12070
4922	12256
4977	708
5078	16499
5320	710
5400	7340
6603	4
2939	61
1215	2
6604	4
377	8
1216	2
6605	4
1808	12
3316	23
5647	34
1217	2
6606	4
3830	24602
378	8
2317	9667
2401	302
3393	70
3677	304
3948	9397
4872	15832
1218	2
6607	4
1566	32
2019	19
1219	2
2103	55
3449	135
6608	4
379	8
1220	2
1809	12
3576	28
6609	4
1394	44
2860	25
1221	2
6610	4
380	8
5794	40
1222	2
6611	4
3317	23
3654	9677
1223	2
6612	4
2360	9142
381	8
3088	46
1810	12
1224	2
1451	97
2456	10062
2488	179
2587	9315
3177	49
3741	99
3958	9457
4041	634
4543	29037
4784	638
5648	34
6613	4
2020	19
1225	2
6614	4
2726	78
3001	80
382	8
1226	2
1567	32
6615	4
3870	125
4996	268
5158	270
5508	272
2940	61
2861	25
3577	10856
1227	2
6616	4
1811	12
383	8
1228	2
6617	4
3318	23
1229	2
6618	4
1395	44
5026	18415
384	8
1230	2
1878	9134
2318	9667
3394	70
5079	16499
6619	4
2104	55
5795	40
2021	19
1231	2
6620	4
2383	254
2531	9386
2669	571
3930	17992
4534	9239
4720	11908
4966	9452
5139	579
5649	34
1812	12
1232	2
6621	4
385	8
2862	25
1233	2
2656	10082
3578	12197
6622	4
1568	32
3089	46
1234	2
2142	152
3178	49
6623	4
386	8
3319	23
3655	9677
1235	2
6624	4
1813	12
2237	11764
2613	247
1236	2
6625	4
387	8
2022	19
1237	2
6626	4
1238	2
6627	4
388	8
2941	61
1239	2
1396	44
2457	13796
2501	516
2588	9132
2863	25
4071	30208
4699	14088
4732	18400
4769	30721
4830	527
5361	529
5448	531
5650	34
6628	4
1814	12
5796	40
3579	28
1240	2
2727	78
3002	80
6629	4
1569	32
389	8
1452	97
3320	23
3742	9138
1241	2
6630	4
1242	2
1600	218
2105	55
3450	135
4854	9707
5488	220
6631	4
2023	19
390	8
2319	68
3395	70
1243	2
6632	4
1815	12
3090	46
3910	9389
4157	11809
4796	16762
4885	9222
5129	484
1244	2
3179	49
6633	4
391	8
1245	2
6634	4
2361	9142
2864	25
4245	11642
5108	16483
1246	2
1879	9134
3580	10856
5080	40381
6635	4
5651	34
392	8
1247	2
3321	23
3656	12210
6636	4
1816	12
3871	125
1570	32
1248	2
6637	4
2024	19
5797	40
1397	44
1249	7226
6638	4
393	8
2193	11802
3772	20569
3831	195
4278	26796
5377	445
1250	2
6639	4
2942	61
1251	2
1817	12
6640	4
394	8
2865	25
1252	2
6641	4
2657	10082
3581	10856
1253	2
6642	4
3322	23
395	8
3091	46
2106	55
1254	2
2158	399
2458	84
2489	179
2589	9315
3180	49
3759	10095
3988	9202
5173	409
5523	411
5540	9206
5652	34
6643	4
2025	19
2728	78
3003	80
1818	12
1255	2
1571	32
6644	4
396	8
2320	9667
3396	70
1256	2
6645	4
1257	2
6646	4
5798	40
397	8
1398	44
1453	97
2173	373
2866	25
3414	376
3693	10022
3743	99
5027	167
1258	2
6647	4
1819	12
2532	9386
1259	2
3582	10856
3323	23
3657	64
2143	152
398	8
1260	2
2026	19
2216	11784
2254	9184
3805	348
3889	16280
4004	9189
4183	354
4906	40356
1261	2
5653	34
399	8
1262	2
1880	9134
5081	11440
1572	32
1820	12
2943	61
1263	2
3092	46
400	8
1264	2
2867	25
3181	49
3789	10079
4923	11782
2402	302
3678	304
3949	9397
4873	308
1265	2
2107	55
3451	135
3324	23
3583	28
2027	19
1266	2
5799	40
401	8
1821	12
1267	2
1399	44
2362	7256
1268	2
402	8
2321	68
3397	70
1269	2
2459	10062
2590	9315
3872	15861
4997	268
5159	270
5509	272
5654	34
1573	32
2729	78
3004	80
1270	2
2868	25
403	8
1822	12
1271	2
3325	23
3658	9677
2028	19
1272	2
2658	115
3584	10856
2384	254
3931	19461
4721	258
404	8
1273	2
3093	46
1274	2
3182	49
1823	12
405	8
1454	97
3744	9138
2238	9162
2614	9683
2944	61
5800	40
1275	2
1276	2
1400	44
2108	55
2869	25
4700	9282
4855	9707
5655	34
406	8
1574	32
1277	2
2029	19
3326	23
1278	2
1601	218
1881	9134
5082	40381
5489	220
1824	12
3585	28
4246	200
5109	202
407	8
1279	2
1280	2
408	8
1281	2
2322	9667
3398	70
3832	9151
1282	2
1825	12
2870	25
1283	2
3094	46
409	8
2030	19
3327	23
3659	9677
5801	40
1284	2
1575	32
2460	14128
2490	179
2591	9132
3183	49
5656	34
2730	78
3005	80
1285	2
3586	28
410	8
2144	152
1401	44
1826	12
5028	13078
1286	2
2533	161
1287	2
2945	61
411	8
1288	2
2109	55
3452	135
1289	2
2363	9142
2871	25
2031	19
412	8
1827	12
3328	23
1290	2
3873	125
1291	7226
1576	32
1455	97
2659	10082
3587	28
3745	99
5657	34
413	8
1292	2
5802	40
3095	46
1293	2
414	8
2323	9667
3399	70
1294	2
1882	9134
3184	49
5083	11440
1295	2
1402	44
2032	19
2872	25
1296	7226
3329	23
3660	9677
1297	7226
1298	2
3588	28
1577	32
1299	2
2461	84
2592	9315
2731	78
3006	80
5658	34
2946	61
2110	55
1300	2
1301	2
2033	19
2873	25
5803	40
1302	2
3330	23
3096	46
1303	2
3185	49
1403	44
5659	34
