id	type	origin	dest	dtime	vot
31	111	1	5	24	38.783567870643836
18	111	1	5	29	6.2900798019262645
29	111	1	5	38	16.872122001534056
37	111	1	5	83	22.056836343615835
36	111	1	5	110	43.3097430932532
2	111	1	5	123	15.918114280496873
23	111	1	5	137	11.189966485973866
41	111	1	5	142	5.105285658360791
9	111	1	5	145	3.412492709201221
5	111	1	5	219	32.94024940127484
10	111	1	5	234	10.681607066719884
35	111	1	5	251	4.86977531663428
42	111	1	5	285	10.042515940054143
3	111	1	5	304	9.469431915183009
8	111	1	5	326	11.783967948994675
32	111	1	5	335	4.395580119883733
39	111	1	5	379	10.625568258749478
11	111	1	5	404	103.5808076902391
19	111	1	5	406	21.711330534191376
43	111	1	5	418	74.15739225472137
21	111	1	5	427	47.46973605907038
15	111	1	5	437	12.907133232649832
33	111	1	5	437	6.404727790398734
25	111	1	5	467	6.106539882185638
17	111	1	5	486	7.262034096291404
30	111	1	5	489	42.8248954920562
22	111	1	5	495	25.328416365405964
34	111	1	5	511	92.49037465789749
24	111	1	5	573	2.8581669786001545
16	111	1	5	591	25.711532854043863
12	111	1	5	597	31.79838574192041
1	111	1	5	617	17.050873036960876
38	111	1	5	629	0.4461974879553524
14	111	1	5	704	20.525798454662496
28	111	1	5	709	0.9670576118997007
40	111	1	5	725	36.10430413603879
27	111	1	5	778	1.2284632953315824
6	111	1	5	789	14.540141575230582
7	111	1	5	789	27.62922183802941
13	111	1	5	806	32.262071131583895
4	111	1	5	809	21.688581692563883
26	111	1	5	835	3.4853561560607953
20	111	1	5	856	7.662563558026827
45	111	1	5	925	21.227423192063398
78	111	1	5	941	11.896595462305257
73	111	1	5	953	15.164606012857519
54	111	1	5	955	25.799210317579156
59	111	1	5	983	12.011301000400929
84	111	1	5	986	10.01189849015779
85	111	1	5	1014	11.94568548917926
70	111	1	5	1019	18.324902315793558
68	111	1	5	1033	39.09961009129801
49	111	1	5	1065	1.5102909862417286
53	111	1	5	1067	7.497865630167448
65	111	1	5	1069	6.801038811178646
62	111	1	5	1079	22.0215541000611
67	111	1	5	1081	25.97052242911718
71	111	1	5	1085	27.423293278666243
74	111	1	5	1150	39.719088514893244
44	111	1	5	1160	17.808487137220684
47	111	1	5	1206	14.949879776530203
76	111	1	5	1226	37.451626182166926
64	111	1	5	1229	17.238459722835575
55	111	1	5	1236	3.059816942267581
82	111	1	5	1236	25.295142041009374
60	111	1	5	1340	11.72319936075224
52	111	1	5	1368	19.86634370923209
86	111	1	5	1374	26.109062355683182
77	111	1	5	1381	81.44058901263712
80	111	1	5	1436	12.081455875871892
87	111	1	5	1438	7.01570695416668
46	111	1	5	1487	32.61902688398486
66	111	1	5	1504	1.2662659196401433
72	111	1	5	1521	14.345480382909077
56	111	1	5	1530	10.770568617250916
48	111	1	5	1586	5.709703353014268
83	111	1	5	1592	2.588330431406199
69	111	1	5	1604	55.39480500396854
79	111	1	5	1610	2.2840504094401757
61	111	1	5	1650	3.8281272381620166
50	111	1	5	1704	46.07928976387213
81	111	1	5	1710	55.43716169946655
58	111	1	5	1735	0.6272821505754275
75	111	1	5	1751	10.969296962915013
57	111	1	5	1758	4.609119490247315
63	111	1	5	1762	18.062810133568405
51	111	1	5	1777	18.689913971125225
128	111	1	5	1834	2.2433096577867953
93	111	1	5	1869	20.82653338277584
101	111	1	5	1878	37.9191702343742
110	111	1	5	1881	1.5531037075388425
123	111	1	5	1890	60.95157219370805
96	111	1	5	1901	4.46734620575321
95	111	1	5	1922	4.271400576019094
92	111	1	5	1934	23.646441884924137
111	111	1	5	1935	30.596979622592546
117	111	1	5	1963	17.583629213868615
108	111	1	5	1971	0.8633805050004093
116	111	1	5	1979	7.284866570689252
127	111	1	5	2010	81.22679419833352
99	111	1	5	2109	5.865744280093245
109	111	1	5	2190	8.774930443414313
130	111	1	5	2198	12.318039720912122
113	111	1	5	2215	10.466295071715702
124	111	1	5	2239	77.31005397051686
97	111	1	5	2261	7.968486126263306
104	111	1	5	2274	3.033902150688857
112	111	1	5	2286	79.45349355498372
88	111	1	5	2309	28.02071954329948
114	111	1	5	2330	26.87068659259633
118	111	1	5	2348	41.35859659654389
106	111	1	5	2349	105.26839292196834
125	111	1	5	2378	123.06947101228864
91	111	1	5	2412	21.421111518407468
100	111	1	5	2435	111.83732172212652
115	111	1	5	2441	20.195461375423786
105	111	1	5	2477	2.3285200516923665
120	111	1	5	2484	3.523237546433204
121	111	1	5	2485	29.51260135540194
89	111	1	5	2508	4.42006034885807
126	111	1	5	2519	4.21480640560058
90	111	1	5	2551	23.129098652693596
107	111	1	5	2558	16.183371168347048
102	111	1	5	2562	66.2451619528915
94	111	1	5	2600	34.34402994766104
129	111	1	5	2602	17.62921551512039
103	111	1	5	2603	26.656738820731153
122	111	1	5	2621	12.98901255535084
119	111	1	5	2661	1.4791883747957786
98	111	1	5	2682	26.41185280743534
158	111	1	5	2709	23.035562487177252
173	111	1	5	2714	17.74278174816743
171	111	1	5	2715	9.124242377502707
161	111	1	5	2758	35.90268800202616
164	111	1	5	2768	17.153370532523887
136	111	1	5	2807	2.0669028548343538
131	111	1	5	2812	6.5271901939484644
147	111	1	5	2873	60.1631637624047
141	111	1	5	2893	34.272867032451266
144	111	1	5	2896	6.14302915008621
135	111	1	5	2917	64.03557871705233
148	111	1	5	2953	2.0725960108722554
132	111	1	5	2965	2.827549079206819
155	111	1	5	3056	80.95578959766425
152	111	1	5	3062	17.68069149096398
157	111	1	5	3088	94.21623161428549
159	111	1	5	3101	12.393400266478235
154	111	1	5	3124	23.34524373255927
140	111	1	5	3137	21.486031474127373
151	111	1	5	3176	12.186097151282627
162	111	1	5	3189	0.7246469615673738
156	111	1	5	3216	15.313372204014055
165	111	1	5	3221	27.485537154455848
166	111	1	5	3245	13.145523663099869
145	111	1	5	3251	16.12831769062824
134	111	1	5	3322	18.349084853262823
149	111	1	5	3350	15.068004264783182
168	111	1	5	3354	13.32915546326261
133	111	1	5	3371	25.511307270927233
153	111	1	5	3377	29.97703993513953
138	111	1	5	3388	61.66848652967317
139	111	1	5	3431	0.22309737253817066
172	111	1	5	3436	9.914333397410143
150	111	1	5	3441	43.183210978427994
174	111	1	5	3461	14.477578234369053
146	111	1	5	3466	41.23618363547058
142	111	1	5	3474	4.002965710156945
170	111	1	5	3477	1.898830027252081
163	111	1	5	3478	32.15748757727253
167	111	1	5	3484	0.0018944276545558346
143	111	1	5	3490	10.46573298488739
160	111	1	5	3511	2.8161864180154956
169	111	1	5	3523	32.70413252861387
137	111	1	5	3568	26.10291857383871
