id	type	source	dest	length (ft)	ffspd (mph)	w (mph)	capacity	num_lanes
204277	1000	100374	5178	580.8	60.0	30.0	800.0	1
304277	1000	5178	100374	580.8	60.0	30.0	800.0	1
204866	1000	100403	5571	475.2	60.0	30.0	800.0	1
304866	1000	5571	100403	475.2	60.0	30.0	800.0	1
204872	1000	100403	5577	950.4	60.0	30.0	800.0	1
304872	1000	5577	100403	950.4	60.0	30.0	800.0	1
204873	1000	100849	5458	475.2	60.0	30.0	800.0	1
304873	1000	5458	100849	475.2	60.0	30.0	800.0	1
204884	1000	100404	5579	686.4	60.0	30.0	800.0	1
304884	1000	5579	100404	686.4	60.0	30.0	800.0	1
204889	1000	100404	5584	475.2	60.0	30.0	800.0	1
304889	1000	5584	100404	475.2	60.0	30.0	800.0	1
304898	1000	10602	100373	369.6	60.0	30.0	800.0	1
204900	1000	100372	12736	528.0	60.0	30.0	800.0	1
304900	1000	12736	100372	528.0	60.0	30.0	800.0	1
204902	1000	100372	10601	475.2	60.0	30.0	800.0	1
304902	1000	10601	100372	475.2	60.0	30.0	800.0	1
204911	1000	100849	5472	528.0	60.0	30.0	800.0	1
304911	1000	5472	100849	528.0	60.0	30.0	800.0	1
304913	1000	13085	100373	264.0	60.0	30.0	800.0	1
205154	1000	100377	5733	897.6	60.0	30.0	800.0	1
305154	1000	5733	100377	897.6	60.0	30.0	800.0	1
205155	1000	100407	5729	369.6	60.0	30.0	800.0	1
305155	1000	5729	100407	369.6	60.0	30.0	800.0	1
205160	1000	100407	11030	475.2	60.0	30.0	800.0	1
305160	1000	11030	100407	475.2	60.0	30.0	800.0	1
205164	1000	100406	10489	369.6	60.0	30.0	800.0	1
305164	1000	10489	100406	369.6	60.0	30.0	800.0	1
205199	1000	100406	5747	369.6	60.0	30.0	800.0	1
305199	1000	5747	100406	369.6	60.0	30.0	800.0	1
205222	1000	100377	5152	1214.4	60.0	30.0	800.0	1
305222	1000	5152	100377	1214.4	60.0	30.0	800.0	1
205271	1000	100382	5771	316.8	60.0	30.0	800.0	1
305271	1000	5771	100382	316.8	60.0	30.0	800.0	1
205295	1000	100384	5777	422.40000000000003	60.0	30.0	800.0	1
305295	1000	5777	100384	422.40000000000003	60.0	30.0	800.0	1
205308	1000	100383	5788	316.8	60.0	30.0	800.0	1
305308	1000	5788	100383	316.8	60.0	30.0	800.0	1
205325	1000	100385	5198	316.8	60.0	30.0	800.0	1
305325	1000	5198	100385	316.8	60.0	30.0	800.0	1
205921	1000	100356	6188	1267.2	60.0	30.0	800.0	1
305921	1000	6188	100356	1267.2	60.0	30.0	800.0	1
205922	1000	100358	11085	1214.4	60.0	30.0	800.0	1
305922	1000	11085	100358	1214.4	60.0	30.0	800.0	1
206013	1000	100358	6147	580.8	60.0	30.0	800.0	1
306013	1000	6147	100358	580.8	60.0	30.0	800.0	1
206193	1000	100386	6322	844.8000000000001	60.0	30.0	800.0	1
306193	1000	6322	100386	844.8000000000001	60.0	30.0	800.0	1
206202	1000	100362	6337	1478.4	60.0	30.0	800.0	1
306202	1000	6337	100362	1478.4	60.0	30.0	800.0	1
206207	1000	100362	6344	1742.4	60.0	30.0	800.0	1
306207	1000	6344	100362	1742.4	60.0	30.0	800.0	1
206210	1000	100375	13048	158.4	60.0	30.0	800.0	1
306210	1000	13048	100375	158.4	60.0	30.0	800.0	1
206217	1000	100375	6347	633.6	60.0	30.0	800.0	1
306217	1000	6347	100375	633.6	60.0	30.0	800.0	1
206219	1000	100375	13049	264.0	60.0	30.0	800.0	1
306219	1000	13049	100375	264.0	60.0	30.0	800.0	1
306225	1000	6174	100359	475.2	60.0	30.0	800.0	1
206231	1000	100376	6345	580.8	60.0	30.0	800.0	1
306231	1000	6345	100376	580.8	60.0	30.0	800.0	1
306242	1000	6183	100356	528.0	60.0	30.0	800.0	1
206259	1000	100361	12043	369.6	60.0	30.0	800.0	1
306259	1000	12043	100361	369.6	60.0	30.0	800.0	1
206356	1000	100363	6312	528.0	60.0	30.0	800.0	1
306356	1000	6312	100363	528.0	60.0	30.0	800.0	1
213452	1000	100345	6166	1320.0	60.0	30.0	800.0	1
313452	1000	6166	100345	1320.0	60.0	30.0	800.0	1
213459	1000	100363	6315	1478.4	60.0	30.0	800.0	1
313459	1000	6315	100363	1478.4	60.0	30.0	800.0	1
314698	1000	5587	101408	475.2	60.0	30.0	800.0	1
214703	1000	101410	13051	105.60000000000001	60.0	30.0	800.0	1
314703	1000	13051	101410	105.60000000000001	60.0	30.0	800.0	1
214705	1000	101410	13058	264.0	60.0	30.0	800.0	1
314705	1000	13058	101410	264.0	60.0	30.0	800.0	1
214706	1000	101410	6351	844.8000000000001	60.0	30.0	800.0	1
314706	1000	6351	101410	844.8000000000001	60.0	30.0	800.0	1
214708	1000	101410	10607	1108.8	60.0	30.0	800.0	1
314708	1000	10607	101410	1108.8	60.0	30.0	800.0	1
214709	1000	101413	5214	316.8	60.0	30.0	800.0	1
314709	1000	5214	101413	316.8	60.0	30.0	800.0	1
314710	1000	5106	101413	528.0	60.0	30.0	800.0	1
214714	1000	101413	10610	633.6	60.0	30.0	800.0	1
314714	1000	10610	101413	633.6	60.0	30.0	800.0	1
215481	1000	100344	6169	792.0	60.0	30.0	800.0	1
315481	1000	6169	100344	792.0	60.0	30.0	800.0	1
216795	1000	100362	6338	422.40000000000003	60.0	30.0	800.0	1
316795	1000	6338	100362	422.40000000000003	60.0	30.0	800.0	1
316797	1000	12266	100359	422.40000000000003	60.0	30.0	800.0	1
316798	1000	6175	100358	158.4	60.0	30.0	800.0	1
216799	1000	100361	6334	158.4	60.0	30.0	800.0	1
316799	1000	6334	100361	158.4	60.0	30.0	800.0	1
216819	1000	100356	6184	528.0	60.0	30.0	800.0	1
316819	1000	6184	100356	528.0	60.0	30.0	800.0	1
216829	1000	100406	11384	528.0	60.0	30.0	800.0	1
316829	1000	11384	100406	528.0	60.0	30.0	800.0	1
217610	1000	100362	6342	1478.4	60.0	30.0	800.0	1
317610	1000	6342	100362	1478.4	60.0	30.0	800.0	1
217727	1000	100377	13023	580.8	60.0	30.0	800.0	1
317727	1000	13023	100377	580.8	60.0	30.0	800.0	1
217728	1000	100377	11533	1214.4	60.0	30.0	800.0	1
317728	1000	11533	100377	1214.4	60.0	30.0	800.0	1
217733	1000	100405	5745	528.0	60.0	30.0	800.0	1
317733	1000	5745	100405	528.0	60.0	30.0	800.0	1
317734	1000	10487	100404	316.8	60.0	30.0	800.0	1
217737	1000	100372	12737	422.40000000000003	60.0	30.0	800.0	1
317737	1000	12737	100372	422.40000000000003	60.0	30.0	800.0	1
218431	1000	100380	13130	580.8	60.0	30.0	800.0	1
318431	1000	13130	100380	580.8	60.0	30.0	800.0	1
218433	1000	100405	13131	105.60000000000001	60.0	30.0	800.0	1
318433	1000	13131	100405	105.60000000000001	60.0	30.0	800.0	1
218435	1000	100405	13132	528.0	60.0	30.0	800.0	1
318435	1000	13132	100405	528.0	60.0	30.0	800.0	1
218437	1000	100405	13133	316.8	60.0	30.0	800.0	1
318437	1000	13133	100405	316.8	60.0	30.0	800.0	1
218439	1000	100381	13134	264.0	60.0	30.0	800.0	1
318439	1000	13134	100381	264.0	60.0	30.0	800.0	1
218441	1000	100381	13135	475.2	60.0	30.0	800.0	1
318441	1000	13135	100381	475.2	60.0	30.0	800.0	1
218443	1000	100381	13136	211.20000000000002	60.0	30.0	800.0	1
318443	1000	13136	100381	211.20000000000002	60.0	30.0	800.0	1
218445	1000	100381	13137	422.40000000000003	60.0	30.0	800.0	1
318445	1000	13137	100381	422.40000000000003	60.0	30.0	800.0	1
218447	1000	100380	13138	475.2	60.0	30.0	800.0	1
318447	1000	13138	100380	475.2	60.0	30.0	800.0	1
218449	1000	100380	13139	105.60000000000001	60.0	30.0	800.0	1
318449	1000	13139	100380	105.60000000000001	60.0	30.0	800.0	1
218451	1000	100382	13140	422.40000000000003	60.0	30.0	800.0	1
318451	1000	13140	100382	422.40000000000003	60.0	30.0	800.0	1
218453	1000	100382	13141	264.0	60.0	30.0	800.0	1
318453	1000	13141	100382	264.0	60.0	30.0	800.0	1
218455	1000	100382	13142	316.8	60.0	30.0	800.0	1
318455	1000	13142	100382	316.8	60.0	30.0	800.0	1
218457	1000	100379	13143	475.2	60.0	30.0	800.0	1
318457	1000	13143	100379	475.2	60.0	30.0	800.0	1
218461	1000	100379	13145	264.0	60.0	30.0	800.0	1
318461	1000	13145	100379	264.0	60.0	30.0	800.0	1
218463	1000	100378	13146	475.2	60.0	30.0	800.0	1
318463	1000	13146	100378	475.2	60.0	30.0	800.0	1
218465	1000	100378	13147	633.6	60.0	30.0	800.0	1
318465	1000	13147	100378	633.6	60.0	30.0	800.0	1
218467	1000	100378	13148	422.40000000000003	60.0	30.0	800.0	1
318467	1000	13148	100378	422.40000000000003	60.0	30.0	800.0	1
218469	1000	100378	13149	422.40000000000003	60.0	30.0	800.0	1
318469	1000	13149	100378	422.40000000000003	60.0	30.0	800.0	1
218471	1000	100380	13150	528.0	60.0	30.0	800.0	1
318471	1000	13150	100380	528.0	60.0	30.0	800.0	1
218473	1000	100849	13151	475.2	60.0	30.0	800.0	1
318473	1000	13151	100849	475.2	60.0	30.0	800.0	1
218475	1000	101408	13152	633.6	60.0	30.0	800.0	1
318475	1000	13152	101408	633.6	60.0	30.0	800.0	1
218477	1000	101408	13153	844.8000000000001	60.0	30.0	800.0	1
318477	1000	13153	101408	844.8000000000001	60.0	30.0	800.0	1
218479	1000	100373	13154	686.4	60.0	30.0	800.0	1
318479	1000	13154	100373	686.4	60.0	30.0	800.0	1
218481	1000	101409	13155	580.8	60.0	30.0	800.0	1
318481	1000	13155	101409	580.8	60.0	30.0	800.0	1
218483	1000	101409	13156	739.2	60.0	30.0	800.0	1
318483	1000	13156	101409	739.2	60.0	30.0	800.0	1
218485	1000	100374	13157	422.40000000000003	60.0	30.0	800.0	1
318485	1000	13157	100374	422.40000000000003	60.0	30.0	800.0	1
218487	1000	100374	13158	422.40000000000003	60.0	30.0	800.0	1
318487	1000	13158	100374	422.40000000000003	60.0	30.0	800.0	1
218489	1000	100375	13159	633.6	60.0	30.0	800.0	1
318489	1000	13159	100375	633.6	60.0	30.0	800.0	1
218491	1000	100376	13160	792.0	60.0	30.0	800.0	1
318491	1000	13160	100376	792.0	60.0	30.0	800.0	1
218493	1000	100377	13161	739.2	60.0	30.0	800.0	1
318493	1000	13161	100377	739.2	60.0	30.0	800.0	1
218495	1000	100407	13162	422.40000000000003	60.0	30.0	800.0	1
318495	1000	13162	100407	422.40000000000003	60.0	30.0	800.0	1
218497	1000	101408	13163	844.8000000000001	60.0	30.0	800.0	1
318497	1000	13163	101408	844.8000000000001	60.0	30.0	800.0	1
218499	1000	100383	13164	211.20000000000002	60.0	30.0	800.0	1
318499	1000	13164	100383	211.20000000000002	60.0	30.0	800.0	1
218501	1000	100374	13165	580.8	60.0	30.0	800.0	1
318501	1000	13165	100374	580.8	60.0	30.0	800.0	1
218503	1000	101409	13166	739.2	60.0	30.0	800.0	1
318503	1000	13166	101409	739.2	60.0	30.0	800.0	1
218505	1000	100385	13167	422.40000000000003	60.0	30.0	800.0	1
318505	1000	13167	100385	422.40000000000003	60.0	30.0	800.0	1
218507	1000	100376	13168	633.6	60.0	30.0	800.0	1
318507	1000	13168	100376	633.6	60.0	30.0	800.0	1
218509	1000	101413	13169	739.2	60.0	30.0	800.0	1
318509	1000	13169	101413	739.2	60.0	30.0	800.0	1
218511	1000	100376	13170	211.20000000000002	60.0	30.0	800.0	1
318511	1000	13170	100376	211.20000000000002	60.0	30.0	800.0	1
218513	1000	100386	13171	1267.2	60.0	30.0	800.0	1
318513	1000	13171	100386	1267.2	60.0	30.0	800.0	1
218515	1000	100359	13172	1214.4	60.0	30.0	800.0	1
318515	1000	13172	100359	1214.4	60.0	30.0	800.0	1
218517	1000	100362	13173	1847.9999999999998	60.0	30.0	800.0	1
318517	1000	13173	100362	1847.9999999999998	60.0	30.0	800.0	1
218519	1000	100359	13174	528.0	60.0	30.0	800.0	1
318519	1000	13174	100359	528.0	60.0	30.0	800.0	1
218521	1000	100359	13175	1108.8	60.0	30.0	800.0	1
318521	1000	13175	100359	1108.8	60.0	30.0	800.0	1
218523	1000	100356	13176	950.4	60.0	30.0	800.0	1
318523	1000	13176	100356	950.4	60.0	30.0	800.0	1
218525	1000	100360	13177	528.0	60.0	30.0	800.0	1
318525	1000	13177	100360	528.0	60.0	30.0	800.0	1
218527	1000	100360	13178	844.8000000000001	60.0	30.0	800.0	1
318527	1000	13178	100360	844.8000000000001	60.0	30.0	800.0	1
218529	1000	100360	13179	633.6	60.0	30.0	800.0	1
318529	1000	13179	100360	633.6	60.0	30.0	800.0	1
218531	1000	100360	13180	1425.6	60.0	30.0	800.0	1
318531	1000	13180	100360	1425.6	60.0	30.0	800.0	1
218533	1000	100361	13181	1478.4	60.0	30.0	800.0	1
318533	1000	13181	100361	1478.4	60.0	30.0	800.0	1
218537	1000	100356	13183	2217.6	60.0	30.0	800.0	1
318537	1000	13183	100356	2217.6	60.0	30.0	800.0	1
218539	1000	100345	13184	1267.2	60.0	30.0	800.0	1
318539	1000	13184	100345	1267.2	60.0	30.0	800.0	1
325002	1000	5469	125469	369.6	60.0	30.0	800.0	1
325003	1000	5545	125545	369.6	60.0	30.0	800.0	1
325004	1000	5551	125551	369.6	60.0	30.0	800.0	1
325005	1000	5553	125553	369.6	60.0	30.0	800.0	1
325006	1000	5659	125659	369.6	60.0	30.0	800.0	1
325007	1000	5709	125709	369.6	60.0	30.0	800.0	1
325008	1000	5710	125710	369.6	60.0	30.0	800.0	1
325010	1000	5762	125762	369.6	60.0	30.0	800.0	1
325011	1000	5763	125763	369.6	60.0	30.0	800.0	1
325012	1000	5772	125772	369.6	60.0	30.0	800.0	1
325013	1000	5780	125780	369.6	60.0	30.0	800.0	1
325014	1000	6234	126234	369.6	60.0	30.0	800.0	1
325015	1000	6307	126307	369.6	60.0	30.0	800.0	1
325016	1000	6359	126359	369.6	60.0	30.0	800.0	1
325017	1000	6364	126364	369.6	60.0	30.0	800.0	1
325018	1000	6376	126376	369.6	60.0	30.0	800.0	1
325019	1000	6398	126398	369.6	60.0	30.0	800.0	1
325020	1000	6399	126399	369.6	60.0	30.0	800.0	1
325021	1000	11229	131229	369.6	60.0	30.0	800.0	1
325022	1000	11483	131483	369.6	60.0	30.0	800.0	1
325023	1000	11536	131536	369.6	60.0	30.0	800.0	1
325024	1000	11786	131786	369.6	60.0	30.0	800.0	1
325025	1000	12672	132672	369.6	60.0	30.0	800.0	1
325026	1000	13094	133094	369.6	60.0	30.0	800.0	1
325027	1000	13096	133096	369.6	60.0	30.0	800.0	1
325028	1000	13099	133099	369.6	60.0	30.0	800.0	1
325029	1000	13115	133115	369.6	60.0	30.0	800.0	1
325030	1000	13116	133116	369.6	60.0	30.0	800.0	1
425002	1000	125469	5469	369.6	60.0	30.0	800.0	1
425003	1000	125545	5545	369.6	60.0	30.0	800.0	1
425004	1000	125551	5551	369.6	60.0	30.0	800.0	1
425005	1000	125553	5553	369.6	60.0	30.0	800.0	1
425006	1000	125659	5659	369.6	60.0	30.0	800.0	1
425007	1000	125709	5709	369.6	60.0	30.0	800.0	1
425008	1000	125710	5710	369.6	60.0	30.0	800.0	1
425010	1000	125762	5762	369.6	60.0	30.0	800.0	1
425011	1000	125763	5763	369.6	60.0	30.0	800.0	1
425012	1000	125772	5772	369.6	60.0	30.0	800.0	1
425013	1000	125780	5780	369.6	60.0	30.0	800.0	1
425014	1000	126234	6234	369.6	60.0	30.0	800.0	1
425015	1000	126307	6307	369.6	60.0	30.0	800.0	1
425016	1000	126359	6359	369.6	60.0	30.0	800.0	1
425017	1000	126364	6364	369.6	60.0	30.0	800.0	1
425018	1000	126376	6376	369.6	60.0	30.0	800.0	1
425019	1000	126398	6398	369.6	60.0	30.0	800.0	1
425020	1000	126399	6399	369.6	60.0	30.0	800.0	1
425021	1000	131229	11229	369.6	60.0	30.0	800.0	1
425022	1000	131483	11483	369.6	60.0	30.0	800.0	1
425023	1000	131536	11536	369.6	60.0	30.0	800.0	1
425024	1000	131786	11786	369.6	60.0	30.0	800.0	1
425025	1000	132672	12672	369.6	60.0	30.0	800.0	1
425026	1000	133094	13094	369.6	60.0	30.0	800.0	1
425027	1000	133096	13096	369.6	60.0	30.0	800.0	1
425028	1000	133099	13099	369.6	60.0	30.0	800.0	1
425029	1000	133115	13115	369.6	60.0	30.0	800.0	1
425030	1000	133116	13116	369.6	60.0	30.0	800.0	1
325009	1000	5761	125761	369.0	60.0	30.0	800.0	1
425009	1000	125761	5761	369.0	60.0	30.0	800.0	1
425101	1000	133122	13122	2.0	49.99998	24.99999	800.0	10
425104	1000	13122	133122	2.0	49.99998	24.99999	800.0	10
425105	1000	5778	133192	2.0	49.99998	24.99999	800.0	10
425102	1000	133192	5778	2.0	49.99998	24.99999	800.0	10
325110	1000	125669	5669	1.0	49.99998	24.99999	800.0	10
325111	1000	125682	5682	1.0	49.99998	24.99999	800.0	10
325112	1000	125694	5694	1.0	49.99998	24.99999	800.0	10
325113	1000	126384	6384	1.0	49.99998	24.99999	800.0	10
325114	1000	126386	6386	1.0	49.99998	24.99999	800.0	10
325115	1000	126392	6392	1.0	49.99998	24.99999	800.0	10
325116	1000	129912	9912	1.0	49.99998	24.99999	800.0	10
325117	1000	130479	10479	1.0	49.99998	24.99999	800.0	10
325118	1000	130584	10584	1.0	49.99998	24.99999	800.0	10
325119	1000	130616	10616	1.0	49.99998	24.99999	800.0	10
325120	1000	130631	10631	1.0	49.99998	24.99999	800.0	10
325121	1000	131027	11027	1.0	49.99998	24.99999	800.0	10
325122	1000	131551	11551	1.0	49.99998	24.99999	800.0	10
325123	1000	132077	12077	1.0	49.99998	24.99999	800.0	10
325124	1000	132097	12097	1.0	49.99998	24.99999	800.0	10
325125	1000	133129	13129	1.0	49.99998	24.99999	800.0	10
425110	1000	5669	125669	1.0	49.99998	24.99999	800.0	10
425111	1000	5682	125682	1.0	49.99998	24.99999	800.0	10
425112	1000	5694	125694	1.0	49.99998	24.99999	800.0	10
425113	1000	6384	126384	1.0	49.99998	24.99999	800.0	10
425114	1000	6386	126386	1.0	49.99998	24.99999	800.0	10
425115	1000	6392	126392	1.0	49.99998	24.99999	800.0	10
425116	1000	9912	129912	1.0	49.99998	24.99999	800.0	10
425117	1000	10479	130479	1.0	49.99998	24.99999	800.0	10
425118	1000	10584	130584	1.0	49.99998	24.99999	800.0	10
425119	1000	10616	130616	1.0	49.99998	24.99999	800.0	10
425120	1000	10631	130631	1.0	49.99998	24.99999	800.0	10
425121	1000	11027	131027	1.0	49.99998	24.99999	800.0	10
425122	1000	11551	131551	1.0	49.99998	24.99999	800.0	10
425123	1000	12077	132077	1.0	49.99998	24.99999	800.0	10
425124	1000	12097	132097	1.0	49.99998	24.99999	800.0	10
425125	1000	13129	133129	1.0	49.99998	24.99999	800.0	10
425126	1000	5673	125673	1.0	49.99998	24.99999	800.0	10
625126	1000	125673	5673	1.0	49.99998	24.99999	800.0	10
425127	1000	5698	125698	1.0	49.99998	24.99999	800.0	10
625127	1000	125698	5698	1.0	49.99998	24.99999	800.0	10
425128	1000	6393	126393	1.0	49.99998	24.99999	800.0	10
625128	1000	126393	6393	1.0	49.99998	24.99999	800.0	10
425129	1000	9913	129913	1.0	49.99998	24.99999	800.0	10
625129	1000	129913	9913	1.0	49.99998	24.99999	800.0	10
425130	1000	10615	130615	1.0	49.99998	24.99999	800.0	10
425131	1000	11791	131791	1.0	49.99998	24.99999	800.0	10
625131	1000	131791	11791	1.0	49.99998	24.99999	800.0	10
425150	1000	130615	10615	10.0	60.0	30.0	800.0	1
425031	1000	133118	133193	369.6	60.0	30.0	800.0	1
325031	1000	133193	133118	369.6	60.0	30.0	800.0	1
118271	100	13042	13061	369.6	30.0	15.0	800.0	1
118270	100	13061	13044	369.6	30.0	15.0	800.0	1
118268	100	13044	13048	316.8	30.0	15.0	800.0	1
118267	100	13048	13053	316.8	30.0	15.0	800.0	1
118264	100	13052	13059	369.6	30.0	15.0	800.0	1
118263	100	13059	13058	316.8	30.0	15.0	800.0	1
118262	100	13058	13057	369.6	30.0	15.0	800.0	1
118260	100	13052	13057	316.8	30.0	15.0	800.0	1
18417	100	13123	13122	211.20000000000002	30.0	15.0	800.0	2
18415	100	13122	12044	52.800000000000004	30.0	15.0	800.0	2
118255	100	13053	13041	369.6	30.0	15.0	800.0	1
118254	100	13057	13051	52.800000000000004	30.0	15.0	800.0	1
114663	100	5680	10584	475.2	30.0	15.0	800.0	1
18392	100	13112	11031	369.6	30.0	15.0	800.0	1
18391	100	13115	13112	369.6	30.0	15.0	800.0	1
18383	100	13111	5582	369.0	30.0	15.0	800.0	1
18382	100	13110	13111	369.0	30.0	15.0	800.0	1
18380	100	13109	13110	369.6	30.0	15.0	800.0	1
118219	100	11382	13035	52.800000000000004	30.0	15.0	800.0	4
18378	100	13108	13132	211.20000000000002	30.0	15.0	800.0	1
118216	100	5107	13034	369.6	30.0	15.0	800.0	1
118212	100	13031	13030	316.8	30.0	15.0	800.0	1
118211	100	13030	5760	369.6	30.0	15.0	800.0	1
118210	100	5760	13029	369.6	30.0	15.0	800.0	1
118209	100	13029	11082	369.0	30.0	15.0	800.0	1
118207	100	13023	13028	475.2	30.0	15.0	800.0	1
118203	100	13026	13025	369.6	30.0	15.0	800.0	1
118201	100	13024	11081	369.6	30.0	15.0	800.0	1
118199	100	13028	13022	369.6	30.0	15.0	800.0	1
18354	100	13095	13096	3115.2	30.0	15.0	800.0	1
18352	100	13095	6188	844.8000000000001	30.0	15.0	800.0	2
18351	100	13094	5729	686.4	30.0	15.0	800.0	1
116141	100	11504	11637	105.60000000000001	30.0	15.0	800.0	2
18341	100	13084	13091	1056.0	30.0	15.0	800.0	1
118181	100	13017	5722	369.6	30.0	15.0	800.0	1
116641	100	6175	12137	475.2	30.0	15.0	800.0	1
116640	100	6175	12136	580.8	30.0	15.0	800.0	1
116639	100	6184	12135	369.6	30.0	15.0	800.0	1
104861	100	5571	5570	528.0	30.0	15.0	800.0	2
16796	100	12266	13198	52.800000000000004	30.0	15.0	800.0	1
18332	100	5581	13089	369.6	30.0	15.0	800.0	1
18331	100	13088	5581	369.0	30.0	15.0	800.0	1
18328	100	13086	13087	369.6	30.0	15.0	800.0	1
18327	100	10602	13086	369.6	30.0	15.0	800.0	1
18323	100	5586	13154	211.20000000000002	30.0	15.0	800.0	1
18322	100	5584	13083	369.6	30.0	15.0	800.0	1
18321	100	13082	5584	369.6	30.0	15.0	800.0	1
18320	100	13081	13082	369.6	30.0	15.0	800.0	1
18318	100	13080	13081	369.6	30.0	15.0	800.0	1
18304	100	13073	13163	158.4	30.0	15.0	800.0	1
14462	100	10459	10461	316.8	30.0	15.0	800.0	2
14460	100	10460	11384	369.6	30.0	15.0	800.0	2
6263	100	6307	11637	633.6	30.0	15.0	800.0	2
6262	100	6318	12036	580.8	30.0	15.0	800.0	1
15733	100	11229	13123	158.4	30.0	15.0	800.0	2
18293	100	13068	13067	211.20000000000002	30.0	15.0	800.0	1
18291	100	13067	13155	158.4	30.0	15.0	800.0	1
6258	100	6334	6340	792.0	30.0	15.0	800.0	1
18290	100	13066	13068	158.4	30.0	15.0	800.0	1
18289	100	13065	13066	422.40000000000003	30.0	15.0	800.0	1
18288	100	13046	13065	316.8	30.0	15.0	800.0	1
118383	100	5582	13111	369.0	30.0	15.0	800.0	1
18286	100	13050	13046	369.6	30.0	15.0	800.0	1
118382	100	13111	13110	369.0	30.0	15.0	800.0	1
18285	100	13056	13050	316.8	30.0	15.0	800.0	1
18284	100	13064	13056	422.40000000000003	30.0	15.0	800.0	1
118380	100	13110	13109	369.6	30.0	15.0	800.0	1
18282	100	13026	13157	211.20000000000002	30.0	15.0	800.0	1
118378	100	13132	13108	211.20000000000002	30.0	15.0	800.0	1
18280	100	5220	13158	211.20000000000002	30.0	15.0	800.0	1
118376	100	13108	13107	422.40000000000003	30.0	15.0	800.0	1
18279	100	13045	13159	105.60000000000001	30.0	15.0	800.0	1
5990	100	6145	12136	422.40000000000003	30.0	15.0	800.0	1
18278	100	13049	13045	369.6	30.0	15.0	800.0	1
118374	100	13107	13106	369.6	30.0	15.0	800.0	1
6245	100	6305	13104	528.0	30.0	15.0	800.0	1
18277	100	13054	13049	316.8	30.0	15.0	800.0	1
16996	100	10461	11642	369.6	30.0	15.0	800.0	2
18276	100	13063	13054	369.6	30.0	15.0	800.0	1
118370	100	13105	13104	1003.2	30.0	15.0	800.0	2
18271	100	13061	13042	369.6	30.0	15.0	800.0	1
118367	100	13194	13103	475.2	30.0	15.0	800.0	2
18270	100	13044	13061	369.6	30.0	15.0	800.0	1
18268	100	13048	13044	316.8	30.0	15.0	800.0	1
18267	100	13053	13048	316.8	30.0	15.0	800.0	1
18266	100	13060	13053	369.6	30.0	15.0	800.0	1
18522	100	13176	6145	369.6	30.0	15.0	800.0	1
18264	100	13059	13052	369.6	30.0	15.0	800.0	1
18263	100	13058	13059	316.8	30.0	15.0	800.0	1
18262	100	13057	13058	369.6	30.0	15.0	800.0	1
18260	100	13057	13052	316.8	30.0	15.0	800.0	1
118354	100	13096	13095	3115.2	30.0	15.0	800.0	1
118352	100	6188	13095	844.8000000000001	30.0	15.0	800.0	2
118351	100	5729	13094	686.4	30.0	15.0	800.0	1
18254	100	13051	13057	52.800000000000004	30.0	15.0	800.0	1
18253	100	13050	13051	422.40000000000003	30.0	15.0	800.0	1
118604	100	5722	12261	872.0	30.0	15.0	800.0	1
118603	100	12261	5730	985.4299999999998	30.0	15.0	800.0	1
18506	100	13168	13034	158.4	30.0	15.0	800.0	1
14663	100	10584	5680	475.2	30.0	15.0	800.0	1
18246	100	13046	13047	369.6	30.0	15.0	800.0	1
116548	100	12022	12044	422.40000000000003	30.0	15.0	800.0	2
116547	100	6357	12043	792.0	30.0	15.0	800.0	1
18496	100	13163	13199	105.60000000000001	30.0	15.0	800.0	1
5183	100	5745	10611	369.6	30.0	15.0	800.0	1
116540	100	12043	12036	52.800000000000004	30.0	15.0	800.0	1
118332	100	13089	5581	369.6	30.0	15.0	800.0	1
118330	100	13088	13087	316.0	30.0	15.0	800.0	1
18488	100	13159	5220	211.20000000000002	30.0	15.0	800.0	1
118328	100	13087	13086	369.6	30.0	15.0	800.0	1
18486	100	13158	13043	158.4	30.0	15.0	800.0	1
6196	100	6334	6305	1056.0	30.0	15.0	800.0	1
18484	100	13157	5431	211.20000000000002	30.0	15.0	800.0	1
18227	100	5214	10610	369.6	30.0	15.0	800.0	2
118323	100	13154	5586	211.20000000000002	30.0	15.0	800.0	1
118322	100	13083	5584	369.6	30.0	15.0	800.0	1
118321	100	5584	13082	369.6	30.0	15.0	800.0	1
18480	100	13155	5586	264.0	30.0	15.0	800.0	1
118320	100	13082	13081	369.6	30.0	15.0	800.0	1
18222	100	13035	13036	369.6	30.0	15.0	800.0	2
116526	100	6319	12022	422.40000000000003	30.0	15.0	800.0	2
114987	100	10611	10777	369.6	30.0	15.0	800.0	1
18216	100	13034	5107	369.6	30.0	15.0	800.0	1
116008	100	6356	11504	422.40000000000003	30.0	15.0	800.0	2
18214	100	13032	6337	369.6	30.0	15.0	800.0	1
118310	100	13076	5431	422.40000000000003	30.0	15.0	800.0	1
18213	100	13031	13170	211.20000000000002	30.0	15.0	800.0	1
118565	100	6348	13198	316.8	30.0	15.0	800.0	1
18211	100	5760	13030	369.6	30.0	15.0	800.0	1
18210	100	13029	5760	369.6	30.0	15.0	800.0	1
18207	100	13028	13023	475.2	30.0	15.0	800.0	1
5914	100	6183	12135	633.6	30.0	15.0	800.0	1
18202	100	13024	13025	369.0	30.0	15.0	800.0	1
18201	100	11081	13024	369.6	30.0	15.0	800.0	1
114456	100	10457	5750	422.40000000000003	30.0	15.0	800.0	1
118296	100	13047	13057	369.6	30.0	15.0	800.0	1
18199	100	13022	13028	369.6	30.0	15.0	800.0	1
106263	100	11637	6307	633.6	30.0	15.0	800.0	2
106262	100	12036	6318	580.8	30.0	15.0	800.0	1
115733	100	13123	11229	158.4	30.0	15.0	800.0	2
118293	100	13067	13068	211.20000000000002	30.0	15.0	800.0	1
5908	100	6174	12137	528.0	30.0	15.0	800.0	1
18196	100	13016	5789	369.6	30.0	15.0	800.0	3
118291	100	13155	13067	158.4	30.0	15.0	800.0	1
106258	100	6340	6334	792.0	30.0	15.0	800.0	1
118290	100	13068	13066	158.4	30.0	15.0	800.0	1
118289	100	13066	13065	422.40000000000003	30.0	15.0	800.0	1
15888	100	11384	10490	369.6	30.0	15.0	800.0	2
118288	100	13065	13046	316.8	30.0	15.0	800.0	1
118286	100	13046	13050	369.6	30.0	15.0	800.0	1
16141	100	11637	11504	105.60000000000001	30.0	15.0	800.0	2
118285	100	13050	13056	316.8	30.0	15.0	800.0	1
118281	100	13026	13043	369.6	30.0	15.0	800.0	1
118280	100	13158	5220	211.20000000000002	30.0	15.0	800.0	1
118279	100	13159	13045	105.60000000000001	30.0	15.0	800.0	1
105990	100	12136	6145	422.40000000000003	30.0	15.0	800.0	1
118278	100	13045	13049	369.6	30.0	15.0	800.0	1
106245	100	13104	6305	528.0	30.0	15.0	800.0	1
118277	100	13049	13054	316.8	30.0	15.0	800.0	1
18436	100	12669	13133	158.0	30.0	15.0	800.0	2
118276	100	13054	13063	369.6	30.0	15.0	800.0	1
18179	100	5725	13016	369.6	30.0	15.0	800.0	2
18434	100	13132	13109	211.20000000000002	30.0	15.0	800.0	1
18177	100	13015	5725	369.6	30.0	15.0	800.0	2
18176	100	13013	13015	369.0	30.0	15.0	800.0	2
18432	100	10488	13131	211.0	30.0	15.0	800.0	2
118272	100	13025	13042	369.6	30.0	15.0	800.0	1
16639	100	12135	6184	369.6	30.0	15.0	800.0	1
4861	100	5570	5571	528.0	30.0	15.0	800.0	2
18173	100	11642	13013	369.0	30.0	15.0	800.0	2
118522	100	6145	13176	369.6	30.0	15.0	800.0	1
118510	100	13032	13170	105.60000000000001	30.0	15.0	800.0	1
118506	100	13034	13168	158.4	30.0	15.0	800.0	1
105191	100	5745	5750	422.40000000000003	30.0	15.0	800.0	1
106213	100	12266	6339	633.6	30.0	15.0	800.0	1
118488	100	5220	13159	211.20000000000002	30.0	15.0	800.0	1
118486	100	13043	13158	158.4	30.0	15.0	800.0	1
106196	100	6305	6334	1056.0	30.0	15.0	800.0	1
118484	100	5431	13157	211.20000000000002	30.0	15.0	800.0	1
106194	100	13039	6332	369.6	30.0	15.0	800.0	1
118480	100	5586	13155	264.0	30.0	15.0	800.0	1
17615	100	13131	12669	158.0	30.0	15.0	800.0	2
118478	100	13084	13154	211.20000000000002	30.0	15.0	800.0	1
14518	100	10489	10491	475.0	30.0	15.0	800.0	2
14517	100	10491	10488	422.0	30.0	15.0	800.0	2
14515	100	13133	5414	158.0	30.0	15.0	800.0	2
14513	100	10490	13162	158.4	30.0	15.0	800.0	2
18605	100	10487	13083	927.96	30.0	15.0	800.0	1
425133	100	10601	5570	480.0	30.0	15.0	800.0	2
18604	100	12261	5722	872.0	30.0	15.0	800.0	1
425132	100	5570	10601	480.0	30.0	15.0	800.0	2
18603	100	5730	12261	985.4299999999998	30.0	15.0	800.0	1
16548	100	12044	12022	422.40000000000003	30.0	15.0	800.0	2
16547	100	12043	6357	792.0	30.0	15.0	800.0	1
118434	100	13109	13132	211.20000000000002	30.0	15.0	800.0	1
16540	100	12036	12043	52.800000000000004	30.0	15.0	800.0	1
15510	100	11044	13176	105.60000000000001	30.0	15.0	800.0	1
118417	100	13122	13123	211.20000000000002	30.0	15.0	800.0	2
118415	100	12044	13122	52.800000000000004	30.0	15.0	800.0	2
16526	100	12022	6319	422.40000000000003	30.0	15.0	800.0	2
14987	100	10777	10611	369.6	30.0	15.0	800.0	1
14986	100	10778	10777	369.6	30.0	15.0	800.0	1
16008	100	11504	6356	422.40000000000003	30.0	15.0	800.0	2
18568	100	13199	5471	369.0	30.0	15.0	800.0	1
18567	100	13106	11384	369.6	30.0	15.0	800.0	1
4229	100	5106	13168	211.20000000000002	30.0	15.0	800.0	1
18564	100	13198	13196	580.8	30.0	15.0	800.0	2
18562	100	13195	13198	422.40000000000003	30.0	15.0	800.0	2
15489	100	11030	5730	369.6	30.0	15.0	800.0	1
18559	100	13195	6336	686.4	30.0	15.0	800.0	1
106239	100	13103	6335	528.0	34.99998	17.49999	1200.0	2
118526	100	6144	13178	316.8	34.99998	17.49999	1200.0	2
5884	100	6144	6145	1003.2	34.99998	17.49999	1200.0	2
118524	100	13102	13177	264.0	34.99998	17.49999	1200.0	1
18170	100	13012	13016	316.8	34.99998	17.49999	1200.0	3
105208	100	5752	5714	369.6	34.99998	17.49999	1200.0	3
118520	100	6144	13175	105.60000000000001	34.99998	17.49999	1200.0	2
116470	100	11086	11966	105.60000000000001	34.99998	17.49999	1200.0	2
18165	100	5732	13012	369.6	34.99998	17.49999	1200.0	3
105205	100	5739	5752	369.6	34.99998	17.49999	1200.0	3
18163	100	13010	5723	369.6	34.99998	17.49999	1200.0	4
118257	100	6351	13055	316.8	34.99998	17.49999	1200.0	1
106223	100	5178	6191	369.6	34.99998	17.49999	1200.0	1
4590	100	5431	5212	369.6	34.99998	17.49999	1200.0	2
106220	100	11084	6351	369.6	34.99998	17.49999	1200.0	1
18411	100	13118	13119	1320.0	34.99998	17.49999	1200.0	1
106216	100	13055	6350	369.6	34.99998	17.49999	1200.0	1
118504	100	10610	13167	158.4	34.99998	17.49999	1200.0	3
117735	100	5573	12736	264.0	34.99998	17.49999	1200.0	1
15590	100	11086	6230	475.2	34.99998	17.49999	1200.0	2
118502	100	11532	13166	105.60000000000001	34.99998	17.49999	1200.0	1
15588	100	11084	6191	316.8	34.99998	17.49999	1200.0	1
117729	100	5714	12734	369.6	34.99998	17.49999	1200.0	3
106197	100	11085	6144	528.0	34.99998	17.49999	1200.0	1
118228	100	13167	13037	158.4	34.99998	17.49999	1200.0	3
104914	100	5586	5212	369.6	34.99998	17.49999	1200.0	2
104912	100	10486	5212	475.2	34.99998	17.49999	1200.0	1
4303	100	5214	13033	316.8	34.99998	17.49999	1200.0	4
105167	100	10457	5739	369.6	34.99998	17.49999	1200.0	3
104910	100	5465	5589	52.800000000000004	34.99998	17.49999	1200.0	1
4301	100	5178	13069	158.4	34.99998	17.49999	1200.0	1
118476	100	5431	13153	211.20000000000002	34.99998	17.49999	1200.0	2
118472	100	5589	13151	211.20000000000002	34.99998	17.49999	1200.0	1
5062	100	5654	5655	528.0	34.99998	17.49999	1200.0	1
106181	100	12064	6320	316.8	34.99998	17.49999	1200.0	1
18371	100	13106	5744	369.6	34.99998	17.49999	1200.0	4
106179	100	6319	6318	633.6	34.99998	17.49999	1200.0	2
104896	100	11484	5586	369.6	34.99998	17.49999	1200.0	2
118208	100	13028	11080	211.20000000000002	34.99998	17.49999	1200.0	2
5310	100	5215	5733	369.6	34.99998	17.49999	1200.0	4
18366	100	13103	6333	158.4	34.99998	17.49999	1200.0	2
118206	100	5757	11080	369.6	34.99998	17.49999	1200.0	2
18365	100	11044	13101	1425.6	34.99998	17.49999	1200.0	1
16570	100	13102	13178	211.20000000000002	34.99998	17.49999	1200.0	1
104890	100	10487	5582	369.6	34.99998	17.49999	1200.0	1
16568	100	12064	13180	211.20000000000002	34.99998	17.49999	1200.0	1
5301	100	5782	5711	422.40000000000003	34.99998	17.49999	1200.0	4
16565	100	12061	12065	633.6	34.99998	17.49999	1200.0	1
104885	100	5583	5582	369.6	34.99998	17.49999	1200.0	1
105137	100	12734	5713	369.6	34.99998	17.49999	1200.0	3
14511	100	10488	13109	369.6	34.99998	17.49999	1200.0	3
14510	100	10487	10778	369.6	34.99998	17.49999	1200.0	1
118190	100	5713	13020	369.6	34.99998	17.49999	1200.0	3
5290	100	5733	5782	792.0	34.99998	17.49999	1200.0	4
16036	100	11532	11531	52.800000000000004	34.99998	17.49999	1200.0	1
18340	100	13091	5135	475.2	34.99998	17.49999	1200.0	2
16035	100	11531	5212	422.40000000000003	34.99998	17.49999	1200.0	1
104867	100	5576	5465	369.0	34.99998	17.49999	1200.0	1
18338	100	13085	12149	1056.0	34.99998	17.49999	1200.0	1
104609	100	13072	5455	369.0	34.99998	17.49999	1200.0	1
18334	100	13021	13147	158.4	34.99998	17.49999	1200.0	3
105884	100	6145	6144	1003.2	34.99998	17.49999	1200.0	2
6296	100	6319	6361	316.8	34.99998	17.49999	1200.0	2
4247	100	5135	11483	1003.2	34.99998	17.49999	1200.0	2
104590	100	5212	5431	369.6	34.99998	17.49999	1200.0	2
118411	100	13119	13118	1320.0	34.99998	17.49999	1200.0	1
14985	100	10778	5584	369.6	34.99998	17.49999	1200.0	1
18185	100	13018	5726	369.6	34.99998	17.49999	1200.0	4
105993	100	6234	6230	1161.6	34.99998	17.49999	1200.0	2
105223	100	12671	5728	369.6	34.99998	17.49999	1200.0	3
115590	100	6230	11086	475.2	34.99998	17.49999	1200.0	2
115589	100	6174	11085	475.2	34.99998	17.49999	1200.0	2
105220	100	5728	5718	422.40000000000003	34.99998	17.49999	1200.0	3
115588	100	6191	11084	316.8	34.99998	17.49999	1200.0	1
18178	100	13016	5712	369.6	34.99998	17.49999	1200.0	3
118530	100	12061	13180	264.0	34.99998	17.49999	1200.0	1
6273	100	6361	6362	1320.0	34.99998	17.49999	1200.0	2
106241	100	13175	6333	211.20000000000002	34.99998	17.49999	1200.0	2
118273	100	13153	13062	158.4	34.99998	17.49999	1200.0	2
6015	100	6145	11966	1003.2	34.99998	17.49999	1200.0	2
6267	100	6318	6356	897.6	34.99998	17.49999	1200.0	2
5241	100	5712	5727	369.6	34.99998	17.49999	1200.0	4
18294	100	13069	13166	52.800000000000004	34.99998	17.49999	1200.0	1
6260	100	6356	6328	633.6	34.99998	17.49999	1200.0	2
15988	100	11484	13091	158.4	34.99998	17.49999	1200.0	2
117619	100	5455	12671	369.0	34.99998	17.49999	1200.0	3
5230	100	5757	13062	369.0	34.99998	17.49999	1200.0	2
6253	100	6354	13038	369.6	34.99998	17.49999	1200.0	4
104301	100	13069	5178	158.4	34.99998	17.49999	1200.0	1
104300	100	13037	5210	369.6	34.99998	17.49999	1200.0	3
5993	100	6230	6234	1161.6	34.99998	17.49999	1200.0	2
14694	100	10602	12736	792.0	34.99998	17.49999	1200.0	1
105062	100	5655	5654	528.0	34.99998	17.49999	1200.0	1
18530	100	13180	12061	264.0	34.99998	17.49999	1200.0	1
6241	100	6333	13175	211.20000000000002	34.99998	17.49999	1200.0	2
18273	100	13062	13153	158.4	34.99998	17.49999	1200.0	2
6239	100	6335	13103	528.0	34.99998	17.49999	1200.0	2
5214	100	5723	5717	369.6	34.99998	17.49999	1200.0	4
118366	100	6333	13103	158.4	34.99998	17.49999	1200.0	2
6237	100	6183	13177	264.0	34.99998	17.49999	1200.0	1
116569	100	6183	12065	475.2	34.99998	17.49999	1200.0	2
18520	100	13175	6144	105.60000000000001	34.99998	17.49999	1200.0	2
116568	100	13180	12064	211.20000000000002	34.99998	17.49999	1200.0	1
16470	100	11966	11086	105.60000000000001	34.99998	17.49999	1200.0	2
105302	100	5789	5784	422.40000000000003	34.99998	17.49999	1200.0	3
116565	100	12065	12061	633.6	34.99998	17.49999	1200.0	1
5203	100	5717	13136	158.4	34.99998	17.49999	1200.0	4
18257	100	13055	6351	316.8	34.99998	17.49999	1200.0	1
6223	100	6191	5178	369.6	34.99998	17.49999	1200.0	1
6220	100	6351	11084	369.6	34.99998	17.49999	1200.0	1
105292	100	11533	5211	475.2	34.99998	17.49999	1200.0	3
6216	100	6350	13055	369.6	34.99998	17.49999	1200.0	1
17735	100	12736	5573	264.0	34.99998	17.49999	1200.0	1
18502	100	13166	11532	105.60000000000001	34.99998	17.49999	1200.0	1
116036	100	11531	11532	52.800000000000004	34.99998	17.49999	1200.0	1
118340	100	5135	13091	475.2	34.99998	17.49999	1200.0	2
116035	100	5212	11531	422.40000000000003	34.99998	17.49999	1200.0	1
118336	100	13077	13071	369.6	34.99998	17.49999	1200.0	1
118335	100	13071	5756	316.8	34.99998	17.49999	1200.0	1
106296	100	6361	6319	316.8	34.99998	17.49999	1200.0	2
104247	100	11483	5135	1003.2	34.99998	17.49999	1200.0	2
6197	100	6144	11085	528.0	34.99998	17.49999	1200.0	1
18229	100	13038	5214	369.6	34.99998	17.49999	1200.0	4
4914	100	5212	5586	369.6	34.99998	17.49999	1200.0	2
4910	100	5589	5465	52.800000000000004	34.99998	17.49999	1200.0	1
4909	100	5588	13151	105.60000000000001	34.99998	17.49999	1200.0	1
18476	100	13153	5431	211.20000000000002	34.99998	17.49999	1200.0	2
18472	100	13151	5589	211.20000000000002	34.99998	17.49999	1200.0	1
18215	100	13033	5215	369.6	34.99998	17.49999	1200.0	4
6181	100	6320	12064	316.8	34.99998	17.49999	1200.0	1
6179	100	6318	6319	633.6	34.99998	17.49999	1200.0	2
106273	100	6362	6361	1320.0	34.99998	17.49999	1200.0	2
4896	100	5586	11484	369.6	34.99998	17.49999	1200.0	2
18208	100	11080	13028	211.20000000000002	34.99998	17.49999	1200.0	2
18464	100	13147	5756	211.0	34.99998	17.49999	1200.0	3
106015	100	11966	6145	1003.2	34.99998	17.49999	1200.0	2
18206	100	11080	5757	369.6	34.99998	17.49999	1200.0	2
18462	100	13146	13021	158.4	34.99998	17.49999	1200.0	3
4893	100	5576	5585	316.0	34.99998	17.49999	1200.0	1
5149	100	5728	13018	369.6	34.99998	17.49999	1200.0	4
4892	100	5584	5585	369.6	34.99998	17.49999	1200.0	1
5148	100	5727	13010	369.6	34.99998	17.49999	1200.0	4
18460	100	13145	13020	158.4	34.99998	17.49999	1200.0	3
106267	100	6356	6318	897.6	34.99998	17.49999	1200.0	2
105242	100	5713	5727	369.6	34.99998	17.49999	1200.0	3
114713	100	5211	10610	739.2	34.99998	17.49999	1200.0	3
118294	100	13166	13069	52.800000000000004	34.99998	17.49999	1200.0	1
4885	100	5582	5583	369.6	34.99998	17.49999	1200.0	1
106260	100	6328	6356	633.6	34.99998	17.49999	1200.0	2
115988	100	13091	11484	158.4	34.99998	17.49999	1200.0	2
18195	100	12282	13146	158.4	34.99998	17.49999	1200.0	3
105235	100	5718	5713	422.40000000000003	34.99998	17.49999	1200.0	3
105234	100	13020	5715	369.6	34.99998	17.49999	1200.0	3
18193	100	5759	12282	422.40000000000003	34.99998	17.49999	1200.0	3
5136	100	5711	5712	369.6	34.99998	17.49999	1200.0	4
18192	100	13020	5759	475.2	34.99998	17.49999	1200.0	3
18191	100	5712	13145	158.4	34.99998	17.49999	1200.0	3
105230	100	13062	5757	369.0	34.99998	17.49999	1200.0	2
18442	100	13136	5731	211.20000000000002	34.99998	17.49999	1200.0	4
118269	100	5220	13061	369.6	40.00002	20.00001	1500.0	3
18428	100	13019	5471	369.0	40.00002	20.00001	1500.0	4
116217	100	6362	11713	580.8	40.00002	20.00001	1500.0	2
118265	100	6347	13060	158.4	40.00002	20.00001	1500.0	2
18424	100	13128	6378	686.4	40.00002	20.00001	1500.0	2
18422	100	13125	13126	1795.2	40.00002	20.00001	1500.0	1
116214	100	13173	13100	264.0	40.00002	20.00001	1500.0	2
18421	100	13126	11121	105.60000000000001	40.00002	20.00001	1500.0	2
18420	100	13125	13124	105.60000000000001	40.00002	20.00001	1500.0	2
16370	100	11866	11756	51.99999999999999	40.00002	20.00001	1500.0	2
18418	100	13124	11272	211.20000000000002	40.00002	20.00001	1500.0	2
18410	100	13119	13128	739.2	40.00002	20.00001	1500.0	2
117736	100	5574	12737	475.2	40.00002	20.00001	1500.0	2
118234	100	5188	13040	316.8	40.00002	20.00001	1500.0	4
105934	100	13095	6167	2270.4	40.00002	20.00001	1500.0	2
18381	100	13111	5453	369.0	40.00002	20.00001	1500.0	4
18379	100	13110	12669	369.6	40.00002	20.00001	1500.0	4
104905	100	11605	5135	686.4	40.00002	20.00001	1500.0	2
104901	100	5544	5574	475.2	40.00002	20.00001	1500.0	2
105924	100	13156	6191	158.4	40.00002	20.00001	1500.0	3
18369	100	13105	13181	475.2	40.00002	20.00001	1500.0	2
104895	100	12737	5573	475.2	40.00002	20.00001	1500.0	2
15803	100	11299	5198	369.6	40.00002	20.00001	1500.0	2
18361	100	13101	6230	475.2	40.00002	20.00001	1500.0	2
18357	100	13098	5135	264.0	40.00002	20.00001	1500.0	2
104883	100	5414	13111	369.0	40.00002	20.00001	1500.0	4
104879	100	5572	13500	1387.0	40.00002	20.00001	1500.0	2
6062	100	6167	13096	897.6	40.00002	20.00001	1500.0	1
104878	100	5553	5577	3273.5	40.00002	20.00001	1500.0	2
105902	100	13184	6169	316.8	40.00002	20.00001	1500.0	2
116653	100	5573	12149	369.6	40.00002	20.00001	1500.0	2
104876	100	5545	5572	1636.0000000000002	40.00002	20.00001	1500.0	2
105900	100	12010	6166	369.6	40.00002	20.00001	1500.0	2
115625	100	6169	11121	422.40000000000003	40.00002	20.00001	1500.0	2
104870	100	11866	5579	422.0	40.00002	20.00001	1500.0	2
104868	100	5577	5544	1003.2	40.00002	20.00001	1500.0	2
15778	100	11274	6336	422.40000000000003	40.00002	20.00001	1500.0	2
15777	100	11273	6341	316.8	40.00002	20.00001	1500.0	2
15776	100	11272	11713	211.20000000000002	40.00002	20.00001	1500.0	2
18333	100	5756	5455	369.0	40.00002	20.00001	1500.0	4
105885	100	13064	6146	316.0	40.00002	20.00001	1500.0	1
16274	100	11770	13081	52.800000000000004	40.00002	20.00001	1500.0	4
118161	100	5770	13009	369.6	40.00002	20.00001	1500.0	1
116109	100	12149	11605	105.60000000000001	40.00002	20.00001	1500.0	2
115586	100	11081	11082	369.6	40.00002	20.00001	1500.0	4
115585	100	11080	11081	475.2	40.00002	20.00001	1500.0	4
6016	100	6188	13101	1056.0	40.00002	20.00001	1500.0	2
115584	100	5753	11080	369.6	40.00002	20.00001	1500.0	4
6012	100	6147	6236	475.0	40.00002	20.00001	1500.0	1
14715	100	10611	5749	369.6	40.00002	20.00001	1500.0	4
6011	100	13156	13065	211.20000000000002	40.00002	20.00001	1500.0	3
6010	100	6232	5208	475.2	40.00002	20.00001	1500.0	2
6009	100	6236	6231	739.0	40.00002	20.00001	1500.0	1
6008	100	6231	10607	422.40000000000003	40.00002	20.00001	1500.0	2
14711	100	10609	13169	264.0	40.00002	20.00001	1500.0	2
14707	100	10607	6232	1056.0	40.00002	20.00001	1500.0	2
106354	100	13119	6399	158.0	40.00002	20.00001	1500.0	2
14704	100	10606	6147	369.0	40.00002	20.00001	1500.0	1
105327	100	5780	5674	264.0	40.00002	20.00001	1500.0	3
117612	100	5551	12668	1003.2	40.00002	20.00001	1500.0	3
18283	100	13064	10606	369.0	40.00002	20.00001	1500.0	1
104299	100	5151	5189	369.6	40.00002	20.00001	1500.0	3
104297	100	13098	5208	422.40000000000003	40.00002	20.00001	1500.0	2
106345	100	6311	6315	316.8	40.00002	20.00001	1500.0	2
5991	100	6230	6231	1900.8	40.00002	20.00001	1500.0	2
105318	100	5709	5691	264.0	40.00002	20.00001	1500.0	2
116582	100	5197	12078	369.6	40.00002	20.00001	1500.0	2
18275	100	13063	13196	158.0	40.00002	20.00001	1500.0	2
104290	100	11299	5197	316.8	40.00002	20.00001	1500.0	2
106338	100	5143	5205	422.40000000000003	40.00002	20.00001	1500.0	2
105312	100	5211	5778	369.6	40.00002	20.00001	1500.0	3
105311	100	5215	5211	369.6	40.00002	20.00001	1500.0	3
106334	100	5205	6386	739.0	40.00002	20.00001	1500.0	2
18269	100	13061	5220	369.6	40.00002	20.00001	1500.0	3
104284	100	13035	5188	369.6	40.00002	20.00001	1500.0	4
105307	100	5732	5779	369.6	40.00002	20.00001	1500.0	1
16217	100	11713	6362	580.8	40.00002	20.00001	1500.0	2
18265	100	13060	6347	158.4	40.00002	20.00001	1500.0	2
16214	100	13100	13173	264.0	40.00002	20.00001	1500.0	2
116564	100	6167	12060	316.8	40.00002	20.00001	1500.0	2
105298	100	5779	5773	422.40000000000003	40.00002	20.00001	1500.0	1
106321	100	6322	6311	1320.0	40.00002	20.00001	1500.0	2
17736	100	12737	5574	475.2	40.00002	20.00001	1500.0	2
106312	100	11501	6378	316.8	40.00002	20.00001	1500.0	2
118600	100	13500	11756	2605.0	40.00002	20.00001	1500.0	2
105286	100	5778	5198	792.0	40.00002	20.00001	1500.0	2
105285	100	5773	5777	580.8	40.00002	20.00001	1500.0	2
17730	100	12735	12671	369.6	40.00002	20.00001	1500.0	4
18236	100	13041	6345	316.8	40.00002	20.00001	1500.0	4
105276	100	5766	5669	1214.4	40.00002	20.00001	1500.0	1
105274	100	5764	5771	264.0	40.00002	20.00001	1500.0	1
105272	100	5771	5716	105.60000000000001	40.00002	20.00001	1500.0	1
105267	100	5716	5770	369.6	40.00002	20.00001	1500.0	1
105266	100	13009	5724	369.6	40.00002	20.00001	1500.0	1
5934	100	6167	13095	2270.4	40.00002	20.00001	1500.0	2
18221	100	13036	5151	369.6	40.00002	20.00001	1500.0	4
116013	100	11502	11509	422.40000000000003	40.00002	20.00001	1500.0	2
106284	100	6304	6362	475.2	40.00002	20.00001	1500.0	2
106283	100	6166	6320	475.2	40.00002	20.00001	1500.0	2
106282	100	13125	6359	528.0	40.00002	20.00001	1500.0	2
4905	100	5135	11605	686.4	40.00002	20.00001	1500.0	2
114984	100	10777	5414	369.0	40.00002	20.00001	1500.0	4
106279	100	6320	6304	369.6	40.00002	20.00001	1500.0	2
116006	100	6315	11502	369.6	40.00002	20.00001	1500.0	2
4901	100	5574	5544	475.2	40.00002	20.00001	1500.0	2
116005	100	11509	11501	105.60000000000001	40.00002	20.00001	1500.0	2
5924	100	6191	13156	158.4	40.00002	20.00001	1500.0	3
106275	100	13126	6364	475.2	40.00002	20.00001	1500.0	2
105250	100	11031	5764	369.6	40.00002	20.00001	1500.0	1
116514	100	13183	12010	211.20000000000002	40.00002	20.00001	1500.0	2
118561	100	6350	13196	211.0	40.00002	20.00001	1500.0	2
4895	100	5573	12737	475.2	40.00002	20.00001	1500.0	2
115487	100	5729	11031	369.6	40.00002	20.00001	1500.0	1
105246	100	13160	5760	211.20000000000002	40.00002	20.00001	1500.0	3
18205	100	5757	5755	422.40000000000003	40.00002	20.00001	1500.0	4
105244	100	5760	5107	422.40000000000003	40.00002	20.00001	1500.0	3
118556	100	5780	5778	1003.2	40.00002	20.00001	1500.0	3
118554	100	5777	5778	633.6	40.00002	20.00001	1500.0	2
18200	100	13024	13165	52.800000000000004	40.00002	20.00001	1500.0	4
18194	100	13021	5753	369.6	40.00002	20.00001	1500.0	4
4879	100	13500	5572	1387.0	40.00002	20.00001	1500.0	2
106255	100	13171	5197	475.2	40.00002	20.00001	1500.0	2
4878	100	5577	5553	3273.5	40.00002	20.00001	1500.0	2
5902	100	6169	13184	316.8	40.00002	20.00001	1500.0	2
16653	100	12149	5573	369.6	40.00002	20.00001	1500.0	2
4876	100	5572	5545	1636.0000000000002	40.00002	20.00001	1500.0	2
5900	100	6166	12010	369.6	40.00002	20.00001	1500.0	2
106252	100	10609	6354	369.6	40.00002	20.00001	1500.0	2
118283	100	10606	13064	369.0	40.00002	20.00001	1500.0	1
118538	100	6167	13184	739.2	40.00002	20.00001	1500.0	2
15625	100	11121	6169	422.40000000000003	40.00002	20.00001	1500.0	2
106248	100	6354	5210	422.40000000000003	40.00002	20.00001	1500.0	2
118536	100	12060	13183	264.0	40.00002	20.00001	1500.0	2
105991	100	6231	6230	1900.8	40.00002	20.00001	1500.0	2
4870	100	5579	11866	422.0	40.00002	20.00001	1500.0	2
4868	100	5544	5577	1003.2	40.00002	20.00001	1500.0	2
106244	100	13100	6341	264.0	40.00002	20.00001	1500.0	2
118532	100	6305	13181	686.4	40.00002	20.00001	1500.0	2
118275	100	13196	13063	158.0	40.00002	20.00001	1500.0	2
4608	100	5454	10777	369.0	40.00002	20.00001	1500.0	4
118528	100	11273	13179	211.20000000000002	40.00002	20.00001	1500.0	2
105215	100	11082	5189	369.6	40.00002	20.00001	1500.0	4
5885	100	6146	13064	316.0	40.00002	20.00001	1500.0	1
106236	100	13179	6305	211.20000000000002	40.00002	20.00001	1500.0	2
106234	100	13174	6336	158.4	40.00002	20.00001	1500.0	2
106233	100	6346	6339	739.2	40.00002	20.00001	1500.0	2
106232	100	6349	6337	369.6	40.00002	20.00001	1500.0	2
106230	100	13040	6349	422.40000000000003	40.00002	20.00001	1500.0	4
118518	100	6339	13174	264.0	40.00002	20.00001	1500.0	2
106229	100	13063	6347	158.0	40.00002	20.00001	1500.0	2
118516	100	6335	13173	211.20000000000002	40.00002	20.00001	1500.0	2
106227	100	6146	6350	105.0	40.00002	20.00001	1500.0	1
118514	100	13060	13172	105.60000000000001	40.00002	20.00001	1500.0	2
18161	100	13009	5770	369.6	40.00002	20.00001	1500.0	1
118512	100	5210	13171	316.8	40.00002	20.00001	1500.0	2
106222	100	6191	5220	369.6	40.00002	20.00001	1500.0	3
16109	100	11605	12149	105.60000000000001	40.00002	20.00001	1500.0	2
118508	100	6332	13169	211.20000000000002	40.00002	20.00001	1500.0	2
106218	100	13061	5151	316.0	40.00002	20.00001	1500.0	3
106214	100	6346	6349	475.2	40.00002	20.00001	1500.0	2
106212	100	13172	6346	158.4	40.00002	20.00001	1500.0	2
106204	100	6337	6332	422.40000000000003	40.00002	20.00001	1500.0	2
118492	100	5107	13161	211.20000000000002	40.00002	20.00001	1500.0	3
118490	100	5189	13160	158.4	40.00002	20.00001	1500.0	3
106199	100	11274	6335	580.8	40.00002	20.00001	1500.0	2
17621	100	12671	13021	369.6	40.00002	20.00001	1500.0	4
17620	100	12670	12735	369.6	40.00002	20.00001	1500.0	4
6354	100	6399	13119	158.0	40.00002	20.00001	1500.0	2
17618	100	10782	12670	369.6	40.00002	20.00001	1500.0	4
17616	100	12669	10611	369.6	40.00002	20.00001	1500.0	4
5327	100	5674	5780	264.0	40.00002	20.00001	1500.0	3
17614	100	5452	13110	369.6	40.00002	20.00001	1500.0	4
17613	100	12668	5452	316.8	40.00002	20.00001	1500.0	3
17612	100	12668	5551	1003.2	40.00002	20.00001	1500.0	3
4299	100	5189	5151	369.6	40.00002	20.00001	1500.0	3
4297	100	5208	13098	422.40000000000003	40.00002	20.00001	1500.0	2
6345	100	6315	6311	316.8	40.00002	20.00001	1500.0	2
106183	100	12078	6322	369.6	40.00002	20.00001	1500.0	2
5318	100	5691	5709	264.0	40.00002	20.00001	1500.0	2
16582	100	12078	5197	369.6	40.00002	20.00001	1500.0	2
4290	100	5197	11299	316.8	40.00002	20.00001	1500.0	2
6338	100	5205	5143	422.40000000000003	40.00002	20.00001	1500.0	2
105153	100	5724	5732	369.6	40.00002	20.00001	1500.0	1
5312	100	5778	5211	369.6	40.00002	20.00001	1500.0	3
5311	100	5211	5215	369.6	40.00002	20.00001	1500.0	3
6334	100	6386	5205	739.0	40.00002	20.00001	1500.0	2
105150	100	5654	5729	686.4	40.00002	20.00001	1500.0	1
5307	100	5779	5732	369.6	40.00002	20.00001	1500.0	1
105145	100	13161	5215	580.8	40.00002	20.00001	1500.0	3
106168	100	5197	5143	580.8	40.00002	20.00001	1500.0	2
106167	100	13105	6304	211.20000000000002	40.00002	20.00001	1500.0	2
16564	100	12060	6167	316.8	40.00002	20.00001	1500.0	2
4787	100	5453	12668	264.0	40.00002	20.00001	1500.0	3
5298	100	5773	5779	422.40000000000003	40.00002	20.00001	1500.0	1
6321	100	6311	6322	1320.0	40.00002	20.00001	1500.0	2
115886	100	5189	11382	316.8	40.00002	20.00001	1500.0	4
6312	100	6378	11501	316.8	40.00002	20.00001	1500.0	2
18600	100	11756	13500	2605.0	40.00002	20.00001	1500.0	2
5286	100	5198	5778	792.0	40.00002	20.00001	1500.0	2
5285	100	5777	5773	580.8	40.00002	20.00001	1500.0	2
4258	100	5151	5152	369.6	40.00002	20.00001	1500.0	4
5276	100	5669	5766	1214.4	40.00002	20.00001	1500.0	1
5274	100	5771	5764	264.0	40.00002	20.00001	1500.0	1
5272	100	5716	5771	105.60000000000001	40.00002	20.00001	1500.0	1
118424	100	6378	13128	686.4	40.00002	20.00001	1500.0	2
118422	100	13126	13125	1795.2	40.00002	20.00001	1500.0	1
118421	100	11121	13126	105.60000000000001	40.00002	20.00001	1500.0	2
14996	100	5749	10782	369.6	40.00002	20.00001	1500.0	4
118420	100	13124	13125	105.60000000000001	40.00002	20.00001	1500.0	2
5267	100	5770	5716	369.6	40.00002	20.00001	1500.0	1
5266	100	5724	13009	369.6	40.00002	20.00001	1500.0	1
116370	100	11756	11866	51.99999999999999	40.00002	20.00001	1500.0	2
118418	100	11272	13124	211.20000000000002	40.00002	20.00001	1500.0	2
16013	100	11509	11502	422.40000000000003	40.00002	20.00001	1500.0	2
6284	100	6362	6304	475.2	40.00002	20.00001	1500.0	2
6283	100	6320	6166	475.2	40.00002	20.00001	1500.0	2
6282	100	6359	13125	528.0	40.00002	20.00001	1500.0	2
118410	100	13128	13119	739.2	40.00002	20.00001	1500.0	2
6279	100	6304	6320	369.6	40.00002	20.00001	1500.0	2
16006	100	11502	6315	369.6	40.00002	20.00001	1500.0	2
16005	100	11501	11509	105.60000000000001	40.00002	20.00001	1500.0	2
6275	100	6364	13126	475.2	40.00002	20.00001	1500.0	2
5250	100	5764	11031	369.6	40.00002	20.00001	1500.0	1
16514	100	12010	13183	211.20000000000002	40.00002	20.00001	1500.0	2
18561	100	13196	6350	211.0	40.00002	20.00001	1500.0	2
15487	100	11031	5729	369.6	40.00002	20.00001	1500.0	1
5246	100	5760	13160	211.20000000000002	40.00002	20.00001	1500.0	3
5244	100	5107	5760	422.40000000000003	40.00002	20.00001	1500.0	3
18556	100	5778	5780	1003.2	40.00002	20.00001	1500.0	3
18554	100	5778	5777	633.6	40.00002	20.00001	1500.0	2
6255	100	5197	13171	475.2	40.00002	20.00001	1500.0	2
5229	100	5152	13024	369.6	40.00002	20.00001	1500.0	4
6252	100	6354	10609	369.6	40.00002	20.00001	1500.0	2
18538	100	13184	6167	739.2	40.00002	20.00001	1500.0	2
5225	100	5455	13019	369.0	40.00002	20.00001	1500.0	4
6248	100	5210	6354	422.40000000000003	40.00002	20.00001	1500.0	2
18536	100	13183	12060	264.0	40.00002	20.00001	1500.0	2
6244	100	6341	13100	264.0	40.00002	20.00001	1500.0	2
18532	100	13181	6305	686.4	40.00002	20.00001	1500.0	2
5219	100	5755	13152	158.4	40.00002	20.00001	1500.0	4
118369	100	13181	13105	475.2	40.00002	20.00001	1500.0	2
18528	100	13179	11273	211.20000000000002	40.00002	20.00001	1500.0	2
6236	100	6305	13179	211.20000000000002	40.00002	20.00001	1500.0	2
115803	100	5198	11299	369.6	40.00002	20.00001	1500.0	2
6234	100	6336	13174	158.4	40.00002	20.00001	1500.0	2
6233	100	6339	6346	739.2	40.00002	20.00001	1500.0	2
118361	100	6230	13101	475.2	40.00002	20.00001	1500.0	2
6232	100	6337	6349	369.6	40.00002	20.00001	1500.0	2
18518	100	13174	6339	264.0	40.00002	20.00001	1500.0	2
6229	100	6347	13063	158.0	40.00002	20.00001	1500.0	2
118357	100	5135	13098	264.0	40.00002	20.00001	1500.0	2
18516	100	13173	6335	211.20000000000002	40.00002	20.00001	1500.0	2
6227	100	6350	6146	105.0	40.00002	20.00001	1500.0	1
18514	100	13172	13060	105.60000000000001	40.00002	20.00001	1500.0	2
18512	100	13171	5210	316.8	40.00002	20.00001	1500.0	2
106062	100	13096	6167	897.6	40.00002	20.00001	1500.0	1
6222	100	5220	6191	369.6	40.00002	20.00001	1500.0	3
18508	100	13169	6332	211.20000000000002	40.00002	20.00001	1500.0	2
6218	100	5151	13061	316.0	40.00002	20.00001	1500.0	3
6215	100	6345	13036	316.8	40.00002	20.00001	1500.0	4
6214	100	6349	6346	475.2	40.00002	20.00001	1500.0	2
5189	100	5464	13150	158.4	40.00002	20.00001	1500.0	4
6212	100	6346	13172	158.4	40.00002	20.00001	1500.0	2
18500	100	13165	5757	316.8	40.00002	20.00001	1500.0	4
6211	100	6346	13041	422.0	40.00002	20.00001	1500.0	4
115778	100	6336	11274	422.40000000000003	40.00002	20.00001	1500.0	2
115777	100	6341	11273	316.8	40.00002	20.00001	1500.0	2
115776	100	11713	11272	211.20000000000002	40.00002	20.00001	1500.0	2
6204	100	6332	6337	422.40000000000003	40.00002	20.00001	1500.0	2
18492	100	13161	5107	211.20000000000002	40.00002	20.00001	1500.0	3
18490	100	13160	5189	158.4	40.00002	20.00001	1500.0	3
6199	100	6335	11274	580.8	40.00002	20.00001	1500.0	2
18474	100	13152	5756	211.20000000000002	40.00002	20.00001	1500.0	4
6183	100	6322	12078	369.6	40.00002	20.00001	1500.0	2
18470	100	13150	5454	211.20000000000002	40.00002	20.00001	1500.0	4
5153	100	5732	5724	369.6	40.00002	20.00001	1500.0	1
106016	100	13101	6188	1056.0	40.00002	20.00001	1500.0	2
5150	100	5729	5654	686.4	40.00002	20.00001	1500.0	1
106012	100	6236	6147	475.0	40.00002	20.00001	1500.0	1
106011	100	13065	13156	211.20000000000002	40.00002	20.00001	1500.0	3
5146	100	5471	5464	369.6	40.00002	20.00001	1500.0	4
106010	100	5208	6232	475.2	40.00002	20.00001	1500.0	2
106009	100	6231	6236	739.0	40.00002	20.00001	1500.0	1
5145	100	5215	13161	580.8	40.00002	20.00001	1500.0	3
6168	100	5143	5197	580.8	40.00002	20.00001	1500.0	2
106008	100	10607	6231	422.40000000000003	40.00002	20.00001	1500.0	2
6167	100	6304	13105	211.20000000000002	40.00002	20.00001	1500.0	2
114711	100	13169	10609	264.0	40.00002	20.00001	1500.0	2
114707	100	6232	10607	1056.0	40.00002	20.00001	1500.0	2
114704	100	6147	10606	369.0	40.00002	20.00001	1500.0	1
113436	100	9914	9915	1108.0	64.9998	32.4999	2300.0	2
104251	100	5142	5141	1267.0	64.9998	32.4999	2300.0	2
106331	100	5141	6393	6230.0	64.9998	32.4999	2300.0	2
606331	100	6393	9912	6230.0	12000.0	6000.0	2300.0	2
105082	100	5682	5681	381.0	64.9998	32.4999	2300.0	3
605082	100	5673	5682	200.0	64.9998	32.4999	2300.0	3
113434	100	5142	6397	1372.0	64.9998	32.4999	2300.0	2
113433	100	6397	9914	1425.0	64.9998	32.4999	2300.0	2
113432	100	5687	5142	475.0	64.9998	32.4999	2300.0	4
105141	100	5721	5720	1108.0	64.9998	32.4999	2300.0	3
6324	100	6374	6389	1214.0	64.9998	32.4999	2300.0	2
18131	100	12997	5200	739.0	64.9998	32.4999	2300.0	4
5074	100	5672	5673	1531.0	64.9998	32.4999	2300.0	3
13426	100	9910	5199	950.0	64.9998	32.4999	2300.0	2
105264	100	5681	5769	158.0	64.9998	32.4999	2300.0	3
5263	100	3427	5672	422.0	64.9998	32.4999	2300.0	3
6317	100	6384	6379	792.0	64.9998	32.4999	2300.0	2
1356	100	3426	3427	475.0	64.9998	32.4999	2300.0	3
5291	100	5783	5781	1003.0	64.9998	32.4999	2300.0	3
5323	100	5200	5783	792.0	64.9998	32.4999	2300.0	4
6313	100	6379	6374	1372.0	64.9998	32.4999	2300.0	2
105257	100	5769	5721	1267.0	64.9998	32.4999	2300.0	3
105320	100	5787	5776	422.0	64.9998	32.4999	2300.0	3
5158	100	5734	5735	1108.0	64.9998	32.4999	2300.0	3
13444	100	9912	9910	7444.0	64.9998	32.4999	2300.0	2
105284	100	5776	5689	1003.0	64.9998	32.4999	2300.0	4
105316	100	5720	5787	528.0	64.9998	32.4999	2300.0	3
4291	100	5199	12997	475.2	64.9998	32.4999	2300.0	4
5251	100	5735	3426	1267.0	64.9998	32.4999	2300.0	3
5313	100	5781	5734	528.0	64.9998	32.4999	2300.0	3
6337	100	6389	5199	1214.0	64.9998	32.4999	2300.0	4
105088	100	5689	5687	686.0	64.9998	32.4999	2300.0	4
113440	100	9915	9913	1372.0	64.9998	32.4999	2300.0	2
613440	100	9913	6384	1372.0	12000.0	6000.0	2300.0	2
425151	100	13118	11791	200.0	30.0	15.0	800.0	1
425152	100	11791	13118	200.0	30.0	15.0	800.0	1
425153	100	133193	13118	600.0	30.0	15.0	800.0	2
13439	100	6379	6377	158.0	45.0	22.5	1800.0	1
117625	100	10617	12674	52.800000000000004	45.0	22.5	1800.0	3
13428	100	9911	5144	1900.0	45.0	22.5	1800.0	1
13427	100	5144	12138	316.8	45.0	22.5	1800.0	3
105331	100	5674	5206	211.20000000000002	45.0	22.5	1800.0	4
13425	100	9911	6395	475.0	45.0	22.5	1800.0	1
13424	100	9910	9911	580.0	45.0	22.5	1800.0	1
105326	100	5785	5674	158.4	45.0	22.5	1800.0	3
106347	100	6397	6391	211.0	45.0	22.5	1800.0	1
106346	100	6391	6387	211.20000000000002	45.0	22.5	1800.0	3
18409	100	13118	6377	211.20000000000002	45.0	22.5	1800.0	2
105321	100	5684	5786	211.20000000000002	45.0	22.5	1800.0	2
106344	100	6394	6396	739.2	45.0	22.5	1800.0	1
105063	100	5657	5656	158.0	45.0	22.5	1800.0	3
105319	100	5691	5684	580.8	45.0	22.5	1800.0	3
106343	100	5206	6396	2323.0	45.0	22.5	1800.0	1
104294	100	12168	5205	580.8	45.0	22.5	1800.0	4
106336	100	6396	5141	264.0	45.0	22.5	1800.0	1
106333	100	6394	6392	686.4	45.0	22.5	1800.0	3
107421	100	5766	5767	369.6	45.0	22.5	1800.0	4
4252	100	5143	5144	897.6	45.0	22.5	1800.0	3
6363	100	6398	6373	158.0	45.0	22.5	1800.0	2
113435	100	9914	6371	158.0	45.0	22.5	1800.0	1
17626	100	12673	12674	316.8	45.0	22.5	1800.0	1
106330	100	5786	5689	1214.0	45.0	22.5	1800.0	1
18393	100	13116	5710	369.0	45.0	22.5	1800.0	3
107417	100	5769	5767	580.0	45.0	22.5	1800.0	1
106327	100	12169	6371	739.2	45.0	22.5	1800.0	2
18390	100	13115	12566	158.0	45.0	22.5	1800.0	2
106323	100	6392	6391	633.6	45.0	22.5	1800.0	3
5330	100	5780	12642	105.60000000000001	45.0	22.5	1800.0	3
5265	100	5763	5768	158.4	45.0	22.5	1800.0	2
5134	100	5709	13116	316.0	45.0	22.5	1800.0	3
5262	100	3427	5658	475.2	45.0	22.5	1800.0	1
105294	100	5787	5785	897.0	45.0	22.5	1800.0	1
105293	100	10631	5785	475.2	45.0	22.5	1800.0	2
5260	100	5768	13115	158.0	45.0	22.5	1800.0	2
14092	100	10261	6376	1003.2	45.0	22.5	1800.0	2
117452	100	5680	12565	528.0	45.0	22.5	1800.0	2
118602	100	5577	5572	1350.41	45.0	22.5	1800.0	1
5129	100	5659	5708	580.8	45.0	22.5	1800.0	2
118601	100	5577	13500	1360.0	45.0	22.5	1800.0	1
5064	100	5658	5659	264.0	45.0	22.5	1800.0	3
5255	100	5768	5686	422.40000000000003	45.0	22.5	1800.0	2
5126	100	5708	5673	739.2	45.0	22.5	1800.0	1
6342	100	6390	6395	580.8	45.0	22.5	1800.0	3
5124	100	5708	5698	844.8000000000001	45.0	22.5	1800.0	2
605124	100	5698	5694	200.0	45.0	22.5	1800.0	2
5314	100	5775	5772	264.0	45.0	22.5	1800.0	4
116673	100	6387	12169	316.8	45.0	22.5	1800.0	2
7424	100	5762	3426	580.0	45.0	22.5	1800.0	1
116672	100	5206	12168	792.0	45.0	22.5	1800.0	4
6335	100	6395	5143	528.0	45.0	22.5	1800.0	4
105151	100	5662	5720	739.0	45.0	22.5	1800.0	1
105278	100	12674	5662	264.0	45.0	22.5	1800.0	3
105277	100	5686	5766	158.4	45.0	22.5	1800.0	3
114745	100	5786	10631	211.20000000000002	45.0	22.5	1800.0	2
6326	100	6376	6390	844.8000000000001	45.0	22.5	1800.0	3
12086	100	5762	5763	369.6	45.0	22.5	1800.0	2
425140	100	18630	5657	580.0	45.0	22.5	1800.0	4
6322	100	5783	5775	844.0	45.0	22.5	1800.0	1
6320	100	6389	6390	739.0	45.0	22.5	1800.0	1
105135	100	5662	5691	739.2	45.0	22.5	1800.0	3
17454	100	12565	12566	422.40000000000003	45.0	22.5	1800.0	1
18350	100	13094	5658	528.0	45.0	22.5	1800.0	2
17453	100	12566	13094	211.0	45.0	22.5	1800.0	2
105261	100	5656	5680	211.20000000000002	45.0	22.5	1800.0	2
114093	100	6374	10261	158.0	45.0	22.5	1800.0	1
105131	100	5682	18630	446.0	45.0	22.5	1800.0	1
105259	100	5656	5681	950.0	45.0	22.5	1800.0	1
18602	100	5572	5577	1350.41	45.0	22.5	1800.0	1
5289	100	5774	5781	844.0	45.0	22.5	1800.0	1
18601	100	13500	5577	1360.0	45.0	22.5	1800.0	1
105256	100	12565	5686	369.6	45.0	22.5	1800.0	2
105254	100	5767	5676	369.6	45.0	22.5	1800.0	4
17573	100	12138	5206	369.6	45.0	22.5	1800.0	1
6308	100	6373	10261	369.0	45.0	22.5	1800.0	2
17572	100	5785	12642	316.8	45.0	22.5	1800.0	1
114724	100	5676	10617	369.6	45.0	22.5	1800.0	3
5283	100	5774	5775	633.6	45.0	22.5	1800.0	3
17571	100	12642	5774	158.4	45.0	22.5	1800.0	3
5281	100	5710	5765	52.800000000000004	45.0	22.5	1800.0	4
105119	100	5694	18630	950.0	45.0	22.5	1800.0	4
113438	100	6383	9915	158.4	45.0	22.5	1800.0	1
204898	1000	100373	10602	369.6	7.5	3.75	800.0	1
204913	1000	100373	13085	264.0	7.5	3.75	800.0	1
206225	1000	100359	6174	475.2	7.5	3.75	800.0	1
206242	1000	100356	6183	528.0	7.5	3.75	800.0	1
214698	1000	101408	5587	475.2	7.5	3.75	800.0	1
214710	1000	101413	5106	528.0	7.5	3.75	800.0	1
216797	1000	100359	12266	422.40000000000003	7.5	3.75	800.0	1
216798	1000	100358	6175	158.4	7.5	3.75	800.0	1
217734	1000	100404	10487	316.8	7.5	3.75	800.0	1
118266	100	13053	13060	369.6	15.0	7.5	800.0	1
118259	100	13056	13055	369.6	15.0	7.5	800.0	1
118258	100	13055	13054	369.6	15.0	7.5	800.0	1
118256	100	13054	13053	369.6	15.0	7.5	800.0	1
118253	100	13051	13050	422.40000000000003	15.0	7.5	800.0	1
118251	100	13050	6351	369.6	15.0	7.5	800.0	1
118249	100	6351	13049	369.6	15.0	7.5	800.0	1
118246	100	13047	13046	369.6	15.0	7.5	800.0	1
118245	100	13046	11084	422.40000000000003	15.0	7.5	800.0	1
118244	100	11084	13045	369.6	15.0	7.5	800.0	1
118241	100	5178	13043	369.6	15.0	7.5	800.0	1
118240	100	13043	13042	369.6	15.0	7.5	800.0	1
118239	100	13042	5152	369.6	15.0	7.5	800.0	1
118238	100	5152	11082	369.0	15.0	7.5	800.0	1
118231	100	5106	13039	316.8	15.0	7.5	800.0	1
18389	100	13114	11537	369.6	15.0	7.5	800.0	1
18388	100	13113	13114	369.6	15.0	7.5	800.0	1
18386	100	13112	13113	369.0	15.0	7.5	800.0	1
118214	100	6337	13032	369.6	15.0	7.5	800.0	1
118213	100	13170	13031	211.20000000000002	15.0	7.5	800.0	1
118204	100	11531	13026	369.6	15.0	7.5	800.0	1
105914	100	12135	6183	633.6	15.0	7.5	800.0	1
118202	100	13025	13024	369.0	15.0	7.5	800.0	1
105908	100	12137	6174	528.0	15.0	7.5	800.0	1
118182	100	13011	13017	369.6	15.0	7.5	800.0	1
118171	100	13012	13011	369.6	15.0	7.5	800.0	1
18330	100	13087	13088	316.0	15.0	7.5	800.0	1
18326	100	13085	10602	369.6	15.0	7.5	800.0	1
18325	100	13084	13085	316.8	15.0	7.5	800.0	1
18316	100	13079	13080	316.8	15.0	7.5	800.0	1
18314	100	13078	13079	369.6	15.0	7.5	800.0	1
18313	100	13077	13078	369.6	15.0	7.5	800.0	1
18311	100	13076	13077	369.6	15.0	7.5	800.0	1
18310	100	5431	13076	422.40000000000003	15.0	7.5	800.0	1
18308	100	5458	10778	369.0	15.0	7.5	800.0	1
18307	100	13075	5458	369.0	15.0	7.5	800.0	1
18306	100	5472	13075	369.6	15.0	7.5	800.0	1
6014	100	6184	11044	528.0	15.0	7.5	800.0	1
18302	100	13072	13073	369.6	15.0	7.5	800.0	1
18301	100	13071	13072	369.6	15.0	7.5	800.0	1
18299	100	13070	13071	369.6	15.0	7.5	800.0	1
18298	100	13062	13070	422.40000000000003	15.0	7.5	800.0	1
14456	100	5750	10457	422.40000000000003	15.0	7.5	800.0	1
18296	100	13057	13047	369.6	15.0	7.5	800.0	1
18292	100	13066	5178	369.6	15.0	7.5	800.0	1
18281	100	13043	13026	369.6	15.0	7.5	800.0	1
18274	100	13025	13062	422.40000000000003	15.0	7.5	800.0	1
18272	100	13042	13025	369.6	15.0	7.5	800.0	1
114520	100	10490	5747	369.6	15.0	7.5	800.0	1
114519	100	5747	10489	369.6	15.0	7.5	800.0	1
18259	100	13055	13056	369.6	15.0	7.5	800.0	1
18258	100	13054	13055	369.6	15.0	7.5	800.0	1
18256	100	13053	13054	369.6	15.0	7.5	800.0	1
18255	100	13041	13053	369.6	15.0	7.5	800.0	1
18510	100	13170	13032	105.60000000000001	15.0	7.5	800.0	1
114509	100	13195	6174	316.8	15.0	7.5	800.0	1
118605	100	13083	10487	927.96	15.0	7.5	800.0	1
18251	100	6351	13050	369.6	15.0	7.5	800.0	1
18249	100	13049	6351	369.6	15.0	7.5	800.0	1
5191	100	5750	5745	422.40000000000003	15.0	7.5	800.0	1
18247	100	13048	6345	369.6	15.0	7.5	800.0	2
6213	100	6339	12266	633.6	15.0	7.5	800.0	1
18245	100	11084	13046	422.40000000000003	15.0	7.5	800.0	1
118341	100	13091	13084	1056.0	15.0	7.5	800.0	1
18244	100	13045	11084	369.6	15.0	7.5	800.0	1
18243	100	13044	13045	369.6	15.0	7.5	800.0	2
18242	100	13036	13044	369.6	15.0	7.5	800.0	2
18241	100	13043	5178	369.6	15.0	7.5	800.0	1
18240	100	13042	13043	369.6	15.0	7.5	800.0	1
18239	100	5152	13042	369.6	15.0	7.5	800.0	1
18238	100	11082	5152	369.0	15.0	7.5	800.0	1
18494	100	13162	10459	211.20000000000002	15.0	7.5	800.0	2
18237	100	13040	13041	369.6	15.0	7.5	800.0	2
116796	100	13198	12266	52.800000000000004	15.0	7.5	800.0	1
18235	100	13032	13040	369.6	15.0	7.5	800.0	2
118331	100	5581	13088	369.0	15.0	7.5	800.0	1
18233	100	13039	13032	422.40000000000003	15.0	7.5	800.0	2
18232	100	13038	13039	792.0	15.0	7.5	800.0	2
18231	100	13039	5106	316.8	15.0	7.5	800.0	1
118327	100	13086	10602	369.6	15.0	7.5	800.0	1
18230	100	13037	13038	369.0	15.0	7.5	800.0	2
115510	100	13176	11044	105.60000000000001	15.0	7.5	800.0	1
118326	100	10602	13085	369.6	15.0	7.5	800.0	1
118325	100	13085	13084	316.8	15.0	7.5	800.0	1
6194	100	6332	13039	369.6	15.0	7.5	800.0	1
18226	100	5106	5214	792.0	15.0	7.5	800.0	2
18225	100	13031	5106	422.40000000000003	15.0	7.5	800.0	2
18224	100	5188	13031	369.6	15.0	7.5	800.0	2
18223	100	6345	5188	369.0	15.0	7.5	800.0	2
18478	100	13154	13084	211.20000000000002	15.0	7.5	800.0	1
118318	100	13081	13080	369.6	15.0	7.5	800.0	1
18220	100	13030	13035	369.6	15.0	7.5	800.0	1
118316	100	13080	13079	316.8	15.0	7.5	800.0	1
18218	100	13034	13030	422.40000000000003	15.0	7.5	800.0	1
114986	100	10777	10778	369.6	15.0	7.5	800.0	1
118314	100	13079	13078	369.6	15.0	7.5	800.0	1
18217	100	13033	13034	792.0	15.0	7.5	800.0	1
118313	100	13078	13077	369.6	15.0	7.5	800.0	1
118311	100	13077	13076	369.6	15.0	7.5	800.0	1
118566	100	13048	13049	369.6	15.0	7.5	800.0	1
104229	100	13168	5106	211.20000000000002	15.0	7.5	800.0	1
18212	100	13030	13031	316.8	15.0	7.5	800.0	1
118308	100	10778	5458	369.0	15.0	7.5	800.0	1
118307	100	5458	13075	369.0	15.0	7.5	800.0	1
118306	100	13075	5472	369.6	15.0	7.5	800.0	1
18209	100	11082	13029	369.0	15.0	7.5	800.0	1
115489	100	5730	11030	369.6	15.0	7.5	800.0	1
115488	100	11031	11030	369.6	15.0	7.5	800.0	1
118559	100	6336	13195	686.4	15.0	7.5	800.0	1
106014	100	11044	6184	528.0	15.0	7.5	800.0	1
115486	100	11030	10459	369.6	15.0	7.5	800.0	1
118302	100	13073	13072	369.6	15.0	7.5	800.0	1
118558	100	13104	13194	1056.0	15.0	7.5	800.0	2
118301	100	13072	13071	369.6	15.0	7.5	800.0	1
18204	100	13026	11531	369.6	15.0	7.5	800.0	1
18203	100	13025	13026	369.6	15.0	7.5	800.0	1
118299	100	13071	13070	369.6	15.0	7.5	800.0	1
118298	100	13070	13062	422.40000000000003	15.0	7.5	800.0	1
114457	100	10458	10457	369.6	15.0	7.5	800.0	1
118292	100	5178	13066	369.6	15.0	7.5	800.0	1
118284	100	13056	13064	422.40000000000003	15.0	7.5	800.0	1
118282	100	13157	13026	211.20000000000002	15.0	7.5	800.0	1
18182	100	13017	13011	369.6	15.0	7.5	800.0	1
18181	100	5722	13017	369.6	15.0	7.5	800.0	1
118274	100	13062	13025	422.40000000000003	15.0	7.5	800.0	1
16641	100	12137	6175	475.2	15.0	7.5	800.0	1
16640	100	12136	6175	580.8	15.0	7.5	800.0	1
18171	100	13011	13012	369.6	15.0	7.5	800.0	1
105183	100	10611	5745	369.6	15.0	7.5	800.0	1
14520	100	5747	10490	369.6	15.0	7.5	800.0	1
14519	100	10489	5747	369.6	15.0	7.5	800.0	1
14514	100	5414	10487	369.0	15.0	7.5	800.0	2
117426	100	10459	10458	369.6	15.0	7.5	800.0	1
14509	100	6174	13195	316.8	15.0	7.5	800.0	1
18566	100	13049	13048	369.6	15.0	7.5	800.0	1
18565	100	13198	6348	316.8	15.0	7.5	800.0	1
18560	100	6333	13195	1003.2	15.0	7.5	800.0	2
106237	100	13177	6183	264.0	17.50002	8.75001	1200.0	1
106228	100	6348	6174	422.40000000000003	17.50002	8.75001	1200.0	2
106224	100	6146	6348	475.2	17.50002	8.75001	1200.0	2
104909	100	13151	5588	105.60000000000001	17.50002	8.75001	1200.0	1
104908	100	13093	5456	369.6	17.50002	8.75001	1200.0	1
104899	100	5456	5587	369.6	17.50002	8.75001	1200.0	1
104893	100	5585	5576	316.0	17.50002	8.75001	1200.0	1
18364	100	13102	11044	1003.2	17.50002	8.75001	1200.0	1
104892	100	5585	5584	369.6	17.50002	8.75001	1200.0	1
18363	100	13100	13194	528.0	17.50002	8.75001	1200.0	1
14507	100	10486	5587	369.6	17.50002	8.75001	1200.0	1
18345	100	13093	5588	369.6	17.50002	8.75001	1200.0	1
18337	100	13077	5587	369.6	17.50002	8.75001	1200.0	1
18335	100	5756	13071	316.8	17.50002	8.75001	1200.0	1
18324	100	13085	5587	369.6	17.50002	8.75001	1200.0	1
18312	100	13078	5456	369.6	17.50002	8.75001	1200.0	1
114694	100	12736	10602	792.0	17.50002	8.75001	1200.0	1
114693	100	10602	5456	369.6	17.50002	8.75001	1200.0	1
4867	100	5465	5576	369.0	17.50002	8.75001	1200.0	1
4609	100	5455	13072	369.0	17.50002	8.75001	1200.0	1
18557	100	13194	13102	475.2	17.50002	8.75001	1200.0	1
18300	100	13072	13078	369.6	17.50002	8.75001	1200.0	1
14693	100	5456	10602	369.6	17.50002	8.75001	1200.0	1
118365	100	13101	11044	1425.6	17.50002	8.75001	1200.0	1
18524	100	13177	13102	264.0	17.50002	8.75001	1200.0	1
118364	100	11044	13102	1003.2	17.50002	8.75001	1200.0	1
118363	100	13194	13100	528.0	17.50002	8.75001	1200.0	1
116570	100	13178	13102	211.20000000000002	17.50002	8.75001	1200.0	1
114510	100	10778	10487	369.6	17.50002	8.75001	1200.0	1
114507	100	5587	10486	369.6	17.50002	8.75001	1200.0	1
118345	100	5588	13093	369.6	17.50002	8.75001	1200.0	1
118338	100	12149	13085	1056.0	17.50002	8.75001	1200.0	1
118337	100	5587	13077	369.6	17.50002	8.75001	1200.0	1
5174	100	5731	10458	369.6	17.50002	8.75001	1200.0	3
118324	100	5587	13085	369.6	17.50002	8.75001	1200.0	1
4912	100	5212	10486	475.2	17.50002	8.75001	1200.0	1
4908	100	5456	13093	369.6	17.50002	8.75001	1200.0	1
114985	100	5584	10778	369.6	17.50002	8.75001	1200.0	1
118312	100	5456	13078	369.6	17.50002	8.75001	1200.0	1
4899	100	5587	5456	369.6	17.50002	8.75001	1200.0	1
118557	100	13102	13194	475.2	17.50002	8.75001	1200.0	1
118300	100	13078	13072	369.6	17.50002	8.75001	1200.0	1
4890	100	5582	10487	369.6	17.50002	8.75001	1200.0	1
114454	100	10489	10457	369.6	17.50002	8.75001	1200.0	3
18359	100	13098	13099	1003.0	25.00002	12.50001	500.0	1
118359	100	13099	13098	1003.0	25.00002	12.50001	500.0	1
18287	100	13065	13099	1356.0	40.00002	20.00001	1500.0	3
118287	100	13099	13065	1356.0	40.00002	20.00001	1500.0	3
15483	100	11027	6387	264.0	30.0	15.0	800.0	1
115483	100	6387	11027	264.0	30.0	15.0	800.0	1
6348	100	6387	6376	158.0	30.0	15.0	800.0	1
106348	100	6376	6387	158.0	30.0	15.0	800.0	1
14227	100	6311	6376	158.0	30.0	15.0	800.0	2
114227	100	6376	6311	158.0	30.0	15.0	800.0	2
15859	100	11355	6339	316.8	15.0	7.5	800.0	1
15841	100	11337	11355	105.60000000000001	15.0	7.5	800.0	1
116078	100	6355	11574	633.6	15.0	7.5	800.0	1
6249	100	6355	6354	475.2	15.0	7.5	800.0	2
6206	100	6342	6343	633.6	15.0	7.5	800.0	1
113458	100	11208	6326	475.2	15.0	7.5	800.0	1
106254	100	5210	6355	264.0	15.0	7.5	800.0	2
106206	100	6343	6342	633.6	15.0	7.5	800.0	1
16078	100	11574	6355	633.6	15.0	7.5	800.0	1
115859	100	6339	11355	316.8	15.0	7.5	800.0	1
13458	100	6326	11208	475.2	15.0	7.5	800.0	1
115841	100	11355	11337	105.60000000000001	15.0	7.5	800.0	1
16104	100	11600	11308	105.60000000000001	15.0	7.5	800.0	1
15812	100	11308	11298	105.60000000000001	15.0	7.5	800.0	1
15802	100	11298	6343	369.6	15.0	7.5	800.0	1
116104	100	11308	11600	105.60000000000001	15.0	7.5	800.0	1
115812	100	11298	11308	105.60000000000001	15.0	7.5	800.0	1
115802	100	6343	11298	369.6	15.0	7.5	800.0	1
106173	100	6312	6311	1372.0	15.0	7.5	800.0	1
6173	100	6311	6312	1372.0	15.0	7.5	800.0	1
13457	100	6312	11600	369.0	15.0	7.5	800.0	1
113457	100	11600	6312	369.0	15.0	7.5	800.0	1
6247	100	6338	6332	1056.0	15.0	7.5	800.0	1
106247	100	6332	6338	1056.0	15.0	7.5	800.0	1
6246	100	6353	6338	1056.0	15.0	7.5	800.0	1
106246	100	6338	6353	1056.0	15.0	7.5	800.0	1
6203	100	6338	11337	1003.0	15.0	7.5	800.0	1
106203	100	11337	6338	1003.0	15.0	7.5	800.0	1
6250	100	6353	11574	633.0	15.0	7.5	800.0	1
106250	100	11574	6353	633.0	15.0	7.5	800.0	1
6256	100	6343	6353	792.0	15.0	7.5	800.0	1
106256	100	6353	6343	792.0	15.0	7.5	800.0	1
6261	100	6328	6342	897.0	15.0	7.5	800.0	1
106261	100	6342	6328	897.0	15.0	7.5	800.0	1
15712	100	11208	6312	897.0	15.0	7.5	800.0	1
115712	100	6312	11208	897.0	15.0	7.5	800.0	1
6361	100	6377	6398	1056.0	45.0	22.5	1800.0	2
116037	100	5784	11533	686.0	15.0	7.5	1200.0	3
115711	100	6328	11207	1003.2	34.99998	17.49999	1200.0	3
115710	100	11743	11206	264.0	34.99998	17.49999	1200.0	2
106362	100	6398	6370	158.4	34.99998	17.49999	1200.0	3
16247	100	11743	6341	422.40000000000003	34.99998	17.49999	1200.0	2
106357	100	6327	6326	264.0	34.99998	17.49999	1200.0	3
106355	100	6326	6378	897.6	34.99998	17.49999	1200.0	3
106353	100	6378	6398	528.0	34.99998	17.49999	1200.0	3
116581	100	6370	12077	686.0	34.99998	17.49999	1200.0	2
15711	100	11207	6328	1003.2	34.99998	17.49999	1200.0	3
15710	100	11206	11743	264.0	34.99998	17.49999	1200.0	2
106266	100	6344	6357	52.800000000000004	34.99998	17.49999	1200.0	2
106265	100	6340	6344	316.8	34.99998	17.49999	1200.0	2
106264	100	6357	6328	686.4	34.99998	17.49999	1200.0	2
118534	100	11207	13182	105.60000000000001	34.99998	17.49999	1200.0	3
106205	100	11206	6340	422.40000000000003	34.99998	17.49999	1200.0	2
6362	100	6370	6398	158.4	34.99998	17.49999	1200.0	3
6357	100	6326	6327	264.0	34.99998	17.49999	1200.0	3
6355	100	6378	6326	897.6	34.99998	17.49999	1200.0	3
6353	100	6398	6378	528.0	34.99998	17.49999	1200.0	3
106188	100	13182	6327	475.2	34.99998	17.49999	1200.0	3
16581	100	12077	6370	686.0	34.99998	17.49999	1200.0	2
6266	100	6357	6344	52.800000000000004	34.99998	17.49999	1200.0	2
6265	100	6344	6340	316.8	34.99998	17.49999	1200.0	2
6264	100	6328	6357	686.4	34.99998	17.49999	1200.0	2
18534	100	13182	11207	105.60000000000001	34.99998	17.49999	1200.0	3
6205	100	6340	11206	422.40000000000003	34.99998	17.49999	1200.0	2
6188	100	6327	13182	475.2	34.99998	17.49999	1200.0	3
116247	100	6341	11743	422.40000000000003	34.99998	17.49999	1200.0	2
5328	100	12138	5780	211.0	45.0	22.5	1800.0	3
5315	100	5772	5709	475.0	45.0	22.5	1800.0	3
5249	100	5765	12673	264.0	45.0	22.5	1800.0	3
17624	100	12673	12672	85.0	45.0	22.5	1800.0	2
17622	100	12672	5761	369.0	45.0	22.5	1800.0	2
5247	100	5761	5762	369.0	45.0	22.5	1800.0	2
106339	100	5205	6394	211.0	45.0	22.5	1800.0	3
106303	100	6371	6370	369.0	45.0	22.5	1800.0	3
106360	100	6370	6400	422.0	45.0	22.5	1800.0	3
113437	100	6400	6383	158.0	45.0	22.5	1800.0	3
116295	100	6383	11791	528.0	45.0	22.5	1800.0	3
16601	100	12097	5684	316.8	30.0	15.0	900.0	2
5317	100	5684	5772	264.0	30.0	15.0	900.0	2
5282	100	5772	5773	739.0	30.0	15.0	900.0	1
116601	100	5684	12097	316.8	30.0	15.0	900.0	2
105317	100	5772	5684	264.0	30.0	15.0	900.0	2
105282	100	5773	5772	739.0	30.0	15.0	900.0	1
5304	100	5784	5782	369.0	30.0	15.0	900.0	1
105304	100	5782	5784	369.0	30.0	15.0	900.0	1
5296	100	5773	5784	686.0	30.0	15.0	900.0	1
105296	100	5784	5773	686.0	30.0	15.0	900.0	1
104906	100	13080	5472	369.6	34.99998	17.49999	1500.0	1
118172	100	5723	13013	316.8	34.99998	17.49999	1500.0	4
14720	100	10615	5676	739.0	34.99998	17.49999	1500.0	2
117617	100	5471	12670	369.6	34.99998	17.49999	1500.0	4
116041	100	5770	11537	369.6	34.99998	17.49999	1500.0	4
105275	100	13140	5770	211.20000000000002	34.99998	17.49999	1500.0	4
105268	100	11537	5761	316.8	34.99998	17.49999	1500.0	4
105209	100	5719	5714	475.2	34.99998	17.49999	1500.0	4
105201	100	13135	5723	211.20000000000002	34.99998	17.49999	1500.0	4
105162	100	5726	5719	422.40000000000003	34.99998	17.49999	1500.0	4
105147	100	13130	5726	158.4	34.99998	17.49999	1500.0	4
105142	100	13013	5722	369.6	34.99998	17.49999	1500.0	4
118450	100	5722	13140	158.4	34.99998	17.49999	1500.0	4
104624	100	5472	5471	369.6	34.99998	17.49999	1500.0	2
118440	100	5714	13135	158.4	34.99998	17.49999	1500.0	4
118430	100	12670	13130	158.4	34.99998	17.49999	1500.0	4
114720	100	5676	10615	739.0	34.99998	17.49999	1500.0	2
18348	100	5588	13087	369.6	34.99998	17.49999	1500.0	1
18315	100	13080	5588	369.6	34.99998	17.49999	1500.0	1
4906	100	5472	13080	369.6	34.99998	17.49999	1500.0	1
118348	100	13087	5588	369.6	34.99998	17.49999	1500.0	1
118315	100	5588	13080	369.6	34.99998	17.49999	1500.0	1
105253	100	5761	5676	264.0	34.99998	17.49999	1500.0	2
18184	100	12734	11381	422.40000000000003	34.99998	17.49999	1500.0	4
18183	100	13010	13143	158.4	34.99998	17.49999	1500.0	4
18180	100	13017	13015	369.6	34.99998	17.49999	1500.0	4
18175	100	13015	13010	316.8	34.99998	17.49999	1500.0	4
18164	100	13009	13017	369.6	34.99998	17.49999	1500.0	4
118427	100	13073	13019	369.6	34.99998	17.49999	1500.0	2
118426	100	13129	10617	528.0	34.99998	17.49999	1500.0	1
18456	100	13143	12734	158.4	34.99998	17.49999	1500.0	4
117623	100	10617	12672	264.0	34.99998	17.49999	1500.0	2
18427	100	13019	13073	369.6	34.99998	17.49999	1500.0	2
18347	100	13093	13086	369.6	34.99998	17.49999	1500.0	1
18346	100	13079	13093	369.6	34.99998	17.49999	1500.0	1
18344	100	13073	13079	369.6	34.99998	17.49999	1500.0	1
118347	100	13086	13093	369.6	34.99998	17.49999	1500.0	1
118346	100	13093	13079	369.6	34.99998	17.49999	1500.0	1
118344	100	13079	13073	369.6	34.99998	17.49999	1500.0	1
5138	100	5711	5715	369.6	30.0	15.0	1300.0	2
5217	100	5754	13022	158.4	30.0	15.0	1300.0	2
5218	100	5753	5755	369.6	30.0	15.0	1300.0	2
5233	100	5715	5758	475.2	30.0	15.0	1300.0	2
5240	100	5758	5754	422.40000000000003	30.0	15.0	1300.0	2
5287	100	5709	12098	316.8	30.0	15.0	1300.0	2
5299	100	5788	5789	369.6	30.0	15.0	1300.0	2
5303	100	5789	5711	369.6	30.0	15.0	1300.0	2
5305	100	5779	5788	369.6	30.0	15.0	1300.0	2
14508	100	5755	13070	316.8	30.0	15.0	1300.0	1
14722	100	10616	5691	1056.0	30.0	15.0	1300.0	1
16602	100	12098	5779	422.40000000000003	30.0	15.0	1300.0	2
18197	100	13022	5753	211.20000000000002	30.0	15.0	1300.0	2
18297	100	13070	13076	369.6	30.0	15.0	1300.0	1
18309	100	13076	10486	369.6	30.0	15.0	1300.0	1
18339	100	10486	13084	369.6	30.0	15.0	1300.0	1
105138	100	5715	5711	369.6	30.0	15.0	1300.0	2
105217	100	13022	5754	158.4	30.0	15.0	1300.0	2
105218	100	5755	5753	369.6	30.0	15.0	1300.0	2
105233	100	5758	5715	475.2	30.0	15.0	1300.0	2
105240	100	5754	5758	422.40000000000003	30.0	15.0	1300.0	2
105287	100	12098	5709	316.8	30.0	15.0	1300.0	2
105299	100	5789	5788	369.6	30.0	15.0	1300.0	2
105303	100	5711	5789	369.6	30.0	15.0	1300.0	2
105305	100	5788	5779	369.6	30.0	15.0	1300.0	2
114508	100	13070	5755	316.8	30.0	15.0	1300.0	1
114722	100	5691	10616	1056.0	30.0	15.0	1300.0	1
116602	100	5779	12098	422.40000000000003	30.0	15.0	1300.0	2
118197	100	5753	13022	211.20000000000002	30.0	15.0	1300.0	2
118297	100	13076	13070	369.6	30.0	15.0	1300.0	1
118309	100	10486	13076	369.6	30.0	15.0	1300.0	1
118339	100	13084	10486	369.6	30.0	15.0	1300.0	1
18387	100	13114	5716	369.6	30.0	15.0	1300.0	4
18329	100	13088	10601	792.0	30.0	15.0	1300.0	4
18317	100	13081	5465	369.6	30.0	15.0	1300.0	4
18305	100	13075	11770	316.8	30.0	15.0	1300.0	4
16765	100	12261	13141	211.20000000000002	30.0	15.0	1300.0	4
14692	100	10601	5574	369.6	30.0	15.0	1300.0	4
114494	100	5767	10479	897.6	30.0	15.0	1300.0	1
114493	100	5762	5767	264.0	30.0	15.0	1300.0	2
16146	100	11642	5717	369.6	30.0	15.0	1300.0	4
18446	100	13138	5741	264.0	30.0	15.0	1300.0	4
18444	100	13137	5740	211.20000000000002	30.0	15.0	1300.0	4
4617	100	5464	13075	369.6	30.0	15.0	1300.0	4
4865	100	5574	11786	1320.0	30.0	15.0	1300.0	3
604865	100	11786	5574	1320.0	30.0	15.0	1300.0	3
14494	100	10479	5767	897.6	30.0	15.0	1300.0	1
14493	100	5767	5762	264.0	30.0	15.0	1300.0	2
14492	100	5762	13114	369.6	30.0	15.0	1300.0	2
14995	100	10782	5464	369.6	30.0	15.0	1300.0	4
5212	100	5752	13137	211.0	30.0	15.0	1300.0	4
5202	100	5717	5752	369.6	30.0	15.0	1300.0	4
5187	100	5741	10782	369.6	30.0	15.0	1300.0	4
5165	100	5740	13138	211.20000000000002	30.0	15.0	1300.0	4
18452	100	13141	11642	158.4	30.0	15.0	1300.0	4
5139	100	5716	12261	316.8	30.0	15.0	1300.0	4
4897	100	5465	13088	369.0	30.0	15.0	1300.0	4
104894	100	5581	5576	369.6	30.0	15.0	1300.0	4
105181	100	5748	5742	422.40000000000003	30.0	15.0	1300.0	4
114461	100	5731	10461	369.6	30.0	15.0	1300.0	4
104891	100	13082	5458	369.6	30.0	15.0	1300.0	4
104903	100	5544	5570	422.0	30.0	15.0	1300.0	5
104871	100	5570	5581	739.2	30.0	15.0	1300.0	4
118438	100	5739	13134	158.0	30.0	15.0	1300.0	4
118454	100	5730	13142	105.0	30.0	15.0	1300.0	4
105270	100	13142	5764	264.0	30.0	15.0	1300.0	4
105188	100	5454	5749	369.6	30.0	15.0	1300.0	4
105204	100	13134	5731	211.0	30.0	15.0	1300.0	4
104611	100	5458	5454	369.6	30.0	15.0	1300.0	4
105171	100	5742	5739	422.40000000000003	30.0	15.0	1300.0	4
105185	100	13139	5748	158.0	30.0	15.0	1300.0	4
118448	100	5749	13139	158.0	30.0	15.0	1300.0	4
105152	100	10461	5730	369.6	30.0	15.0	1300.0	4
118319	100	5576	13082	369.6	30.0	15.0	1300.0	4
118385	100	5764	13113	316.0	30.0	15.0	1300.0	3
104869	100	11536	5544	422.0	30.0	15.0	1300.0	5
604869	100	5544	11536	422.0	30.0	15.0	1300.0	5
105248	100	13113	5763	369.0	30.0	15.0	1300.0	3
4607	100	5452	5453	369.6	34.99998	17.49999	1500.0	2
5073	100	5659	5654	686.4	34.99998	17.49999	1500.0	2
104888	100	5583	5453	369.6	34.99998	17.49999	1500.0	2
104887	100	5579	5583	633.6	34.99998	17.49999	1500.0	2
116055	100	5657	11551	475.2	34.99998	17.49999	1500.0	1
114459	100	5744	10460	316.8	34.99998	17.49999	1500.0	2
4888	100	5453	5583	369.6	34.99998	17.49999	1500.0	2
4887	100	5583	5579	633.6	34.99998	17.49999	1500.0	2
5125	100	5657	5659	316.8	34.99998	17.49999	1500.0	2
105200	100	5751	5654	422.40000000000003	34.99998	17.49999	1500.0	2
105197	100	10460	5751	369.6	34.99998	17.49999	1500.0	2
105179	100	5452	5746	369.6	34.99998	17.49999	1500.0	2
105178	100	5685	5743	422.40000000000003	34.99998	17.49999	1500.0	2
105177	100	5746	5685	422.40000000000003	34.99998	17.49999	1500.0	2
105170	100	5743	5744	369.6	34.99998	17.49999	1500.0	2
16055	100	11551	5657	475.2	34.99998	17.49999	1500.0	1
105125	100	5659	5657	316.8	34.99998	17.49999	1500.0	2
104607	100	5453	5452	369.6	34.99998	17.49999	1500.0	2
14459	100	10460	5744	316.8	34.99998	17.49999	1500.0	2
105073	100	5654	5659	686.4	34.99998	17.49999	1500.0	2
5200	100	5654	5751	422.40000000000003	34.99998	17.49999	1500.0	2
5197	100	5751	10460	369.6	34.99998	17.49999	1500.0	2
5179	100	5746	5452	369.6	34.99998	17.49999	1500.0	2
5178	100	5743	5685	422.40000000000003	34.99998	17.49999	1500.0	2
5177	100	5685	5746	422.40000000000003	34.99998	17.49999	1500.0	2
5170	100	5744	5743	369.6	34.99998	17.49999	1500.0	2
18429	100	5725	13011	369.0	25.00002	12.50001	800.0	3
18168	100	13011	5724	369.0	10.000020000000001	5.0000100000000005	800.0	3
18167	100	5724	5765	739.0	19.99998	9.99999	800.0	3
18394	100	13116	5732	739.0	30.0	15.0	1200.0	3
18426	100	10617	13129	528.0	34.99998	17.49999	1500.0	1
18162	100	12672	13009	739.0	34.99998	17.49999	1500.0	4
5159	100	5734	5710	739.0	45.0	22.5	1800.0	1
118373	100	5743	13107	369.0	34.99998	17.49999	1200.0	3
18377	100	13109	5746	369.0	34.99998	17.49999	1200.0	3
14457	100	10457	10458	369.6	15.0	7.5	800.0	1
17426	100	10458	10459	369.6	15.0	7.5	800.0	1
16877	100	12282	5728	369.0	34.99998	17.49999	1200.0	2
14455	100	10458	5747	369.6	34.99998	17.49999	1200.0	1
5198	100	5747	13106	369.6	34.99998	17.49999	1200.0	1
18189	100	12735	13148	158.4	34.99998	17.49999	1500.0	2
18187	100	13018	12735	369.6	34.99998	17.49999	1500.0	2
18186	100	11381	13149	211.20000000000002	34.99998	17.49999	1500.0	2
18468	100	13149	13018	211.20000000000002	34.99998	17.49999	1500.0	2
18466	100	13148	13019	211.20000000000002	34.99998	17.49999	1500.0	2
114512	100	13107	10489	369.0	17.50002	8.75001	1200.0	1
5194	100	5726	5741	369.6	34.99998	17.49999	1200.0	2
5193	100	5741	5748	369.6	34.99998	17.49999	1200.0	2
5172	100	5745	10488	369.6	34.99998	17.49999	1200.0	2
5186	100	5748	5745	369.6	17.50002	8.75001	1200.0	2
218459	1000	100379	5715	528.0	60.0	30.0	800.0	1
318459	1000	5715	100379	528.0	60.0	30.0	800.0	1
105084	100	5469	5685	950.4	30.0	15.0	1500.0	3
105180	100	13108	5738	105.0	30.0	15.0	1500.0	3
118458	100	5718	13144	158.0	30.0	15.0	1500.0	3
105210	100	5740	5719	369.6	30.0	15.0	1500.0	3
105239	100	5759	5758	369.6	30.0	15.0	1500.0	3
105173	100	10491	5737	211.20000000000002	30.0	15.0	1500.0	3
105236	100	13144	5759	211.20000000000002	30.0	15.0	1500.0	3
105140	100	11381	5718	369.6	30.0	15.0	1500.0	3
114516	100	5738	10491	264.0	30.0	15.0	1500.0	3
105166	100	5742	5740	369.6	30.0	15.0	1500.0	3
115885	100	5719	11381	369.6	30.0	15.0	1500.0	3
105192	100	5737	5750	158.0	30.0	15.0	1500.0	3
118375	100	5685	13108	369.6	30.0	15.0	1500.0	3
105190	100	5750	5742	369.6	30.0	15.0	1500.0	3
5084	100	5685	5469	950.4	30.0	15.0	1500.0	3
5180	100	5738	13108	105.0	30.0	15.0	1500.0	3
18458	100	13144	5718	158.0	30.0	15.0	1500.0	3
5210	100	5719	5740	369.6	30.0	15.0	1500.0	3
5239	100	5758	5759	369.6	30.0	15.0	1500.0	3
5173	100	5737	10491	211.20000000000002	30.0	15.0	1500.0	3
5236	100	5759	13144	211.20000000000002	30.0	15.0	1500.0	3
5140	100	5718	11381	369.6	30.0	15.0	1500.0	3
14516	100	10491	5738	264.0	30.0	15.0	1500.0	3
5166	100	5740	5742	369.6	30.0	15.0	1500.0	3
15885	100	11381	5719	369.6	30.0	15.0	1500.0	3
5192	100	5750	5737	158.0	30.0	15.0	1500.0	3
18375	100	13108	5685	369.6	30.0	15.0	1500.0	3
5190	100	5742	5750	369.6	30.0	15.0	1500.0	3
