node	type	sequence	time_red	time_yellow	time_green	num_moves	link_from	link_to
6336	1	1		1	3	56	4	{15778,15778,106234,106234}	{6234,118559,115778,118559}
6336	1	2		1	3	26	2	{18559,18559}	{6234,115778}
6333	1	1		1	3	58	2	{18366,18366}	{6241,18560}
6333	1	2		1	3	24	2	{106241,106241}	{18560,118366}
11743	1	1		1	3	50	1	{116247}	{115710}
11743	1	2		1	3	62	1	{15710}	{16247}
11206	1	1		1	3	62	1	{6205}	{15710}
11206	1	2		1	3	50	1	{115710}	{106205}
11273	1	1		1	3	87	1	{115777}	{118528}
11273	1	2		1	3	25	1	{18528}	{15777}
6340	1	1		1	3	61	4	{6265,6265,106205,106205}	{6205,106258,106258,106265}
6340	1	2		1	3	21	2	{6258,6258}	{6205,106265}
5582	1	1		1	3	78	4	{104885,104885,104890,104890}	{4890,118383,4885,118383}
5582	1	2		1	3	34	2	{18383,18383}	{4885,4890}
13098	1	1		1	3	79	4	{4297,4297,118357,118357}	{18357,18359,18359,104297}
13098	1	2		1	3	33	2	{118359,118359}	{18357,104297}
13109	1	1		1	3	52	4	{18434,18434,118380,118380}	{18377,18380,18377,118434}
13109	1	2		1	3	30	3	{14511,14511,14511}	{18377,18380,118434}
5728	1	1		1	3	38	2	{105223,105223}	{5149,105220}
5728	1	2		1	3	44	2	{16877,16877}	{5149,105220}
5713	1	1		1	3	39	2	{105137,105137}	{105242,118190}
5713	1	2		1	3	43	2	{105235,105235}	{105242,118190}
13020	1	1		1	3	46	2	{18460,18460}	{18192,105234}
13020	1	2		1	3	36	2	{118190,118190}	{18192,105234}
5715	1	1		1	3	51	2	{5138,105233}	{5233,105138}
5715	1	2		1	3	61	2	{105234,105234}	{5233,105138}
5760	1	1		1	3	24	6	{5244,5244,5244,105246,105246,105246}	{5246,18211,118210,18211,105244,118210}
5760	1	2		1	3	58	6	{18210,18210,18210,118211,118211,118211}	{5246,18211,105244,5246,105244,118210}
5107	1	1		1	3	52	4	{18492,18492,105244,105244}	{5244,118216,118216,118492}
5107	1	2		1	3	30	2	{18216,18216}	{5244,118492}
13016	1	1		1	3	34	2	{18170,18170}	{18178,18196}
13016	1	2		1	3	48	2	{18179,18179}	{18178,18196}
5789	1	1		1	3	51	4	{5299,5299,105303,105303}	{5303,105302,105299,105302}
5789	1	2		1	3	31	3	{18196,18196,18196}	{5303,105299,105302}
5211	1	1		1	3	55	4	{5312,5312,105311,105311}	{5311,114713,105312,114713}
5211	1	2		1	3	27	3	{105292,105292,105292}	{5311,105312,114713}
6145	1	1		1	3	33	6	{5884,5884,5884,106015,106015,106015}	{5990,6015,118522,5990,105884,118522}
6145	1	2		1	3	49	6	{18522,18522,18522,105990,105990,105990}	{5990,6015,105884,6015,105884,118522}
6191	1	1		1	3	26	6	{6222,6222,6222,105924,105924,105924}	{5924,6223,115588,6223,106222,115588}
6191	1	2		1	3	56	6	{15588,15588,15588,106223,106223,106223}	{5924,6223,106222,5924,106222,115588}
5220	1	1		1	3	38	6	{18269,18269,18269,106222,106222,106222}	{6222,18280,118488,18280,118269,118488}
5220	1	2		1	3	44	6	{18488,18488,18488,118280,118280,118280}	{6222,18280,118269,6222,118269,118488}
6146	1	1		1	3	47	2	{6227,6227}	{5885,106224}
6146	1	2		1	3	35	2	{105885,105885}	{106224,106227}
6346	1	1		1	3	50	6	{6214,6214,6214,106212,106212,106212}	{6211,6212,106233,6211,106214,106233}
6346	1	2		1	3	32	3	{6233,6233,6233}	{6211,6212,106214}
6339	1	1		1	3	31	6	{15859,15859,15859,106213,106213,106213}	{6213,6233,118518,6233,115859,118518}
6339	1	2		1	3	51	6	{18518,18518,18518,106233,106233,106233}	{6213,6233,115859,6213,115859,118518}
13103	1	1		1	3	21	2	{6239,118366}	{18366,106239}
13103	1	2		1	3	61	2	{118367,118367}	{18366,106239}
6144	1	1		1	3	25	6	{18520,18520,18520,105884,105884,105884}	{5884,6197,118526,6197,118520,118526}
6144	1	2		1	3	57	3	{106197,106197,106197}	{5884,118520,118526}
6335	1	1		1	3	36	4	{18516,18516,106199,106199}	{6199,6239,6239,118516}
6335	1	2		1	3	46	2	{106239,106239}	{6199,118516}
6341	1	1		1	3	43	4	{15777,15777,106244,106244}	{6244,116247,115777,116247}
6341	1	2		1	3	39	2	{16247,16247}	{6244,115777}
6305	1	1		1	3	25	6	{6196,6196,6196,106245,106245,106245}	{6236,6245,118532,6236,106196,118532}
6305	1	2		1	3	57	6	{18532,18532,18532,106236,106236,106236}	{6236,6245,106196,6245,106196,118532}
10609	1	1		1	3	41	1	{6252}	{14711}
10609	1	2		1	3	41	1	{114711}	{106252}
6357	1	1		1	3	44	4	{6264,6264,106266,106266}	{6266,116547,106264,116547}
6357	1	2		1	3	38	2	{16547,16547}	{6266,106264}
6328	1	1		1	3	43	6	{6260,6260,6260,106261,106261,106261}	{6261,6264,115711,6264,106260,115711}
6328	1	2		1	3	39	6	{15711,15711,15711,106264,106264,106264}	{6261,6264,106260,6261,106260,115711}
6356	1	1		1	3	56	4	{6267,6267,106260,106260}	{6260,116008,106267,116008}
6356	1	2		1	3	26	2	{16008,16008}	{6260,106267}
6320	1	1		1	3	44	4	{6279,6279,106283,106283}	{6181,6283,6181,106279}
6320	1	2		1	3	38	2	{106181,106181}	{6283,106279}
6304	1	1		1	3	41	4	{106167,106167,106279,106279}	{6279,106284,6167,106284}
6304	1	2		1	3	41	2	{6284,6284}	{6167,6279}
6362	1	1		1	3	39	4	{16217,16217,106284,106284}	{6284,106273,106273,116217}
6362	1	2		1	3	43	2	{6273,6273}	{6284,116217}
6311	1	1		1	3	27	6	{106173,106173,106173,114227,114227,114227}	{6321,14227,106345,6173,6321,106345}
6311	1	2		1	3	55	6	{6345,6345,6345,106321,106321,106321}	{6173,6321,14227,6173,14227,106345}
6326	1	1		1	3	57	4	{6355,6355,106357,106357}	{6357,13458,13458,106355}
6326	1	2		1	3	25	2	{113458,113458}	{6357,106355}
6378	1	1		1	3	65	6	{6353,6353,6353,106355,106355,106355}	{6312,6355,118424,6312,106353,118424}
6378	1	2		1	3	47	6	{18424,18424,18424,106312,106312,106312}	{6312,6355,106353,6355,106353,118424}
13119	1	1		1	3	56	4	{6354,6354,118410,118410}	{18410,118411,106354,118411}
13119	1	2		1	3	26	2	{18411,18411}	{18410,106354}
5572	1	1		1	3	88	4	{4879,4879,104876,104876}	{4876,18602,18602,104879}
5572	1	2		1	3	24	2	{118602,118602}	{4876,104879}
5726	1	1		1	3	37	0	{105147,105147}	{105162,5194}
5726	1	2		1	3	35	0	{18185,18185}	{105162,5194}
13015	1	1		1	3	36	0	{18180,18180}	{18175,18177}
13015	1	2		1	3	36	0	{18176,18176}	{18175,18177}
12734	1	1		1	3	50	0	{18456,18456}	{18184,105137}
12734	1	2		1	3	22	0	{117729,117729}	{18184,105137}
13018	1	1		1	3	45	0	{18468,18468}	{18185,18187}
13018	1	2		1	3	27	0	{5149,5149}	{18185,18187}
5586	1	1		1	3	38	0	{4914,4914,4914,104896,104896,104896}	{4896,18323,118480,104914,18323,118480}
5586	1	2		1	3	19	0	{18480,18480,18480,118323,118323,118323}	{4896,104914,18323,4896,104914,118480}
5782	1	1		1	3	25	0	{5304}	{5301}
5782	1	2		1	3	32	0	{5290,5290}	{5301,105304}
5773	1	1		1	3	22	0	{5282,5282,5282,105296,105296,105296}	{105285,5296,5298,105282,105285,5298}
5773	1	2		1	3	35	0	{5285,5285,5285,105298,105298,105298}	{105282,5296,5298,105282,105285,5296}
5716	1	1		1	3	38	0	{18387,18387,18387}	{5139,105267,5272}
5716	1	2		1	3	19	0	{5267,5267,105272,105272}	{5139,5272,5139,105267}
12261	1	1		1	3	38	0	{5139,5139,5139}	{16765,18604,118603}
12261	1	2		1	3	19	0	{18603,18603,118604,118604}	{16765,18604,16765,118603}
11642	1	1		1	3	35	0	{16996,16996}	{16146,18173}
11642	1	2		1	3	22	0	{18452,18452}	{16146,18173}
5717	1	1		1	3	38	0	{16146,16146}	{5202,5203}
5717	1	2		1	3	19	0	{5214,5214}	{5202,5203}
5752	1	1		1	3	38	0	{5202,5202}	{5212,105208}
5752	1	2		1	3	19	0	{105205,105205}	{5212,105208}
5741	1	1		1	3	38	0	{18446,18446}	{5187,5193}
5741	1	2		1	3	19	0	{5194,5194}	{5187,5193}
5464	1	1		1	3	38	0	{14995,14995}	{4617,5189}
5464	1	2		1	3	19	0	{5146,5146}	{4617,5189}
13081	1	1		1	3	38	0	{16274,16274,16274}	{18317,118318,18320}
13081	1	2		1	3	19	0	{18318,18318,118320,118320}	{18317,18320,18317,118318}
5465	1	1		1	3	41	0	{18317,18317,18317}	{4867,4897,104910}
5465	1	2		1	3	16	0	{4910,4910,104867,104867}	{4867,4897,4897,104910}
13088	1	1		1	3	35	0	{4897,4897,4897}	{18329,118330,18331}
13088	1	2		1	3	22	0	{18330,18330,118331,118331}	{18329,18331,18329,118330}
6349	1	1		1	3	76	0	{6232,106214}	{6214,106232}
6349	1	2		1	3	45	0	{106230,106230}	{6214,106232}
5189	1	1		0	3	60	0	{18490,18490,104299,104299}	{4299,115886,118490,115886}
5189	1	2		1	3	31	0	{104299,104299}	{118490,115886}
5189	1	3		0	0	29	0	{105215,105215,105215}	{4299,118490,115886}
5753	1	1		1	3	22	0	{18197,18197,105218,105218}	{5218,115584,118197,115584}
5753	1	2		1	3	35	0	{18194,18194,18194}	{5218,118197,115584}
13021	1	1		1	3	23	0	{18462,18462}	{18194,18334}
13021	1	2		1	3	34	0	{17621,17621}	{18194,18334}
12671	1	1		1	3	23	0	{117619,117619}	{105223,17621}
12671	1	2		1	3	34	0	{17730,17730}	{105223,17621}
10782	1	1		1	3	27	0	{5187,5187}	{14995,17618}
10782	1	2		1	3	30	0	{14996,14996}	{14995,17618}
10611	1	1		1	3	23	0	{5183,5183,14987,14987}	{14715,114987,105183,14715}
10611	1	2		1	3	34	0	{17616,17616,17616}	{105183,14715,114987}
13110	1	1		1	3	32	0	{18380,18380,118382,118382}	{18379,18382,18379,118380}
13110	1	2		1	3	92	0	{17614,17614,17614}	{18379,118380,18382}
5455	1	1		1	3	22	0	{104609,104609}	{5225,117619}
5455	1	2		1	3	35	0	{18333,18333,18333}	{4609,5225,117619}
5755	1	1		1	3	24	0	{5218,5218,114508,114508}	{5219,14508,105218,5219}
5755	1	2		1	3	33	0	{18205,18205,18205}	{105218,5219,14508}
5151	1	1		1	3	30	0	{4299,4299,106218,106218}	{4258,6218,4258,104299}
5151	1	2		1	3	52	0	{18221,18221,18221}	{4258,104299,6218}
5778	1	1		0	3	66	0	{105312,105312,105312,118556,118556,118556}	{105286,18554,18556,105286,5312,18554}
5778	1	2		1	3	8	0	{105312,105312,105312}	{105286,18554,18556}
5778	1	3		0	3	10	0	{118554,118554,118554}	{105286,5312,18556}
5778	1	4		1	3	25	0	{5286,5286,5286,118554,118554,118554}	{5312,18554,18556,105286,5312,18556}
5779	1	1		1	3	33	0	{16602,16602,16602,105305,105305,105305}	{105298,5305,5307,105298,5307,116602}
5779	1	2		1	3	24	0	{5298,5298,5298,105307,105307,105307}	{5305,5307,116602,105298,5305,116602}
5732	1	1		1	3	24	0	{18394,18394,18394}	{5153,105307,18165}
5732	1	2		1	3	33	0	{5307,5307,105153,105153}	{5153,18165,105307,18165}
5215	1	1		1	3	79	0	{5311,5311,105145,105145}	{5145,5310,5310,105311}
5215	1	2		1	3	13	0	{5311,5311}	{5145,5310}
5215	1	3		1	3	29	0	{18215,18215,18215}	{5145,5310,105311}
5711	1	1		1	3	37	0	{5303,5303,105138,105138}	{5136,5138,5136,105303}
5711	1	2		1	3	21	0	{5301,5301,5301}	{5136,5138,105303}
5712	1	1		1	3	38	0	{18178,18178}	{5241,18191}
5712	1	2		1	3	19	0	{5136,5136}	{5241,18191}
5727	1	1		1	3	34	0	{105242}	{5148}
5727	1	2		1	3	21	0	{5241}	{5148}
5574	1	1		1	3	52	0	{17736,17736,104901,104901}	{4865,4901,4865,117736}
5574	1	2		1	3	37	0	{104901,104901}	{4865,117736}
5574	1	3		1	3	32	0	{14692,14692,14692}	{4865,4901,117736}
5573	1	1		1	3	79	0	{16653,16653,104895,104895}	{4895,117735,116653,117735}
5573	1	2		1	3	79	0	{17735,17735}	{4895,116653}
12149	1	1		1	3	107	0	{16109,16109,116653,116653}	{16653,118338,116109,118338}
12149	1	2		1	3	12	0	{18338,18338}	{116109,16653}
6231	1	1		1	3	61	0	{5991,5991,106008,106008}	{6008,106009,105991,106009}
6231	1	2		0	0	42	0	{5991,5991}	{6008,106009}
6231	1	3		1	3	32	0	{6009,6009}	{105991,6008}
6230	1	1		1	3	14	0	{105991,105991,105991}	{5993,115590,118361}
6230	1	2		1	3	58	0	{18361,18361,18361,105991,105991,105991}	{5991,5993,115590,5993,115590,118361}
6230	1	3		0	4	16	0	{18361,18361,18361}	{5991,5993,115590}
6230	1	4		1	3	30	0	{15590,15590,15590,105993,105993,105993}	{5991,5993,118361,5991,115590,118361}
6167	1	1		1	3	85	0	{18538,18538,18538,105934,105934,105934}	{5934,6062,116564,6062,116564,118538}
6167	1	2		1	3	13	0	{106062,106062,16564,16564}	{5934,118538,5934,118538}
6167	1	3		1	3	12	0	{106062,106062,106062}	{5934,116564,118538}
6167	1	4		1	3	27	0	{106062,106062,106062,16564,16564,16564}	{5934,116564,118538,5934,6062,118538}
5197	1	1		1	3	18	0	{106255,106255,106255}	{4290,106168,116582}
5197	1	2		1	3	48	0	{6168,6168,6168,106255,106255,106255}	{4290,6255,116582,4290,106168,116582}
5197	1	3		1	3	10	0	{6168,6168,6168}	{4290,6255,116582}
5197	1	4		1	3	6	0	{16582,16582,104290,104290}	{106168,6255,106168,6255}
5197	1	5		1	3	28	0	{16582,16582,16582,104290,104290,104290}	{4290,106168,6255,106168,6255,116582}
5210	1	1		1	3	11	0	{106248,106248}	{118512,106254}
5210	1	2		1	3	74	0	{18512,18512,106248,106248}	{6248,106254,118512,106254}
5210	1	3		1	3	33	0	{104300,104300,104300}	{6248,118512,106254}
6354	1	1		1	3	80	0	{6248,6248,106252,106252}	{6252,6253,106248,6253}
6354	1	2		1	3	11	0	{6248,6248}	{6252,6253}
6354	1	3		1	3	27	0	{6249,6249,6249}	{106248,6252,6253}
6332	1	1		1	3	11	0	{18508,18508,18508}	{6194,6204,106247}
6332	1	2		1	3	61	0	{18508,18508,18508,106204,106204,106204}	{6194,6204,106247,6194,106247,118508}
6332	1	3		1	3	16	0	{106204,106204,106204}	{6194,106247,118508}
6332	1	4		1	3	26	0	{6247,6247,6247,106194,106194,106194}	{6194,6204,118508,6204,106247,118508}
13019	1	1		1	3	32	0	{18466,18466,118427}	{18427,18428,18428}
13019	1	2		1	3	40	0	{5225,5225}	{18427,18428}
12735	1	1		1	3	36	0	{18187,18187}	{17730,18189}
12735	1	2		1	3	36	0	{17620,17620}	{17730,18189}
13010	1	1		1	3	43	0	{18175,18175}	{18163,18183}
13010	1	2		1	3	29	0	{5148,5148}	{18163,18183}
13009	1	1		1	3	34	0	{5266,5266,118161,118161}	{18161,18164,105266,18164}
13009	1	2		1	3	38	0	{18162,18162,18162}	{105266,18161,18164}
5770	1	1		1	3	45	0	{105275,105275,105275}	{5267,116041,118161}
5770	1	2		1	3	28	0	{18161,18161,105267,105267}	{5267,116041,116041,118161}
5714	1	1		1	3	34	0	{105208,105208}	{118440,117729}
5714	1	2		1	3	34	0	{105209,105209}	{118440,117729}
5723	1	1		1	3	43	0	{105201,105201}	{5214,118172}
5723	1	2		1	3	29	0	{18163,18163}	{5214,118172}
13013	1	1		1	3	42	0	{118172,118172}	{105142,18176}
13013	1	2		1	3	30	0	{18173,18173}	{105142,18176}
12670	1	1		1	3	31	0	{117617,117617}	{17620,118430}
12670	1	2		1	3	35	0	{17618,17618}	{17620,118430}
5212	1	1		1	3	44	0	{4590,4590,4590,104914,104914,104914}	{4912,4914,116035,104590,4912,116035}
5212	1	2		1	3	28	0	{16035,16035,16035,104912,104912,104912}	{104590,4912,4914,104590,4914,116035}
5431	1	1		1	3	36	0	{18476,18476,18476,104590,104590,104590}	{4590,18310,118484,18310,118476,118484}
5431	1	2		1	3	35	0	{18484,18484,18484,118310,118310,118310}	{4590,18310,118476,4590,118476,118484}
5757	1	1		1	3	42	0	{18206,18206,105230,105230}	{5230,18205,18205,118206}
5757	1	2		1	3	30	0	{18500,18500,18500}	{5230,18205,118206}
11080	1	1		1	3	28	0	{118206,118206,118208,118208}	{18208,115585,18206,115585}
11080	1	2		1	3	44	0	{115584,115584,115584}	{18208,18206,115585}
13091	1	1		1	3	48	0	{15988,15988,118340,118340}	{18340,118341,115988,118341}
13091	1	2		1	3	24	0	{18341,18341}	{115988,18340}
5135	1	1		1	3	78	0	{18357,18357,18357,104905,104905,104905}	{4247,4905,118340,4247,118340,118357}
5135	1	2		1	3	12	0	{18340,18340,18340,104247,104247}	{4247,4905,118357,4905,118357}
5135	1	3		1	3	16	0	{104247,104247,104247,18340,18340,18340}	{4905,118340,118357,4247,4905,118357}
5581	1	1		1	3	45	0	{104871,104871,104871}	{118331,18332,104894}
5581	1	2		1	3	27	0	{18331,18331,118332,118332}	{18332,104894,118331,104894}
5544	1	1		1	3	35	0	{4901,4901,104868,104868}	{4868,104903,104901,104903}
5544	1	2		1	3	8	0	{4901,4901}	{4868,104903}
5544	1	3		1	3	25	0	{104869,104869,104869}	{4868,104901,104903}
5471	1	2		1	3	45	0	{18428,18428}	{5146,117617}
5471	1	1		1	3	27	0	{18568,18568,104624,104624}	{5146,117617,5146,117617}
6387	1	1		0	2	20	0	{106348,106348,15483,15483}	{115483,116673,6348,116673}
6387	1	2		0	2	28	0	{106348,106348}	{115483,116673}
6387	1	3		0	2	18	0	{106348,106348,15483,15483}	{115483,116673,6348,116673}
6387	1	4		0	2	32	0	{106346,106346,106346}	{6348,115483,116673}
6376	1	1		0	2	20	0	{14227,14227,6348,6348}	{6326,106348,114227,6326}
6376	1	2		0	2	28	0	{14092,14092,14092}	{114227,6326,106348}
6376	1	3		0	2	18	0	{6348,6348}	{114227,6326}
6376	1	4		0	2	32	0	{6348,6348}	{114227,6326}
5143	1	1		0	2	18	0	{6338,6338,106168,106168}	{6168,4252,106338,4252}
5143	1	2		0	2	30	0	{6335,6335,6335}	{6168,106338,4252}
5143	1	3		0	2	40	0	{6338,6338}	{6168,4252}
5684	1	1		0	2	45	0	{105319,105319,105319}	{5317,105321,116601}
5684	1	2		0	2	26	0	{105317,105317,16601,16601}	{105321,116601,5317,105321}
5684	1	3		0	2	29	0	{105317,105317}	{105321,116601}
5709	1	1		0	2	45	0	{5315,5315,5315}	{5287,5134,105318}
5709	1	2		0	2	26	0	{105287,105287,5318,5318}	{5134,105318,5287,5134}
5709	1	3		0	2	29	0	{5318,5318}	{5287,5134}
12672	1	1		0	2	29	0	{117623,117623}	{18162,17622}
12672	1	2		0	0	64	0	{17624,17624}	{18162,17622}
12672	1	3		0	2	2	0	{117623,117623}	{18162,17622}
5761	1	1		0	2	30	0	{105268,105268}	{5247,105253}
5761	1	2		0	2	64	0	{17622,17622}	{5247,105253}
5761	1	3		0	2	1	0	{}	{}
5676	1	1		0	2	31	0	{105253,105253}	{114724,114720}
5676	1	2		0	2	23	0	{105253,105253,14720}	{114724,114720,114724}
5676	1	3		0	2	41	0	{105254,105254}	{114724,114720}
5205	1	1		0	2	67	0	{106338,106338}	{106339,106334}
5205	1	2		0	2	19	0	{104294,104294,104294}	{6338,106339,106334}
5205	1	3		0	0	30	0	{6334,6334}	{6338,106339}
5691	1	1		0	2	40	0	{105135,105135,105135}	{5318,105319,114722}
5691	1	2		0	2	55	0	{105318,105318,14722,14722}	{105319,114722,5318,105319}
5691	1	3		0	2	5	0	{105135,105135,105135}	{5318,105319,114722}
13061	1	1		1	3	58	0	{18270,18270,18270,118271,118271,118271}	{18269,18271,106218,18269,118270,106218}
13061	1	2		1	3	24	0	{118269,118269,118269,6218,6218,6218}	{118270,18271,106218,18269,118270,18271}
11081	1	1		1	3	28	0	{118201}	{115586}
11081	1	2		1	3	44	0	{115585,115585}	{18201,115586}
5654	1	1		1	3	38	0	{5073,5073,5073,105200,105200,105200}	{5062,105150,5200,5062,105073,105150}
5654	1	2		1	3	34	0	{5150,5150,5150,105062,105062,105062}	{5062,105073,5200,105073,105150,5200}
5659	1	1		0	2	75	0	{5064,5064,5064}	{5073,5129,105125}
5659	1	2		0	2	45	0	{5125,5125,105073,105073}	{5073,5129,5129,105125}
5746	1	1		1	3	42	0	{105179,5177}	{105177,5179}
5746	1	2		1	3	30	0	{18377,18377}	{105177,5179}
5452	1	1		1	3	30	0	{5179,5179,104607,104607}	{4607,17614,105179,17614}
5452	1	2		1	3	42	0	{17613,17613,17613}	{4607,105179,17614}
5453	1	1		1	3	30	0	{4607,4607,104888,104888}	{4888,4787,104607,4787}
5453	1	2		1	3	42	0	{18381,18381,18381}	{104607,4888,4787}
5583	1	1		1	3	42	0	{4888,4888,104887,104887}	{104885,4887,104885,104888}
5583	1	2		1	3	30	0	{4885,4885}	{4887,104888}
5748	1	1		1	3	48	0	{105185,105185}	{5186,105181}
5748	1	2		1	3	24	0	{5193,5193}	{5186,105181}
5749	1	1		1	3	41	0	{105188,105188}	{14996,118448}
5749	1	2		1	3	31	0	{14715,14715}	{14996,118448}
5454	1	1		1	3	47	0	{104611,104611}	{105188,4608}
5454	1	2		1	3	25	0	{18470,18470}	{105188,4608}
13082	1	1		1	3	48	0	{118319,118319,118319}	{118320,18321,104891}
13082	1	2		1	3	24	0	{18320,18320,118321,118321}	{18321,104891,118320,104891}
5739	1	1		1	3	48	0	{105171,105171}	{105205,118438}
5739	1	2		1	3	25	0	{105167,105167}	{105205,118438}
5731	1	1		1	3	48	0	{105204,105204}	{5174,114461}
5731	1	2		1	3	25	0	{18442,18442}	{5174,114461}
10461	1	1		1	3	48	0	{114461,114461}	{16996,105152}
10461	1	2		1	3	25	0	{14462,14462}	{16996,105152}
5764	1	1		1	3	48	0	{105270,105270,105270}	{5250,105274,118385}
5764	1	2		1	3	25	0	{5274,5274,105250,105250}	{5250,118385,105274,118385}
5570	1	1		1	3	25	0	{104861,104861,425133,425133}	{104871,425132,104871,4861}
5570	1	2		1	3	47	0	{104903,104903,104903}	{104871,4861,425132}
5458	1	1		0	0	12	0	{104891,104891,104891}	{104611,18308,118307}
5458	1	2		0	0	6	0	{18307,18307,118308,118308}	{104611,18308,104611,118307}
5472	1	1		0	0	12	0	{104906,104906}	{104624,18306}
5472	1	2		0	0	6	0	{104906,104906}	{104624,18306}
5756	1	1		1	5	19	0	{18474,18474,118335}	{18335,18333,18333}
5756	1	2		1	5	44	0	{18474,18474}	{18335,18333}
13065	1	1		1	4	12	0	{118287,118287,118287}	{106011,118288,18289}
13065	1	2		1	4	60	0	{118287,118287,118287,6011,6011,6011}	{106011,118288,18289,118288,18289,18287}
13065	1	3		1	4	12	0	{6011,6011,6011}	{118288,18289,18287}
13065	1	4		1	4	26	0	{118289,118289,118289,18288,18288,18288}	{106011,118288,18287,106011,18289,18287}
13500	1	1		1	5	17	0	{}	{}
13500	1	2		0	6	8	0	{118601,118601}	{118600,4879}
13500	1	3		0	5	52	0	{104879,104879,18600,18600}	{18601,118600,18601,4879}
11791	1	1		0	7	27	0	{116295}	{425152}
11791	1	2		0	7	13	0	{116295}	{425152}
11791	1	3		0	7	39	0	{}	{}
11791	1	4		0	7	23	0	{}	{}
11031	1	1		1	3	26	6	{18392,18392,18392}	{15487,105250,115488}
11031	1	2		1	3	26	6	{5250,5250,115487,115487}	{15487,115488,105250,115488}
5577	1	1		0	0	100	0	{4868,4868,104878,104878,18602,18601}	{4878,118602,104868,118601,4878,104868}
5657	1	1		0	2	45	0	{16055,16055,105125,105125}	{5125,105063,116055,105063}
5657	1	2		0	2	75	0	{425140,425140,425140}	{5125,116055,105063}
5674	1	1		0	2	2	0	{105326,105326}	{5327,105331}
5674	1	2		0	2	14	0	{105327}	{105331}
5674	1	3		0	2	14	0	{105327}	{105331}
5674	1	4		0	2	50	0	{105326,105326}	{5327,105331}
5674	1	5		0	2	7	0	{105326,105326}	{5327,105331}
5780	1	1		0	2	2	0	{18556,18556,5327,5327}	{5330,105327,118556,5330}
5780	1	2		0	2	14	0	{18556,18556,5327,5327}	{5330,105327,118556,5330}
5780	1	3		0	2	14	0	{5328,5328,5328}	{118556,5330,105327}
5780	1	4		0	2	50	0	{5328,5328,5328}	{118556,5330,105327}
5780	1	5		0	2	7	0	{5327,5327}	{118556,5330}
5767	1	1		0	2	65	0	{107417,107417,107417,107421,107421,107421}	{114494,14493,105254,114494,14493,105254}
5767	1	2		0	2	45	0	{114493,114493,14494,14494}	{114494,105254,14493,105254}
5762	1	1		0	2	65	0	{5247,5247,5247,5247}	{14492,12086,114493,7424}
5762	1	2		0	2	45	0	{14493,14493,14493}	{14492,12086,7424}
5718	1	1		2	4	36	0	{105220,105220,105220}	{5140,105235,118458}
5718	1	2		2	4	42	0	{105140,105140,18458,18458}	{105235,118458,5140,105235}
5719	1	1		2	4	29	0	{105162,105162,105162}	{105209,5210,115885}
5719	1	2		2	4	39	0	{15885,15885,105210,105210}	{105209,5210,105209,115885}
5719	1	3		1	4	5	0	{15885,15885}	{105209,5210}
5742	1	1		2	4	30	0	{105181,105181,105181}	{105166,5190,105171}
5742	1	2		2	4	4	0	{5166,5166}	{5190,105171}
5742	1	3		2	4	38	0	{5166,5166,105190,105190}	{5190,105171,105166,105171}
5758	1	1		2	4	5	0	{105239,5233,5233}	{105233,5239,5240}
5758	1	2		2	4	25	0	{105240,105240,5233,5233}	{105233,5239,5239,5240}
5758	1	3		2	4	25	0	{105239}	{105233}
5758	1	4		2	4	11	0	{105239,105239}	{105233,5240}
5772	1	1		0	2	53	0	{5314,5314,5314}	{105317,5282,5315}
5772	1	2		0	2	37	0	{5317,5317}	{5282,5315}
5772	1	3		0	2	34	0	{105282,105282,5317}	{105317,5315,5282}
10777	1	1		1	3	74	0	{14986,14986,114987,114987}	{14987,114984,114986,114984}
10777	1	2		1	3	38	0	{4608,4608,4608}	{114986,14987,114984}
13111	1	1		2	4	35	0	{118383,118383,18382,18382}	{118382,18381,18383,18381}
13111	1	2		4	0	0	0	{}	{}
13111	1	3		2	4	29	0	{104883,104883,104883}	{118382,18383,18381}
12669	1	1		2	4	29	0	{17615,17615}	{17616,18436}
12669	1	2		2	4	39	0	{18379,18379}	{17616,18436}
10488	1	1		1	3	29	0	{14517,14517}	{14511,18432}
10488	1	2		1	3	53	0	{5172,5172}	{14511,18432}
11381	1	1		2	4	40	0	{18184,18184,18184}	{105140,15885,18186}
11381	1	2		0	4	9	0	{115885,115885,5140}	{105140,18186,15885}
11381	1	3		2	4	25	0	{115885,5140,5140}	{105140,15885,18186}
10491	1	1		2	4	40	0	{5173,114516}	{14516,105173}
10491	1	2		0	0	11	0	{5173,5173,114516,114516}	{14516,14517,105173,14517}
10491	1	3		2	4	27	0	{14518,14518,14518}	{105173,14516,14517}
5743	1	1		1	3	36	0	{5170,5170}	{5178,118373}
5743	1	2		0	3	5	0	{105178,105178}	{105170,118373}
5743	1	3		1	3	28	0	{105178}	{105170}
10460	1	1		0	3	32	0	{5197,5197}	{14459,14460}
10460	1	2		0	3	5	0	{114459,114459}	{105197,14460}
10460	1	3		1	3	33	0	{114459}	{105197}
5685	1	1		0	4	5	0	{105084,105084,105084,18375,18375,18375}	{5177,105178,118375,5084,5177,105178}
5685	1	2		2	4	24	0	{105084,18375}	{118375,5084}
5685	1	3		2	4	5	0	{105177,105177,105177}	{5084,105178,118375}
5685	1	4		2	4	22	0	{105177,105177,5178,5178,5178}	{5084,105178,5084,5177,118375}
5685	1	5		2	4	6	0	{105084,5178,5178,5178}	{105178,5084,5177,118375}
5750	1	1		2	4	29	0	{105191,105191,105191,114456,114456,114456}	{105190,14456,5192,105190,5191,5192}
5750	1	2		0	0	10	0	{5190,5190,5190,105192,105192,105192}	{5191,14456,5192,105190,5191,14456}
5750	1	3		2	4	39	0	{5190,5190,105192,105192}	{5191,5192,105190,14456}
5740	1	1		2	4	39	0	{18444,18444,18444}	{5165,5166,105210}
5740	1	2		1	4	13	0	{105166,105166}	{5165,105210}
5740	1	3		0	0	10	0	{5210,5210,105166}	{5165,5166,105210}
5740	1	4		2	4	11	0	{5210,5210,105166,105166}	{5165,5166,5165,105210}
5759	1	1		0	0	10	0	{105236,5239,5239}	{105239,5236,18193}
5759	1	2		2	4	27	0	{105236,105236,5239,5239}	{105239,18193,5236,18193}
5759	1	3		2	4	4	0	{105236,105236}	{105239,18193}
5759	1	4		2	4	31	0	{18192,18192,18192}	{5236,105239,18193}
5414	1	1		1	3	36	0	{14515,14515}	{14514,104883}
5414	1	2		1	3	46	0	{114984,114984}	{14514,104883}
5722	1	1		1	3	47	0	{105142,105142,105142}	{18181,118450,118604}
5722	1	2		1	3	25	0	{118181,118181,18604,18604}	{118450,118604,18181,118450}
5730	1	1		1	3	48	0	{105152,105152,105152}	{115489,18603,118454}
5730	1	2		1	3	25	0	{15489,15489,118603,118603}	{18603,118454,115489,118454}
13075	1	1		0	0	12	0	{4617,4617,4617}	{18305,118306,18307}
13075	1	2		0	0	6	0	{118307,118307,18306,18306}	{18305,118306,18305,18307}
10601	1	1		1	3	35	0	{18329,18329}	{14692,425133}
10601	1	2		1	3	22	0	{425132}	{14692}
13118	1	1		0	7	27	0	{425152,425152,118411,118411}	{18411,18409,18409,425151}
13118	1	2		0	7	13	0	{425153,425153,425153}	{18411,18409,425151}
13118	1	3		0	7	39	0	{425153,425153,425153}	{18411,18409,425151}
13118	1	4		0	7	23	0	{425152,425152}	{18411,18409}
5754	1	1		1	3	38	0	{5240}	{5217}
5754	1	2		1	3	44	0	{105217}	{105240}
13106	1	1		1	3	19	0	{5198,5198}	{18371,18567}
13106	1	2		1	3	21	0	{118374,118374}	{18371,18567}
5744	1	1		1	3	47	0	{14459,105170}	{5170,114459}
5744	1	2		1	3	25	0	{18371,18371}	{5170,114459}
13108	1	1		0	4	9	0	{118375,118375,118375,5180,5180,5180}	{118376,18378,105180,18375,118376,18378}
13108	1	2		2	4	35	0	{118375,5180}	{105180,18375}
13108	1	3		4	0	0	0	{}	{}
13108	1	4		2	4	26	0	{118378,118378,118378}	{18375,118376,105180}
13107	1	1		1	3	49	0	{118376,118376}	{118374,114512}
13107	1	2		1	3	33	0	{118373,118373}	{118374,114512}
12282	1	1		1	3	46	0	{18193,18193}	{18195,16877}
12282	1	2		1	3	36	0	{}	{}
