4417	6	1.0	902424	2421	2122	2215	1510	1019010
4751	4	1.0	902424	2413	1312	1219012
5037	3	1.0	902424	2413	1319013
4659	5	1.0	902424	2421	2122	2215	1519015
4555	3	1.0	902424	2421	2119021
4719	4	1.0	902424	2421	2122	2219022
4909	3	1.0	902424	2423	2319023
4361	7	1.0	902424	2421	2120	2018	187	78	819008
4779	3	1.0	90011	12	219002
4975	3	1.0	90011	13	319003
4631	4	1.0	90011	13	34	419004
4803	4	1.0	90011	12	26	619006
4861	6	1.0	90011	12	26	68	87	719007
4433	5	1.0	90011	12	26	68	819008
4603	6	1.0	90011	13	34	45	59	919009
4359	7	1.0	90011	13	34	45	59	910	1019010
4725	5	0.5714285714285714	90011	13	34	411	1119011
5873	5	0.42857142857142855	90011	13	312	1211	1119011
5059	4	1.0	90011	13	312	1219012
4929	5	1.0	90011	13	312	1213	1319013
4843	6	1.0	90011	13	34	411	1114	1419014
4857	7	0.6666666666666666	90011	13	34	411	1114	1415	1519015
5947	7	0.3333333333333333	90011	13	312	1211	1114	1415	1519015
4769	6	1.0	90011	12	26	68	816	1619016
4863	7	1.0	90011	12	26	68	816	1617	1719017
4957	7	1.0	90011	12	26	68	87	718	1819018
5597	8	1.0	90011	12	26	68	816	1617	1719	1919019
4721	8	1.0	90011	12	26	68	87	718	1820	2019020
5101	7	1.0	90011	13	312	1213	1324	2421	2119021
5057	8	1.0	90011	13	312	1213	1324	2421	2122	2219022
4695	7	1.0	90011	13	312	1213	1324	2423	2319023
5099	6	1.0	90011	13	312	1213	1324	2419024
5177	3	1.0	90022	21	119001
5155	5	1.0	90022	26	65	54	419004
5157	3	1.0	90022	26	619006
4849	5	1.0	90022	26	68	87	719007
4893	4	1.0	90022	26	68	819008
5536	5	1.0	90022	26	65	59	919009
4553	6	1.0	90022	26	68	816	1610	1019010
5193	6	1.0	90022	26	65	54	411	1119011
4491	5	1.0	90022	21	13	312	1219012
5053	6	1.0	90022	21	13	312	1213	1319013
4639	7	1.0	90022	26	65	54	411	1114	1419014
4681	8	1.0	90022	26	68	816	1617	1719	1915	1519015
5009	5	1.0	90022	26	68	816	1619016
4655	6	1.0	90022	26	68	816	1617	1719017
5203	7	1.0	90022	26	68	816	1617	1719	1919019
4787	7	1.0	90022	26	68	87	718	1820	2019020
5083	8	1.0	90022	26	68	87	718	1820	2022	2219022
5171	3	1.0	90033	31	119001
5651	3	1.0	90033	34	419004
5582	5	1.0	90033	34	45	56	619006
5161	7	1.0	90033	34	45	56	68	87	719007
5013	6	1.0	90033	34	45	56	68	819008
4653	5	1.0	90033	34	45	59	919009
5129	6	1.0	90033	34	45	59	910	1019010
5007	4	0.6666666666666666	90033	312	1211	1119011
6031	4	0.3333333333333333	90033	34	411	1119011
4847	3	1.0	90033	312	1219012
4535	4	1.0	90033	312	1213	1319013
6071	5	1.0	90033	34	411	1114	1419014
5661	6	1.0	90033	34	411	1114	1415	1519015
4443	7	1.0	90033	34	45	56	68	816	1619016
5153	8	1.0	90033	34	45	56	68	816	1617	1719017
4981	7	1.0	90033	312	1213	1324	2421	2122	2219022
5159	6	1.0	90033	312	1213	1324	2423	2319023
4629	4	1.0	90044	43	31	119001
5195	5	1.0	90044	45	56	62	219002
4951	3	1.0	90044	43	319003
4675	4	1.0	90044	45	56	619006
4821	6	1.0	90044	45	56	68	87	719007
4431	5	1.0	90044	45	56	68	819008
4985	4	1.0	90044	45	59	919009
4389	5	1.0	90044	45	59	910	1019010
4545	3	1.0	90044	411	1119011
4607	4	1.0	90044	43	312	1219012
4475	5	1.0	90044	43	312	1213	1319013
4357	4	1.0	90044	411	1114	1419014
4665	5	1.0	90044	411	1114	1415	1519015
4865	6	1.0	90044	45	56	68	816	1619016
5029	7	1.0	90044	45	56	68	816	1617	1719017
4745	8	1.0	90044	45	56	68	816	1617	1719	1919019
4867	8	1.0	90044	45	56	68	87	718	1820	2019020
5077	7	1.0	90044	43	312	1213	1324	2421	2119021
4679	6	0.8333333333333334	90044	411	1114	1423	2322	2219022
5846	6	0.16666666666666666	90044	411	1114	1415	1522	2219022
5119	5	1.0	90044	411	1114	1423	2319023
5055	6	1.0	90044	43	312	1213	1324	2419024
4499	4	1.0	90055	59	910	1019010
4457	5	1.0	90055	54	411	1114	1419014
4921	7	1.0	90055	59	910	1015	1522	2221	2119021
5205	4	1.0	90066	62	21	119001
4337	3	1.0	90066	62	219002
5452	5	1.0	90066	65	54	43	319003
4917	4	1.0	90066	65	54	419004
4573	4	1.0	90066	68	87	719007
4333	3	1.0	90066	68	819008
4837	4	1.0	90066	65	59	919009
4967	5	1.0	90066	68	816	1610	1019010
4877	5	1.0	90066	65	54	411	1119011
5063	6	1.0	90066	65	54	43	312	1219012
4887	7	1.0	90066	65	54	43	312	1213	1319013
5183	6	1.0	90066	65	54	411	1114	1419014
5163	7	1.0	90066	68	816	1617	1719	1915	1519015
4945	4	1.0	90066	68	816	1619016
4507	5	1.0	90066	68	816	1617	1719017
5167	6	1.0	90066	68	816	1617	1719	1919019
5191	6	1.0	90066	68	87	718	1820	2019020
5297	7	1.0	90066	68	87	718	1820	2021	2119021
5179	7	1.0	90066	68	87	718	1820	2022	2219022
6395	7	0.5	90066	65	54	411	1114	1423	2319023
4355	8	0.5	90066	68	87	718	1820	2022	2223	2319023
4919	8	1.0	90066	68	87	718	1820	2021	2124	2419024
4781	6	1.0	90077	78	86	62	21	119001
4839	5	1.0	90077	78	86	62	219002
4729	6	1.0	90077	78	86	65	54	419004
4811	4	1.0	90077	78	86	619006
4565	3	1.0	90077	78	819008
4731	6	1.0	90077	718	1816	1610	109	919009
4529	5	1.0	90077	718	1816	1610	1019010
5151	6	1.0	90077	718	1816	1610	1011	1119011
5103	8	1.0	90077	78	86	65	54	43	312	1219012
4881	7	1.0	90077	718	1820	2021	2124	2413	1319013
7380	7	0.3333333333333333	90077	718	1820	2019	1915	1514	1419014
4441	8	0.6666666666666666	90077	718	1816	1617	1719	1915	1514	1419014
4965	7	1.0	90077	718	1816	1617	1719	1915	1519015
4593	4	1.0	90077	718	1816	1619016
4427	5	1.0	90077	718	1816	1617	1719017
5095	6	1.0	90077	718	1816	1617	1719	1919019
4405	4	1.0	90077	718	1820	2019020
4505	5	1.0	90077	718	1820	2021	2119021
5073	5	1.0	90077	718	1820	2022	2219022
4891	6	1.0	90077	718	1820	2022	2223	2319023
4829	5	1.0	90088	86	62	21	119001
4895	4	1.0	90088	86	62	219002
5149	6	1.0	90088	86	65	54	43	319003
5181	5	1.0	90088	86	65	54	419004
4615	4	1.0	90088	86	65	519005
4403	3	1.0	90088	86	619006
4421	3	1.0	90088	87	719007
4797	3	1.0	90088	89	919009
4385	4	1.0	90088	816	1610	1019010
4677	5	1.0	90088	816	1610	1011	1119011
5003	7	1.0	90088	86	65	54	43	312	1219012
4931	8	1.0	90088	86	65	54	43	312	1213	1319013
5115	7	1.0	90088	816	1617	1719	1915	1514	1419014
4543	6	1.0	90088	816	1617	1719	1915	1519015
4471	3	1.0	90088	816	1619016
4663	4	1.0	90088	816	1617	1719017
4923	5	1.0	90088	816	1617	1719	1919019
4637	5	1.0	90088	87	718	1820	2019020
4601	6	1.0	90088	87	718	1820	2021	2119021
4517	6	1.0	90088	87	718	1820	2022	2219022
4771	7	1.0	90088	87	718	1820	2022	2223	2319023
5071	7	1.0	90088	87	718	1820	2021	2124	2419024
4885	6	1.0	90099	95	54	43	31	119001
4785	5	1.0	90099	95	56	62	219002
5049	5	1.0	90099	95	54	43	319003
4463	4	1.0	90099	95	54	419004
4387	4	1.0	90099	95	56	619006
6571	4	0.25	90099	98	87	719007
4841	6	0.75	90099	910	1016	1618	187	719007
4889	3	1.0	90099	98	819008
4375	3	1.0	90099	910	1019010
4685	4	1.0	90099	910	1011	1119011
4455	5	1.0	90099	910	1011	1112	1219012
4743	6	1.0	90099	910	1011	1112	1213	1319013
4587	5	1.0	90099	910	1011	1114	1419014
4669	4	1.0	90099	910	1015	1519015
4671	4	1.0	90099	910	1016	1619016
4539	5	1.0	90099	910	1016	1617	1719017
6840	5	0.2	90099	910	1015	1519	1919019
4777	6	0.8	90099	910	1016	1617	1719	1919019
5117	6	1.0	90099	910	1016	1618	1820	2019020
5197	6	1.0	90099	910	1015	1522	2221	2119021
4611	5	1.0	90099	910	1015	1522	2219022
5081	6	0.5	90099	910	1011	1114	1423	2319023
6073	6	0.5	90099	910	1015	1522	2223	2319023
5097	7	1.0	90099	910	1015	1522	2221	2124	2419024
4621	7	1.0	901010	109	95	54	43	31	119001
4741	6	0.7142857142857143	901010	1016	168	86	62	219002
6559	6	0.2857142857142857	901010	109	95	56	62	219002
4905	6	1.0	901010	109	95	54	43	319003
4377	5	1.0	901010	109	95	54	419004
4401	4	1.0	901010	109	95	519005
5169	5	0.5	901010	1016	168	86	619006
6421	5	0.5	901010	109	95	56	619006
4501	5	1.0	901010	1016	1618	187	719007
4559	4	1.0	901010	1016	168	819008
4591	3	1.0	901010	109	919009
4381	3	1.0	901010	1011	1119011
4767	4	1.0	901010	1011	1112	1219012
4701	5	1.0	901010	1011	1112	1213	1319013
4379	4	1.0	901010	1011	1114	1419014
4503	3	1.0	901010	1015	1519015
4715	3	1.0	901010	1016	1619016
6240	3	0.14705882352941177	901010	1017	1719017
4483	4	0.8529411764705882	901010	1016	1617	1719017
6196	4	0.1111111111111111	901010	1017	1719	1919019
7111	4	0.2777777777777778	901010	1015	1519	1919019
4393	5	0.6111111111111112	901010	1016	1617	1719	1919019
4783	5	1.0	901010	1016	1618	1820	2019020
4415	5	1.0	901010	1015	1522	2221	2119021
4373	4	1.0	901010	1015	1522	2219022
4759	5	0.6875	901010	1015	1522	2223	2319023
5893	5	0.3125	901010	1011	1114	1423	2319023
4819	6	1.0	901010	1015	1522	2221	2124	2419024
5089	5	0.8333333333333334	901111	114	43	31	119001
8776	5	0.16666666666666666	901111	1112	123	31	119001
4397	6	1.0	901111	114	45	56	62	219002
5069	4	1.0	901111	114	43	319003
4971	3	1.0	901111	114	419004
5067	5	1.0	901111	114	45	56	619006
4827	6	1.0	901111	1110	1016	1618	187	719007
4691	5	0.5	901111	1110	1016	168	819008
5854	6	0.5	901111	114	45	56	68	819008
4609	4	1.0	901111	1110	109	919009
4447	3	1.0	901111	1110	1019010
4453	3	1.0	901111	1112	1219012
4795	4	1.0	901111	1112	1213	1319013
4371	3	1.0	901111	1114	1419014
4995	4	1.0	901111	1114	1415	1519015
4813	4	1.0	901111	1110	1016	1619016
4537	5	1.0	901111	1110	1016	1617	1719017
4869	5	1.0	901111	1114	1415	1519	1919019
5041	6	0.625	901111	1114	1415	1519	1920	2019020
6051	6	0.25	901111	1110	1016	1618	1820	2019020
6215	6	0.125	901111	1114	1415	1522	2220	2019020
5143	6	1.0	901111	1114	1423	2324	2421	2119021
4883	5	0.8333333333333334	901111	1114	1415	1522	2219022
7324	5	0.16666666666666666	901111	1114	1423	2322	2219022
4793	4	1.0	901111	1114	1423	2319023
4413	5	1.0	901111	1114	1423	2324	2419024
4765	4	1.0	901212	123	31	119001
4445	5	1.0	901212	123	31	12	219002
5413	3	1.0	901212	123	319003
4871	4	1.0	901212	123	34	419004
4661	5	1.0	901212	123	34	45	519005
5105	6	1.0	901212	123	34	45	56	619006
5201	8	1.0	901212	123	34	45	56	68	87	719007
4993	7	1.0	901212	123	34	45	56	68	819008
4939	5	1.0	901212	1211	1110	109	919009
4341	4	1.0	901212	1211	1110	1019010
4649	3	1.0	901212	1211	1119011
4425	3	1.0	901212	1213	1319013
4845	4	1.0	901212	1211	1114	1419014
4713	5	0.75	901212	1211	1114	1415	1519015
6806	7	0.25	901212	1213	1324	2421	2122	2215	1519015
5135	5	1.0	901212	1211	1110	1016	1619016
5994	5	0.5	901212	1211	1110	1017	1719017
4943	6	0.5	901212	1211	1110	1016	1617	1719017
4563	6	0.5	901212	1211	1110	1016	1618	1819018
5782	7	0.5	901212	1213	1324	2421	2120	2018	1819018
4987	6	0.5	901212	1211	1114	1415	1519	1919019
6948	8	0.5	901212	1213	1324	2421	2122	2215	1519	1919019
5039	6	1.0	901212	1213	1324	2421	2120	2019020
5145	5	1.0	901212	1213	1324	2421	2119021
4525	6	1.0	901212	1213	1324	2421	2122	2219022
4567	5	1.0	901212	1213	1324	2423	2319023
5199	4	1.0	901212	1213	1324	2419024
4925	5	1.0	901313	1312	123	31	119001
4423	6	1.0	901313	1312	123	31	12	219002
5187	4	1.0	901313	1312	123	319003
4991	5	1.0	901313	1312	123	34	419004
5011	7	1.0	901313	1312	123	34	45	56	619006
4949	7	1.0	901313	1324	2421	2120	2018	187	719007
4953	8	1.0	901313	1312	123	34	45	56	68	819008
4853	6	1.0	901313	1312	1211	1110	109	919009
4835	5	1.0	901313	1312	1211	1110	1019010
4351	4	1.0	901313	1312	1211	1119011
4581	3	1.0	901313	1312	1219012
4579	5	1.0	901313	1324	2423	2314	1419014
5047	6	1.0	901313	1324	2421	2122	2215	1519015
4673	6	0.75	901313	1312	1211	1110	1016	1619016
5842	7	0.25	901313	1324	2421	2120	2018	1816	1619016
5920	6	0.25	901313	1312	1211	1110	1017	1719017
4809	8	0.75	901313	1324	2421	2122	2215	1519	1917	1719017
5173	7	1.0	901313	1324	2421	2122	2215	1519	1919019
4697	5	1.0	901313	1324	2421	2120	2019020
4613	4	1.0	901313	1324	2421	2119021
4915	5	1.0	901313	1324	2421	2122	2219022
4335	4	1.0	901313	1324	2423	2319023
4645	3	1.0	901313	1324	2419024
5141	6	0.5	901414	1411	1112	123	31	119001
6109	6	0.5	901414	1411	114	43	31	119001
5189	7	1.0	901414	1411	114	45	56	62	219002
4739	5	1.0	901414	1411	1112	123	319003
4913	4	1.0	901414	1411	114	419004
5065	6	1.0	901414	1411	114	45	56	619006
6040	7	0.6666666666666666	901414	1423	2322	2220	2018	187	719007
5023	8	0.3333333333333333	901414	1415	1519	1917	1716	1618	187	719007
4989	7	0.5	901414	1415	1519	1917	1716	168	819008
6020	7	0.5	901414	1411	114	45	56	68	819008
4439	5	1.0	901414	1411	1110	109	919009
4391	4	1.0	901414	1411	1110	1019010
4807	3	1.0	901414	1411	1119011
4817	4	1.0	901414	1411	1112	1219012
4937	5	1.0	901414	1423	2324	2413	1319013
4343	3	1.0	901414	1415	1519015
5766	5	0.5454545454545454	901414	1411	1110	1016	1619016
4533	6	0.45454545454545453	901414	1415	1519	1917	1716	1619016
4481	5	0.75	901414	1415	1519	1917	1719017
5738	5	0.25	901414	1411	1110	1017	1719017
5021	4	1.0	901414	1415	1519	1919019
4395	5	0.875	901414	1415	1519	1920	2019020
5690	5	0.125	901414	1423	2322	2220	2019020
5127	5	1.0	901414	1423	2324	2421	2119021
4801	4	0.6923076923076923	901414	1415	1522	2219022
5915	4	0.3076923076923077	901414	1423	2322	2219022
4643	3	1.0	901414	1423	2319023
4399	4	1.0	901414	1423	2324	2419024
5175	7	0.3333333333333333	901515	1514	1411	1112	123	31	119001
6129	7	0.6666666666666666	901515	1514	1411	114	43	31	119001
6441	7	0.5	901515	1510	109	95	56	62	219002
5147	8	0.5	901515	1519	1917	1716	168	86	62	219002
6415	6	1.0	901515	1514	1411	114	43	319003
5005	5	1.0	901515	1514	1411	114	419004
6568	6	0.3333333333333333	901515	1510	109	95	56	619006
5137	7	0.6666666666666666	901515	1519	1917	1716	168	86	619006
6970	6	0.8	901515	1519	1920	2018	187	719007
5027	7	0.2	901515	1519	1917	1716	1618	187	719007
6025	5	0.16666666666666666	901515	1510	1016	168	819008
4997	6	0.5	901515	1519	1917	1716	168	819008
6424	7	0.16666666666666666	901515	1522	2220	2018	187	78	819008
8215	7	0.16666666666666666	901515	1519	1920	2018	187	78	819008
4667	4	1.0	901515	1510	109	919009
4633	3	1.0	901515	1510	1019010
4589	4	1.0	901515	1514	1411	1119011
4577	5	1.0	901515	1514	1411	1112	1219012
5085	6	1.0	901515	1522	2221	2124	2413	1319013
4469	3	1.0	901515	1514	1419014
5787	4	0.4375	901515	1510	1016	1619016
4571	5	0.5625	901515	1519	1917	1716	1619016
4411	4	0.9	901515	1519	1917	1719017
6485	4	0.1	901515	1510	1017	1719017
5852	5	0.1	901515	1522	2220	2018	1819018
6793	5	0.7	901515	1519	1920	2018	1819018
4689	6	0.2	901515	1519	1917	1716	1618	1819018
4419	3	1.0	901515	1519	1919019
4461	4	0.6923076923076923	901515	1519	1920	2019020
5726	4	0.3076923076923077	901515	1522	2220	2019020
4815	4	1.0	901515	1522	2221	2119021
4557	3	1.0	901515	1522	2219022
4527	4	1.0	901515	1522	2223	2319023
5033	5	1.0	901515	1522	2221	2124	2419024
5131	6	1.0	901616	168	86	62	21	119001
4541	5	1.0	901616	168	86	62	219002
5185	7	1.0	901616	168	86	65	54	43	319003
4711	6	1.0	901616	168	86	65	54	419004
4761	4	1.0	901616	168	86	619006
4487	4	1.0	901616	1618	187	719007
4693	3	1.0	901616	168	819008
4489	4	1.0	901616	1610	109	919009
4509	3	1.0	901616	1610	1019010
4467	4	1.0	901616	1610	1011	1119011
4585	5	1.0	901616	1610	1011	1112	1219012
5035	6	1.0	901616	1610	1011	1112	1213	1319013
7426	5	0.3333333333333333	901616	1610	1011	1114	1419014
4683	6	0.6666666666666666	901616	1617	1719	1915	1514	1419014
4733	5	1.0	901616	1617	1719	1915	1519015
4409	3	1.0	901616	1617	1719017
4911	3	1.0	901616	1618	1819018
4875	4	1.0	901616	1617	1719	1919019
4477	4	1.0	901616	1618	1820	2019020
4569	7	1.0	901616	1617	1719	1915	1522	2221	2119021
5017	6	1.0	901616	1617	1719	1915	1522	2219022
4963	7	1.0	901616	1617	1719	1915	1522	2223	2319023
4575	7	1.0	901717	1716	168	86	62	21	119001
4599	6	1.0	901717	1716	168	86	62	219002
4619	8	1.0	901717	1716	168	86	65	54	43	319003
4703	7	1.0	901717	1716	168	86	65	54	419004
5109	5	1.0	901717	1716	168	86	619006
4647	5	1.0	901717	1716	1618	187	719007
4331	4	1.0	901717	1716	168	819008
4973	5	1.0	901717	1716	1610	109	919009
4515	4	1.0	901717	1716	1610	1019010
4369	5	1.0	901717	1716	1610	1011	1119011
4429	6	1.0	901717	1716	1610	1011	1112	1219012
4791	8	1.0	901717	1719	1915	1522	2221	2124	2413	1319013
4497	5	1.0	901717	1719	1915	1514	1419014
4705	4	1.0	901717	1719	1915	1519015
4347	3	1.0	901717	1716	1619016
4353	3	1.0	901717	1719	1919019
4551	4	1.0	901717	1719	1920	2019020
4907	6	1.0	901717	1719	1915	1522	2221	2119021
4473	5	1.0	901717	1719	1915	1522	2219022
4717	6	1.0	901717	1719	1915	1522	2223	2319023
4657	7	1.0	901717	1719	1915	1522	2221	2124	2419024
4901	5	1.0	901818	1816	1610	109	919009
4519	6	1.0	901818	1816	1610	1011	1112	1219012
4531	7	1.0	901818	187	78	86	62	21	119001
7236	4	0.14285714285714285	901818	1820	2019	1919019
4451	5	0.8571428571428571	901818	1816	1617	1719	1919019
5111	8	0.5	901919	1917	1716	168	86	62	21	119001
8148	9	0.5	901919	1920	2018	187	78	86	62	21	119001
4969	7	1.0	901919	1917	1716	168	86	62	219002
6080	6	0.3333333333333333	901919	1915	1514	1411	114	419004
5093	8	0.6666666666666666	901919	1917	1716	168	86	65	54	419004
5087	6	1.0	901919	1917	1716	168	86	619006
6107	5	1.0	901919	1920	2018	187	719007
5133	5	0.5	901919	1917	1716	168	819008
6509	6	0.5	901919	1920	2018	187	78	819008
5932	5	0.75	901919	1915	1510	109	919009
4831	6	0.25	901919	1917	1716	1610	109	919009
5825	4	0.8888888888888888	901919	1915	1510	1019010
4641	5	0.1111111111111111	901919	1917	1716	1610	1019010
4383	5	1.0	901919	1915	1514	1411	1119011
6088	6	1.0	901919	1915	1514	1411	1112	1219012
5165	7	1.0	901919	1915	1522	2221	2124	2413	1319013
4979	4	1.0	901919	1915	1514	1419014
4597	3	1.0	901919	1915	1519015
4367	4	0.75	901919	1917	1716	1619016
6218	5	0.25	901919	1920	2018	1816	1619016
4699	3	0.9333333333333333	901919	1917	1719017
6200	6	0.06666666666666667	901919	1920	2018	1816	1617	1719017
4549	3	1.0	901919	1920	2019020
4623	5	1.0	901919	1915	1522	2221	2119021
4977	4	1.0	901919	1915	1522	2219022
4773	5	1.0	901919	1915	1522	2223	2319023
4513	6	1.0	901919	1915	1522	2221	2124	2419024
5121	8	1.0	902020	2018	187	78	86	62	21	119001
5001	7	1.0	902020	2018	187	78	86	62	219002
5075	8	1.0	902020	2018	187	78	86	65	54	419004
4947	6	1.0	902020	2018	187	78	86	619006
4365	4	1.0	902020	2018	187	719007
4749	5	1.0	902020	2018	187	78	819008
4933	6	1.0	902020	2018	1816	1610	109	919009
4757	5	1.0	902020	2018	1816	1610	1019010
4627	6	1.0	902020	2019	1915	1514	1411	1119011
4709	6	1.0	902020	2021	2124	2413	1312	1219012
4635	5	1.0	902020	2021	2124	2413	1319013
4789	5	1.0	902020	2019	1915	1514	1419014
4737	4	1.0	902020	2019	1915	1519015
4927	4	1.0	902020	2018	1816	1619016
4449	4	0.5652173913043478	902020	2019	1917	1719017
5719	5	0.43478260869565216	902020	2018	1816	1617	1719017
4727	3	1.0	902020	2019	1919019
4465	3	1.0	902020	2021	2119021
4687	3	1.0	902020	2022	2219022
4349	4	1.0	902020	2022	2223	2319023
5125	4	1.0	902020	2021	2124	2419024
4879	7	1.0	902121	2124	2413	1312	123	31	119001
5123	7	1.0	902121	2124	2413	1312	123	34	419004
5045	7	1.0	902121	2120	2018	187	78	86	619006
4899	5	1.0	902121	2120	2018	187	719007
5031	6	1.0	902121	2120	2018	187	78	819008
4495	6	1.0	902121	2122	2215	1510	109	919009
4755	5	1.0	902121	2122	2215	1510	1019010
5061	6	1.0	902121	2124	2423	2314	1411	1119011
5113	5	1.0	902121	2124	2413	1312	1219012
4363	4	1.0	902121	2124	2413	1319013
4959	5	1.0	902121	2124	2423	2314	1419014
4511	4	1.0	902121	2122	2215	1519015
5969	5	0.375	902121	2120	2018	1816	1619016
4897	7	0.625	902121	2122	2215	1519	1917	1716	1619016
4961	6	0.7777777777777778	902121	2122	2215	1519	1917	1719017
6004	6	0.2222222222222222	902121	2120	2018	1816	1617	1719017
4805	5	1.0	902121	2122	2215	1519	1919019
4493	3	1.0	902121	2120	2019020
4859	3	1.0	902121	2122	2219022
4833	4	1.0	902121	2124	2423	2319023
5051	3	1.0	902121	2124	2419024
4825	8	1.0	902222	2221	2124	2413	1312	123	31	119001
5025	8	1.0	902222	2220	2018	187	78	86	62	219002
5019	7	1.0	902222	2221	2124	2413	1312	123	319003
4583	6	0.16666666666666666	902222	2223	2314	1411	114	419004
5794	6	0.8333333333333334	902222	2215	1514	1411	114	419004
4407	7	1.0	902222	2220	2018	187	78	86	619006
4561	5	1.0	902222	2220	2018	187	719007
4955	6	1.0	902222	2220	2018	187	78	819008
4707	5	1.0	902222	2215	1510	109	919009
4459	4	1.0	902222	2215	1510	1019010
4735	5	0.35714285714285715	902222	2223	2314	1411	1119011
5879	5	0.6428571428571429	902222	2215	1514	1411	1119011
5043	6	1.0	902222	2221	2124	2413	1312	1219012
5015	5	1.0	902222	2221	2124	2413	1319013
4437	4	0.45454545454545453	902222	2223	2314	1419014
5712	4	0.5454545454545454	902222	2215	1514	1419014
4941	3	1.0	902222	2215	1519015
5871	5	0.6818181818181818	902222	2220	2018	1816	1619016
4723	6	0.3181818181818182	902222	2215	1519	1917	1716	1619016
4345	5	0.55	902222	2215	1519	1917	1719017
7075	5	0.25	902222	2220	2019	1917	1719017
6160	6	0.2	902222	2220	2018	1816	1617	1719017
4753	4	1.0	902222	2215	1519	1919019
4617	3	1.0	902222	2220	2019020
4747	3	1.0	902222	2221	2119021
4775	3	1.0	902222	2223	2319023
4851	4	1.0	902222	2221	2124	2419024
4799	7	1.0	902323	2324	2413	1312	123	31	119001
4485	6	1.0	902323	2324	2413	1312	123	319003
4521	5	1.0	902323	2314	1411	114	419004
4651	7	0.5	902323	2314	1411	114	45	56	619006
6402	8	0.5	902323	2322	2220	2018	187	78	86	619006
4873	6	1.0	902323	2322	2220	2018	187	719007
4855	7	1.0	902323	2322	2220	2018	187	78	819008
5989	6	1.0	902323	2322	2215	1510	109	919009
4479	5	0.125	902323	2314	1411	1110	1019010
5736	5	0.875	902323	2322	2215	1510	1019010
5091	4	1.0	902323	2314	1411	1119011
4595	5	1.0	902323	2324	2413	1312	1219012
4983	4	1.0	902323	2324	2413	1319013
4605	3	1.0	902323	2314	1419014
4999	4	1.0	902323	2322	2215	1519015
5816	6	0.5	902323	2322	2220	2018	1816	1619016
4625	7	0.5	902323	2322	2215	1519	1917	1716	1619016
4523	6	0.6363636363636364	902323	2322	2215	1519	1917	1719017
5760	7	0.36363636363636365	902323	2322	2220	2018	1816	1617	1719017
4763	5	1.0	902323	2322	2220	2018	1819018
4823	5	1.0	902323	2322	2215	1519	1919019
4903	4	1.0	902323	2322	2220	2019020
4547	4	1.0	902323	2324	2421	2119021
4435	3	1.0	902323	2322	2219022
