968	6	902424	2421	2122	2215	1510	1019010
716	4	902424	2413	1312	1219012
2193	3	902424	2413	1319013
1710	5	902424	2421	2122	2215	1519015
1707	3	902424	2421	2119021
1704	4	902424	2421	2122	2219022
159	3	902424	2423	2319023
971	7	902424	2421	2120	2018	187	78	819008
1697	4	90011	13	34	419004
710	4	90011	12	26	619006
1313	7	90011	13	34	45	59	910	1019010
314	5	90011	13	34	411	1119011
3727	5	90011	13	312	1211	1119011
713	4	90011	13	312	1219012
311	5	90011	13	312	1213	1319013
1962	7	90011	12	26	68	816	1617	1719017
308	7	90011	12	26	68	87	718	1819018
2555	8	90011	12	26	68	816	1617	1719	1919019
443	8	90011	12	26	68	87	718	1820	2019020
2421	8	90011	13	312	1213	1324	2421	2122	2219022
2418	7	90011	13	312	1213	1324	2423	2319023
305	6	90011	13	312	1213	1324	2419024
963	5	90022	26	65	59	919009
440	6	90022	26	68	816	1610	1019010
3781	6	90022	26	65	59	910	1019010
2314	5	90022	21	13	312	1219012
2552	6	90022	21	13	312	1213	1319013
1959	5	90022	26	68	816	1619016
2187	3	90022	21	119001
2549	6	90022	26	68	816	1617	1719017
2311	7	90022	26	68	816	1617	1719	1919019
1687	5	90022	26	65	54	419004
1690	8	90022	26	68	87	718	1820	2022	2219022
1956	3	90022	26	619006
2190	4	90022	26	68	819008
958	6	90033	34	45	59	910	1019010
2184	4	90033	34	411	1119011
5595	4	90033	312	1211	1119011
1681	3	90033	312	1219012
707	5	90033	34	411	1114	1419014
4972	5	90033	312	1211	1114	1419014
704	7	90033	34	45	56	68	816	1619016
3889	7	90033	34	45	59	910	1016	1619016
1684	6	90033	34	45	56	68	819008
150	4	90044	43	31	119001
147	5	90044	45	56	62	219002
696	4	90044	45	56	619006
1282	6	90044	45	56	68	87	719007
156	5	90044	45	59	910	1019010
953	3	90044	411	1119011
302	4	90044	43	312	1219012
153	4	90044	411	1114	1419014
1674	5	90044	411	1114	1415	1519015
4303	6	90044	45	59	910	1015	1519015
950	7	90044	45	56	68	816	1617	1719017
4141	7	90044	45	59	910	1016	1617	1719017
4139	7	90044	45	59	910	1015	1519	1919019
1292	8	90044	45	56	68	816	1617	1719	1919019
1289	6	90044	411	1114	1415	1522	2219022
4137	7	90044	45	59	910	1015	1522	2219022
701	5	90044	411	1114	1423	2319023
1947	6	90044	43	312	1213	1324	2419024
144	4	90055	59	910	1019010
691	5	90055	54	411	1114	1419014
1663	7	90055	59	910	1015	1522	2221	2119021
1273	5	90066	68	816	1610	1019010
4129	5	90066	65	59	910	1019010
297	5	90066	65	54	411	1119011
294	6	90066	65	54	43	312	1219012
141	7	90066	65	54	43	312	1213	1319013
685	4	90066	68	816	1619016
138	4	90066	62	21	119001
1266	5	90066	68	816	1617	1719017
682	6	90066	68	87	718	1820	2019020
688	3	90066	68	819008
1263	8	90066	68	87	718	1820	2021	2124	2419024
1249	6	90077	78	86	62	21	119001
1929	7	90077	78	86	65	54	43	319003
1648	6	90077	78	86	65	54	419004
135	3	90077	78	819008
3779	4	90077	78	89	919009
437	6	90077	718	1816	1610	109	919009
291	5	90077	718	1816	1610	1019010
5698	6	90077	718	1820	2019	1915	1519015
2409	7	90077	718	1816	1617	1719	1915	1519015
132	4	90077	718	1816	1619016
677	5	90077	718	1816	1617	1719017
432	4	90077	718	1820	2019020
1932	5	90077	718	1820	2021	2119021
1252	5	90077	718	1820	2022	2219022
288	6	90077	718	1820	2022	2223	2319023
924	5	90088	86	62	21	119001
1630	6	90088	86	65	54	43	319003
420	4	90088	86	65	519005
665	3	90088	86	619006
279	3	90088	87	719007
285	3	90088	89	919009
5868	5	90088	86	65	59	919009
429	4	90088	816	1610	1019010
931	5	90088	816	1610	1011	1119011
1639	7	90088	86	65	54	43	312	1219012
672	6	90088	816	1617	1719	1915	1519015
426	3	90088	816	1619016
282	4	90088	816	1617	1719017
2294	5	90088	816	1617	1719	1919019
423	5	90088	87	718	1820	2019020
2534	6	90088	87	718	1820	2021	2119021
2291	6	90088	87	718	1820	2022	2219022
2163	7	90088	87	718	1820	2021	2124	2419024
1616	6	90099	95	54	43	31	119001
1228	4	90099	95	54	419004
123	4	90099	95	56	619006
2404	3	90099	98	819008
129	3	90099	910	1019010
1621	4	90099	910	1011	1119011
1914	5	90099	910	1011	1112	1219012
4405	6	90099	95	54	43	312	1219012
415	5	90099	910	1011	1114	1419014
2150	4	90099	910	1015	1519015
919	4	90099	910	1016	1619016
916	5	90099	910	1016	1617	1719017
3657	5	90099	910	1015	1519	1919019
126	6	90099	910	1016	1617	1719	1919019
1236	6	90099	910	1016	1618	1820	2019020
1233	6	90099	910	1015	1522	2221	2119021
274	5	90099	910	1015	1522	2219022
412	7	90099	910	1015	1522	2221	2124	2419024
891	7	901010	109	95	54	43	31	119001
105	5	901010	109	95	54	419004
255	4	901010	109	95	519005
102	5	901010	1016	168	86	619006
3648	5	901010	109	95	56	619006
99	5	901010	1016	1618	187	719007
120	4	901010	1016	168	819008
117	3	901010	109	919009
114	3	901010	1011	1119011
1219	4	901010	1011	1112	1219012
267	5	901010	1011	1112	1213	1319013
660	4	901010	1011	1114	1419014
111	3	901010	1015	1519015
108	3	901010	1016	1619016
264	4	901010	1016	1617	1719017
3971	4	901010	1015	1519	1919019
903	5	901010	1016	1617	1719	1919019
261	5	901010	1016	1618	1820	2019020
258	5	901010	1015	1522	2221	2119021
649	4	901010	1015	1522	2219022
646	5	901010	1011	1114	1423	2319023
3865	5	901010	1015	1522	2223	2319023
894	6	901010	1015	1522	2221	2124	2419024
388	5	901111	114	43	31	119001
3759	5	901111	1112	123	31	119001
1875	6	901111	114	45	56	62	219002
2117	3	901111	114	419004
1566	5	901111	114	45	56	619006
1872	6	901111	1110	1016	1618	187	719007
4263	5	901111	1110	1016	168	819008
1585	6	901111	114	45	56	68	819008
1582	4	901111	1110	109	919009
96	3	901111	1110	1019010
93	3	901111	1112	1219012
1577	4	901111	1112	1213	1319013
90	3	901111	1114	1419014
87	4	901111	1114	1415	1519015
639	4	901111	1110	1016	1619016
397	5	901111	1110	1016	1617	1719017
1192	5	901111	1114	1415	1519	1919019
2274	6	901111	1110	1016	1618	1820	2019020
882	6	901111	1114	1423	2324	2421	2119021
5740	6	901111	1114	1415	1522	2221	2119021
394	5	901111	1114	1415	1522	2219022
5909	5	901111	1110	1015	1522	2219022
634	4	901111	1114	1423	2319023
391	5	901111	1114	1423	2324	2419024
868	4	901212	123	31	119001
1554	3	901212	123	319003
865	4	901212	123	34	419004
78	5	901212	123	34	45	519005
385	6	901212	123	34	45	56	619006
2110	8	901212	123	34	45	56	68	87	719007
631	4	901212	1211	1110	1019010
628	3	901212	1211	1119011
84	3	901212	1213	1319013
877	4	901212	1211	1114	1419014
1183	7	901212	1213	1324	2421	2122	2215	1519015
874	6	901212	1211	1110	1016	1617	1719017
248	6	901212	1211	1110	1016	1618	1819018
1865	8	901212	1213	1324	2421	2122	2215	1519	1919019
4564	8	901212	1213	1324	2423	2322	2215	1519	1919019
871	6	901212	1213	1324	2421	2120	2019020
245	6	901212	1213	1324	2421	2122	2219022
3701	6	901212	1213	1324	2423	2322	2219022
1557	5	901212	1213	1324	2423	2319023
81	4	901212	1213	1324	2419024
75	5	901313	1312	123	31	119001
1532	6	901313	1312	123	31	12	219002
852	5	901313	1312	123	34	419004
2377	7	901313	1324	2421	2120	2018	187	719007
860	8	901313	1312	123	34	45	56	68	819008
1856	6	901313	1312	1211	1110	109	919009
7563	7	901313	1312	123	34	45	59	919009
382	5	901313	1312	1211	1110	1019010
1174	4	901313	1312	1211	1119011
242	3	901313	1312	1219012
1545	5	901313	1324	2423	2314	1419014
1542	6	901313	1324	2421	2122	2215	1519015
621	6	901313	1312	1211	1110	1016	1619016
855	8	901313	1324	2421	2122	2215	1519	1917	1719017
1535	4	901313	1324	2421	2119021
618	5	901313	1324	2421	2122	2219022
5684	5	901313	1324	2423	2322	2219022
369	6	901414	1411	114	45	56	619006
1167	5	901414	1411	1110	109	919009
239	4	901414	1411	1110	1019010
849	3	901414	1411	1119011
375	5	901414	1423	2324	2413	1319013
844	3	901414	1415	1519015
4731	5	901414	1411	1110	1016	1619016
72	6	901414	1415	1519	1917	1716	1619016
69	5	901414	1415	1519	1917	1719017
2487	4	901414	1415	1519	1919019
609	5	901414	1423	2324	2421	2119021
4932	5	901414	1415	1522	2221	2119021
236	4	901414	1415	1522	2219022
4788	4	901414	1423	2322	2219022
1839	3	901414	1423	2319023
372	4	901414	1423	2324	2419024
219	7	901515	1514	1411	114	43	31	119001
3691	8	901515	1510	109	95	54	43	31	119001
590	8	901515	1519	1917	1716	168	86	62	219002
2362	6	901515	1514	1411	114	43	319003
4611	8	901515	1522	2221	2124	2413	1312	123	319003
1141	5	901515	1514	1411	114	419004
4072	6	901515	1510	109	95	54	419004
1138	7	901515	1519	1917	1716	1618	187	719007
233	6	901515	1519	1917	1716	168	819008
366	4	901515	1510	109	919009
66	3	901515	1510	1019010
602	4	901515	1514	1411	1119011
4233	4	901515	1510	1011	1119011
1513	7	901515	1522	2221	2124	2413	1312	1219012
63	6	901515	1522	2221	2124	2413	1319013
4484	6	901515	1522	2223	2324	2413	1319013
831	3	901515	1514	1419014
1150	5	901515	1519	1917	1716	1619016
228	4	901515	1519	1917	1719017
4615	5	901515	1519	1920	2018	1819018
225	6	901515	1519	1917	1716	1618	1819018
222	3	901515	1519	1919019
824	4	901515	1519	1920	2019020
595	4	901515	1522	2221	2119021
60	3	901515	1522	2219022
57	5	901515	1522	2221	2124	2419024
1490	6	901616	168	86	62	21	119001
567	5	901616	168	86	62	219002
2063	7	901616	168	86	65	54	43	319003
4470	7	901616	1610	109	95	54	43	319003
42	6	901616	168	86	65	54	419004
3627	6	901616	1610	109	95	54	419004
2237	4	901616	168	86	619006
562	4	901616	1618	187	719007
587	3	901616	168	819008
817	4	901616	1610	109	919009
54	3	901616	1610	1019010
582	4	901616	1610	1011	1119011
812	5	901616	1610	1011	1112	1219012
579	6	901616	1610	1011	1112	1213	1319013
51	5	901616	1617	1719	1915	1519015
48	3	901616	1617	1719017
574	3	901616	1618	1819018
214	4	901616	1618	1820	2019020
357	6	901616	1617	1719	1915	1522	2219022
45	7	901616	1617	1719	1915	1522	2223	2319023
1105	7	901717	1716	168	86	62	21	119001
787	6	901717	1716	168	86	62	219002
1463	8	901717	1716	168	86	65	54	43	319003
4208	8	901717	1716	1610	109	95	54	43	319003
347	7	901717	1716	168	86	65	54	419004
3742	7	901717	1716	1610	109	95	54	419004
1460	5	901717	1716	168	86	619006
202	5	901717	1716	1618	187	719007
2058	4	901717	1716	168	819008
801	5	901717	1716	1610	109	919009
39	4	901717	1716	1610	1019010
211	5	901717	1716	1610	1011	1119011
1481	6	901717	1716	1610	1011	1112	1219012
2053	8	901717	1719	1915	1522	2221	2124	2413	1319013
36	5	901717	1719	1915	1514	1419014
33	4	901717	1719	1915	1519015
208	3	901717	1716	1619016
350	3	901717	1719	1919019
30	4	901717	1719	1920	2019020
547	6	901717	1719	1915	1522	2221	2119021
790	5	901717	1719	1915	1522	2219022
1468	6	901717	1719	1915	1522	2223	2319023
205	7	901717	1719	1915	1522	2221	2124	2419024
4351	7	901717	1719	1915	1522	2223	2324	2419024
27	5	901818	1816	1610	109	919009
1100	6	901818	1816	1610	1011	1112	1219012
540	7	901818	187	78	86	62	21	119001
342	5	901818	1816	1617	1719	1919019
1453	5	901919	1917	1716	168	819008
3738	4	901919	1915	1510	1019010
339	5	901919	1917	1716	1610	1019010
535	5	901919	1915	1514	1411	1119011
24	7	901919	1915	1522	2221	2124	2413	1319013
2036	4	901919	1915	1514	1419014
532	3	901919	1915	1519015
529	4	901919	1917	1716	1619016
199	3	901919	1917	1719017
526	3	901919	1920	2019020
1444	5	901919	1915	1522	2221	2119021
1093	4	901919	1915	1522	2219022
523	5	901919	1915	1522	2223	2319023
520	6	901919	1915	1522	2221	2124	2419024
505	7	902020	2018	187	78	86	62	219002
2333	8	902020	2018	187	78	86	65	54	419004
1788	6	902020	2018	187	78	86	619006
502	4	902020	2018	187	719007
196	5	902020	2018	187	78	819008
21	5	902020	2018	1816	1610	1019010
515	6	902020	2018	1816	1610	1011	1119011
2029	6	902020	2021	2124	2413	1312	1219012
1086	5	902020	2021	2124	2413	1319013
1083	5	902020	2019	1915	1514	1419014
4652	5	902020	2022	2223	2314	1419014
1437	4	902020	2019	1915	1519015
193	4	902020	2018	1816	1619016
190	4	902020	2019	1917	1719017
508	3	902020	2019	1919019
334	3	902020	2021	2119021
331	3	902020	2022	2219022
18	4	902020	2022	2223	2319023
1074	4	902020	2021	2124	2419024
4540	5	902020	2022	2221	2124	2419024
1071	6	902121	2122	2215	1510	109	919009
187	5	902121	2122	2215	1510	1019010
1066	6	902121	2124	2423	2314	1411	1119011
1785	4	902121	2124	2413	1319013
499	5	902121	2124	2423	2314	1419014
496	4	902121	2122	2215	1519015
3733	5	902121	2120	2018	1816	1619016
328	7	902121	2122	2215	1519	1917	1716	1619016
325	6	902121	2122	2215	1519	1917	1719017
15	3	902121	2122	2219022
12	4	902121	2124	2423	2319023
758	5	902121	2120	2018	187	719007
2012	6	902121	2120	2018	187	78	819008
749	8	902222	2220	2018	187	78	86	62	219002
473	6	902222	2223	2314	1411	114	419004
3795	7	902222	2215	1510	109	95	54	419004
1037	7	902222	2220	2018	187	78	86	619006
1034	5	902222	2220	2018	187	719007
1414	6	902222	2220	2018	187	78	819008
491	5	902222	2215	1510	109	919009
9	4	902222	2215	1510	1019010
180	5	902222	2223	2314	1411	1119011
3676	5	902222	2215	1514	1411	1119011
1055	6	902222	2221	2124	2413	1312	1219012
1052	5	902222	2221	2124	2413	1319013
1409	4	902222	2223	2314	1419014
4183	4	902222	2215	1514	1419014
486	3	902222	2215	1519015
483	6	902222	2215	1519	1917	1716	1619016
6	5	902222	2215	1519	1917	1719017
1995	4	902222	2215	1519	1919019
322	3	902222	2220	2019020
177	3	902222	2221	2119021
174	3	902222	2223	2319023
476	4	902222	2221	2124	2419024
1017	7	902323	2324	2413	1312	123	31	119001
456	6	902323	2324	2413	1312	123	319003
1376	5	902323	2314	1411	114	419004
1014	7	902323	2314	1411	114	45	56	619006
4016	8	902323	2322	2220	2018	187	78	86	619006
2206	6	902323	2322	2220	2018	187	719007
2432	7	902323	2322	2220	2018	187	78	819008
1394	6	902323	2322	2215	1510	109	919009
470	5	902323	2322	2215	1510	1019010
4435	5	902323	2314	1411	1110	1019010
467	4	902323	2314	1411	1119011
317	5	902323	2324	2413	1312	1219012
1027	4	902323	2324	2413	1319013
464	3	902323	2314	1419014
171	4	902323	2322	2215	1519015
168	7	902323	2322	2215	1519	1917	1716	1619016
461	6	902323	2322	2215	1519	1917	1719017
3	5	902323	2322	2220	2018	1819018
4707	6	902323	2324	2421	2120	2018	1819018
165	5	902323	2322	2215	1519	1919019
1022	4	902323	2322	2220	2019020
1381	4	902323	2324	2421	2119021
162	3	902323	2322	2219022
