id	type	origin	destination	demand
1	111	132097	125698	1.729574
2	111	132097	100356	2.096996
3	111	132097	100359	1.572749
4	111	132097	100358	3.1455
5	111	132097	131786	35.07539
6	111	132097	100361	1.572747
7	111	132097	100360	1.572747
8	111	132097	100362	8.388
9	111	132097	100373	2.6212470000000003
10	111	132097	100372	3.340518
11	111	132097	100375	2.6212489999999997
12	111	132097	100374	2.621245
13	111	132097	100377	34.0762
14	111	132097	131483	3.6697480000000002
15	111	132097	100376	7.3395
16	111	132097	100379	55.570370000000004
17	111	132097	100378	32.503460000000004
18	111	132097	126234	2.096998
19	111	132097	125469	8.99611
20	111	132097	100381	42.98843
21	111	132097	100380	16.25175
22	111	132097	100383	45.609688999999996
23	111	132097	100382	22.542729
24	111	132097	100385	6.815247
25	111	132097	101409	4.718246
26	111	132097	100384	27.78521
27	111	132097	101408	9.960749
28	111	132097	126307	0.524249
29	111	132097	100386	1.048498
30	111	132097	101410	2.6212470000000003
31	111	132097	101413	24.639719999999997
32	111	132097	125545	15.032312
33	111	132097	125673	0.7729233
34	111	132097	133099	9.96075
35	111	132097	133096	0.524249
36	111	132097	100849	2.227014
37	111	132097	125553	12.805309999999999
38	111	132097	100403	3.89727
39	111	132097	100405	20.599850000000004
40	111	132097	100404	1.6702620000000001
41	111	132097	100407	1.572749
42	111	132097	100406	13.106248999999998
43	111	132097	100345	0.524249
44	111	132097	129913	1.2789869999999999
45	111	132097	126393	9.778178
46	111	132097	100344	1.048498
47	111	100356	133122	7.0
48	111	100356	125698	2.05474
49	111	100356	132097	1.55831
50	111	100356	100359	2.0
51	111	100356	100358	1.0
52	111	100356	100361	2.0
53	111	100356	100360	2.0
54	111	100356	100362	4.0
55	111	100356	100373	1.0
56	111	100356	100372	1.0
57	111	100356	100375	1.0
58	111	100356	126359	21.304319999999997
59	111	100356	100374	1.0
60	111	100356	100377	4.0
61	111	100356	100376	3.0
62	111	100356	100379	6.0
63	111	100356	100378	3.0
64	111	100356	126234	10.07342
65	111	100356	100381	7.0
66	111	100356	125469	1.61654
67	111	100356	100380	2.0
68	111	100356	126364	33.25001
69	111	100356	100383	6.0
70	111	100356	100382	2.0
71	111	100356	101409	1.0
72	111	100356	100385	1.0
73	111	100356	101408	2.0
74	111	100356	100384	2.0
75	111	100356	101410	1.0
76	111	100356	100386	1.0
77	111	100356	101413	5.0
78	111	100356	100403	1.0
79	111	100356	126386	3.2229
80	111	100356	100405	4.0
81	111	100356	100404	1.0
82	111	100356	130615	0.806606
83	111	100356	100407	1.0
84	111	100356	100406	4.0
85	111	100356	126393	0.464659
86	111	100356	130616	3.41008
87	111	100356	131786	2.5819530000000004
88	111	100356	131791	17.8149
89	111	100356	131551	0.933691
90	111	100356	125545	5.17722
91	111	100356	125673	0.124665
92	111	100356	133099	25.73682
93	111	100356	125551	0.748972
94	111	100356	132077	3.900062
95	111	100356	125553	4.165649999999999
96	111	100356	100849	2.0
97	111	100356	129913	1.7364970000000002
98	111	100356	100345	2.0
99	111	100356	100344	3.0
100	111	100359	133122	1.0
101	111	100359	125698	1.02737
102	111	100359	100356	1.0
103	111	100359	100358	2.0
104	111	100359	131786	1.721302
105	111	100359	100361	1.0
106	111	100359	100360	1.0
107	111	100359	100362	3.0
108	111	100359	131791	17.8149
109	111	100359	131027	1.74864
110	111	100359	100372	1.0
111	111	100359	100375	1.0
112	111	100359	126359	17.7536
113	111	100359	100374	1.0
114	111	100359	100377	3.0
115	111	100359	100376	2.0
116	111	100359	100379	4.0
117	111	100359	100378	2.0
118	111	100359	126234	7.834890000000001
119	111	100359	100381	3.0
120	111	100359	125469	1.61654
121	111	100359	100380	2.0
122	111	100359	126364	7.228250000000001
123	111	100359	100383	3.0
124	111	100359	100382	1.0
125	111	100359	101409	1.0
126	111	100359	100385	1.0
127	111	100359	101408	1.0
128	111	100359	100384	1.0
129	111	100359	101410	1.0
130	111	100359	101413	3.0
131	111	100359	125545	2.58861
132	111	100359	125673	0.099732
133	111	100359	133099	19.30263
134	111	100359	125551	0.5617289999999999
135	111	100359	125553	2.7771
136	111	100359	100849	1.0
137	111	100359	100403	1.0
138	111	100359	126386	9.6687
139	111	100359	100405	2.0
140	111	100359	100404	1.0
141	111	100359	100407	1.0
142	111	100359	100406	3.0
143	111	100359	129913	0.434124
144	111	100359	126393	2.787954
145	111	100359	100345	1.0
146	111	100359	130616	3.41008
147	111	100359	100344	2.0
148	111	100358	133122	2.0
149	111	100358	125698	2.05474
150	111	100358	132097	3.11662
151	111	100358	100359	2.0
152	111	100358	100361	3.0
153	111	100358	100360	2.0
154	111	100358	100363	1.0
155	111	100358	100362	3.0
156	111	100358	100373	1.0
157	111	100358	100372	1.0
158	111	100358	100375	1.0
159	111	100358	126359	17.7536
160	111	100358	100374	1.0
161	111	100358	100377	3.0
162	111	100358	100376	3.0
163	111	100358	100379	5.0
164	111	100358	100378	4.0
165	111	100358	126234	12.311950000000001
166	111	100358	100381	5.0
167	111	100358	125469	3.23308
168	111	100358	100380	2.0
169	111	100358	126364	15.902150000000002
170	111	100358	100383	3.0
171	111	100358	100382	3.0
172	111	100358	101409	2.0
173	111	100358	100385	1.0
174	111	100358	101408	1.0
175	111	100358	100384	2.0
176	111	100358	100386	1.0
177	111	100358	101413	5.0
178	111	100358	100403	1.0
179	111	100358	126386	12.89161
180	111	100358	100405	3.0
181	111	100358	130615	0.806606
182	111	100358	100407	1.0
183	111	100358	100406	4.0
184	111	100358	126393	0.929318
185	111	100358	130616	6.82016
186	111	100358	131786	2.581941
187	111	100358	131791	17.8149
188	111	100358	131027	1.16576
189	111	100358	125545	5.17722
190	111	100358	125673	0.124665
191	111	100358	133099	25.73684
192	111	100358	125551	0.936215
193	111	100358	132077	0.487508
194	111	100358	125553	4.165649999999999
195	111	100358	100849	2.0
196	111	100358	129913	1.7364970000000002
197	111	100358	100345	2.0
198	111	100358	100344	3.0
199	111	100361	133122	6.0
200	111	100361	125698	2.05474
201	111	100361	100356	1.0
202	111	100361	100359	2.0
203	111	100361	100358	1.0
204	111	100361	131786	1.721302
205	111	100361	100360	2.0
206	111	100361	100362	5.0
207	111	100361	131791	35.6298
208	111	100361	131027	1.16576
209	111	100361	100372	2.0
210	111	100361	100375	2.0
211	111	100361	126359	81.66677
212	111	100361	100374	1.0
213	111	100361	100377	5.0
214	111	100361	100376	3.0
215	111	100361	100379	6.0
216	111	100361	100378	4.0
217	111	100361	126234	4.47708
218	111	100361	100381	6.0
219	111	100361	125469	3.23308
220	111	100361	100380	4.0
221	111	100361	126364	2.8913
222	111	100361	100383	6.0
223	111	100361	131229	10.692
224	111	100361	100382	3.0
225	111	100361	101409	2.0
226	111	100361	100385	2.0
227	111	100361	101408	2.0
228	111	100361	100384	2.0
229	111	100361	101410	1.0
230	111	100361	100386	1.0
231	111	100361	101413	6.0
232	111	100361	125545	2.58861
233	111	100361	125673	0.149598
234	111	100361	133099	25.73684
235	111	100361	125551	0.748972
236	111	100361	132077	8.775129
237	111	100361	125553	4.165649999999999
238	111	100361	100849	2.0
239	111	100361	100403	2.0
240	111	100361	100405	4.0
241	111	100361	100404	1.0
242	111	100361	100407	1.0
243	111	100361	100406	5.0
244	111	100361	129913	4.124185999999999
245	111	100361	100345	3.0
246	111	100361	100344	4.0
247	111	100360	133122	11.0
248	111	100360	125698	1.02737
249	111	100360	100356	1.0
250	111	100360	100359	2.0
251	111	100360	100358	1.0
252	111	100360	100361	3.0
253	111	100360	100362	3.0
254	111	100360	100373	1.0
255	111	100360	100372	1.0
256	111	100360	100375	1.0
257	111	100360	126359	42.60867
258	111	100360	100374	1.0
259	111	100360	100377	4.0
260	111	100360	100376	4.0
261	111	100360	100379	5.0
262	111	100360	100378	2.0
263	111	100360	126234	8.95414
264	111	100360	125469	17.7819
265	111	100360	100381	5.0
266	111	100360	100380	2.0
267	111	100360	126364	10.119550000000002
268	111	100360	100383	4.0
269	111	100360	100382	2.0
270	111	100360	101409	2.0
271	111	100360	100385	2.0
272	111	100360	101408	1.0
273	111	100360	100384	1.0
274	111	100360	101410	1.0
275	111	100360	101413	4.0
276	111	100360	100403	2.0
277	111	100360	126386	3.2229
278	111	100360	100405	3.0
279	111	100360	130615	0.806606
280	111	100360	100407	1.0
281	111	100360	100406	4.0
282	111	100360	130616	1.70504
283	111	100360	131786	0.67475
284	111	100360	131791	17.8149
285	111	100360	131027	0.58288
286	111	100360	125545	1.50398
287	111	100360	125673	0.12466509999999999
288	111	100360	133099	12.86842
289	111	100360	125551	0.5617289999999999
290	111	100360	132077	4.38757
291	111	100360	125553	4.165649999999999
292	111	100360	100849	2.0
293	111	100360	129913	2.387685
294	111	100360	100345	2.0
295	111	100360	100344	3.0
296	111	100363	131027	0.58288
297	111	100363	101410	1.0
298	111	100363	100405	1.0
299	111	100363	129913	0.217062
300	111	100363	100377	1.0
301	111	100363	125673	0.024933
302	111	100363	100360	1.0
303	111	100363	100382	1.0
304	111	100362	133122	1.0
305	111	100362	125698	2.05474
306	111	100362	100356	1.0
307	111	100362	100359	3.0
308	111	100362	100358	2.0
309	111	100362	100361	5.0
310	111	100362	100360	3.0
311	111	100362	100372	3.186
312	111	100362	100375	2.0
313	111	100362	126359	35.50722
314	111	100362	100374	2.0
315	111	100362	100377	6.0
316	111	100362	100376	6.0
317	111	100362	131483	14.25
318	111	100362	100379	9.0
319	111	100362	100378	6.0
320	111	100362	126234	17.908260000000002
321	111	100362	125469	3.362404
322	111	100362	100381	10.0
323	111	100362	100380	5.0
324	111	100362	126364	2.8913
325	111	100362	100383	8.0
326	111	100362	131229	69.49799999999999
327	111	100362	100382	4.0
328	111	100362	101409	3.0
329	111	100362	100385	3.0
330	111	100362	101408	3.0
331	111	100362	100384	3.0
332	111	100362	101410	1.0
333	111	100362	100386	1.0
334	111	100362	101413	8.0
335	111	100362	130479	1.35958
336	111	100362	100403	3.186
337	111	100362	126386	17.725980000000003
338	111	100362	100405	7.434000000000001
339	111	100362	100404	1.062
340	111	100362	130615	0.806606
341	111	100362	100407	3.0
342	111	100362	100406	6.0
343	111	100362	126393	0.464659
344	111	100362	130616	8.5252
345	111	100362	131786	5.484054
346	111	100362	131791	53.444700000000005
347	111	100362	131027	4.080159999999999
348	111	100362	131551	0.933691
349	111	100362	125545	5.49822
350	111	100362	125673	0.4238617
351	111	100362	133099	25.73684
352	111	100362	125551	1.193112
353	111	100362	132077	4.38757
354	111	100362	100849	3.186
355	111	100362	125553	7.3732
356	111	100362	129913	6.728930999999999
357	111	100362	100345	4.0
358	111	100362	100344	7.0
359	111	133129	100358	0.322062
360	111	133129	131786	11.286989
361	111	133129	100361	0.644124
362	111	133129	100360	0.322062
363	111	133129	100362	0.322062
364	111	133129	131791	14.9957
365	111	133129	131027	0.316032
366	111	133129	100374	0.322062
367	111	133129	100377	0.9661850000000001
368	111	133129	131483	0.322062
369	111	133129	100376	0.322062
370	111	133129	100379	1.6103100000000001
371	111	133129	100378	2.576492
372	111	133129	125469	0.502416
373	111	133129	100381	1.288248
374	111	133129	100380	0.322062
375	111	133129	100383	0.966186
376	111	133129	100382	0.9661850000000001
377	111	133129	101409	0.322062
378	111	133129	126307	0.644123
379	111	133129	101413	1.288248
380	111	133129	125545	1.710148
381	111	133129	125673	0.5235934999999999
382	111	133129	100849	2.3942099999999997
383	111	133129	100405	0.68406
384	111	133129	100407	0.644124
385	111	133129	100406	0.322062
386	111	133129	129913	1.64441
387	111	133129	126393	17.600704
388	111	133129	100344	0.322062
389	111	133129	126399	2.576494
390	111	100373	132097	1.55831
391	111	100373	100359	1.0
392	111	100373	131786	6.024545
393	111	100373	100360	1.0
394	111	100373	100362	1.0
395	111	100373	131027	0.58288
396	111	100373	100372	1.0
397	111	100373	100375	1.0
398	111	100373	126359	3.55072
399	111	100373	100377	1.0
400	111	100373	100376	1.0
401	111	100373	131483	14.25
402	111	100373	100379	2.0
403	111	100373	100378	1.0
404	111	100373	126234	2.23854
405	111	100373	100381	2.0
406	111	100373	125469	1.61654
407	111	100373	100380	1.0
408	111	100373	126364	2.8913
409	111	100373	100383	1.0
410	111	100373	100382	1.0
411	111	100373	101408	1.0
412	111	100373	100384	1.0
413	111	100373	101410	1.0
414	111	100373	100386	1.0
415	111	100373	125669	1.87667
416	111	100373	101413	1.0
417	111	100373	125545	7.76583
418	111	100373	130479	1.35958
419	111	100373	125551	0.936215
420	111	100373	125553	1.38855
421	111	100373	100849	1.0
422	111	100373	126386	4.834350000000001
423	111	100373	100405	1.0
424	111	100373	100404	1.0
425	111	100373	100407	1.0
426	111	100373	100406	1.0
427	111	100373	129913	0.217062
428	111	100373	126393	0.929318
429	111	100373	100345	1.0
430	111	100373	130616	1.70504
431	111	100373	100344	1.0
432	111	100372	100358	1.0
433	111	100372	131786	12.909714000000001
434	111	100372	100361	1.0
435	111	100372	100360	1.0
436	111	100372	100362	2.0
437	111	100372	100375	1.0
438	111	100372	126359	3.55072
439	111	100372	100374	1.0
440	111	100372	100377	2.0
441	111	100372	100376	1.0
442	111	100372	131483	14.25
443	111	100372	100379	2.0
444	111	100372	100378	2.0
445	111	100372	126234	1.11927
446	111	100372	100381	3.0
447	111	100372	125469	1.61654
448	111	100372	100380	2.0
449	111	100372	126364	2.8913
450	111	100372	100383	2.0
451	111	100372	100382	2.0
452	111	100372	101409	1.0
453	111	100372	100385	1.0
454	111	100372	101408	1.0
455	111	100372	125669	1.87667
456	111	100372	101413	3.0
457	111	100372	125545	10.35444
458	111	100372	130479	1.35958
459	111	100372	125551	1.123458
460	111	100372	132077	0.487508
461	111	100372	125553	2.7771
462	111	100372	100849	1.0
463	111	100372	100403	1.0
464	111	100372	126386	3.2229
465	111	100372	100405	2.0
466	111	100372	100404	1.0
467	111	100372	100407	1.0
468	111	100372	100406	1.0
469	111	100372	126393	1.858636
470	111	100372	100345	1.0
471	111	100372	130616	3.41008
472	111	100372	100344	1.0
473	111	100375	132097	1.55831
474	111	100375	100359	1.0
475	111	100375	100358	1.0
476	111	100375	131786	0.67475
477	111	100375	100361	1.0
478	111	100375	100360	1.0
479	111	100375	100362	2.0
480	111	100375	131027	1.74864
481	111	100375	100372	1.0
482	111	100375	126359	10.65216
483	111	100375	100374	1.0
484	111	100375	100377	2.0
485	111	100375	100376	2.0
486	111	100375	100379	3.0
487	111	100375	100378	2.0
488	111	100375	126234	2.23854
489	111	100375	125469	17.7819
490	111	100375	100381	2.0
491	111	100375	100380	3.0
492	111	100375	126364	2.8913
493	111	100375	100383	3.0
494	111	100375	100382	2.0
495	111	100375	101409	2.0
496	111	100375	101408	1.0
497	111	100375	100384	1.0
498	111	100375	100386	1.0
499	111	100375	101413	3.0
500	111	100375	125545	1.50398
501	111	100375	125673	0.099732
502	111	100375	133099	32.17103
503	111	100375	125551	0.374486
504	111	100375	125553	2.7771
505	111	100375	100849	1.0
506	111	100375	100403	1.0
507	111	100375	126386	6.4458
508	111	100375	100405	2.0
509	111	100375	130615	0.806606
510	111	100375	100407	1.0
511	111	100375	100406	2.0
512	111	100375	126393	3.252613
513	111	100375	100345	2.0
514	111	100375	130616	3.41008
515	111	100375	100344	1.0
516	111	126359	125698	6.918287
517	111	126359	100356	30.12287
518	111	126359	100359	31.12696
519	111	126359	100358	33.13516
520	111	126359	100361	254.03618
521	111	126359	100360	42.17201
522	111	126359	100363	3.0122999999999998
523	111	126359	100362	65.26606
524	111	126359	100373	9.036869999999999
525	111	126359	100372	9.03687
526	111	126359	100375	37.15156999999999
527	111	126359	100374	14.057339999999998
528	111	126359	100377	49.20067
529	111	126359	131483	3.0
530	111	126359	100376	67.27436
531	111	126359	100379	33.1352
532	111	126359	126234	37.0
533	111	126359	100378	21.086009999999995
534	111	126359	125469	14.0
535	111	126359	100381	43.176109999999994
536	111	126359	100380	25.1024
537	111	126359	100383	20.081899999999997
538	111	126359	100382	16.06554
539	111	126359	100385	12.04916
540	111	126359	101409	26.106479999999998
541	111	126359	100384	11.045069999999999
542	111	126359	101408	20.08193
543	111	126359	100386	3.01229
544	111	126359	101410	8.032779999999999
545	111	126359	101413	53.217060000000004
546	111	126359	130479	2.28886
547	111	126359	100403	12.04917
548	111	126359	126386	2.71288
549	111	126359	100405	31.126959999999997
550	111	126359	100404	5.02049
551	111	126359	100407	3.0122999999999998
552	111	126359	100406	23.0942
553	111	126359	130616	2.87044
554	111	126359	131786	32.0
555	111	126359	131027	0.98128
556	111	126359	125545	32.0
557	111	126359	125673	0.44879420000000003
558	111	126359	133099	62.0
559	111	126359	133096	260.0
560	111	126359	125551	37.0
561	111	126359	132077	7.386479999999999
562	111	126359	125553	58.0
563	111	126359	100849	17.06964
564	111	126359	100345	93.38076999999998
565	111	126359	100344	349.42528000000004
566	111	100374	100356	1.0
567	111	100374	131786	1.721302
568	111	100374	100360	1.0
569	111	100374	100362	1.0
570	111	100374	100372	1.0
571	111	100374	126359	3.55072
572	111	100374	100377	1.0
573	111	100374	100376	2.0
574	111	100374	100379	2.0
575	111	100374	100378	1.0
576	111	100374	126234	1.11927
577	111	100374	100381	2.0
578	111	100374	125469	1.61654
579	111	100374	131551	0.933691
580	111	100374	100380	1.0
581	111	100374	126364	1.44565
582	111	100374	100383	1.0
583	111	100374	100382	1.0
584	111	100374	101408	1.0
585	111	100374	100384	1.0
586	111	100374	101413	2.0
587	111	100374	125545	2.58861
588	111	100374	125673	0.024933
589	111	100374	133099	12.86842
590	111	100374	125551	0.5617289999999999
591	111	100374	125553	1.38855
592	111	100374	100849	1.0
593	111	100374	100403	1.0
594	111	100374	126386	3.2229
595	111	100374	100405	1.0
596	111	100374	100406	2.0
597	111	100374	129913	0.217062
598	111	100374	126393	1.858636
599	111	100374	130616	1.70504
600	111	100374	100344	1.0
601	111	100377	125698	2.05474
602	111	100377	132097	6.23324
603	111	100377	100356	1.0
604	111	100377	100359	2.0
605	111	100377	100358	1.0
606	111	100377	100361	3.0
607	111	100377	100360	3.0
608	111	100377	100363	1.0
609	111	100377	100362	4.0
610	111	100377	100373	1.0
611	111	100377	100372	1.062
612	111	100377	100375	2.0
613	111	100377	126359	10.65216
614	111	100377	100374	2.0
615	111	100377	100376	6.0
616	111	100377	100379	9.0
617	111	100377	100378	5.0
618	111	100377	126234	3.3578099999999997
619	111	100377	125469	33.62404
620	111	100377	100381	10.0
621	111	100377	100380	5.0
622	111	100377	126364	7.228250000000001
623	111	100377	100383	8.0
624	111	100377	131229	5.346
625	111	100377	100382	4.0
626	111	100377	101409	3.0
627	111	100377	100385	1.0
628	111	100377	101408	3.0
629	111	100377	100384	1.0
630	111	100377	101410	1.0
631	111	100377	100386	1.0
632	111	100377	101413	8.0
633	111	100377	100403	3.186
634	111	100377	126386	12.891609999999998
635	111	100377	100405	6.372000000000001
636	111	100377	100404	1.062
637	111	100377	130615	0.806606
638	111	100377	100407	3.0
639	111	100377	100406	5.0
640	111	100377	126393	10.687171
641	111	100377	130616	11.935279999999999
642	111	100377	131786	1.79146
643	111	100377	131791	17.8149
644	111	100377	131027	0.58288
645	111	100377	131551	0.933691
646	111	100377	125545	9.58338
647	111	100377	125673	0.3490624
648	111	100377	133099	45.03943
649	111	100377	125551	0.397704
650	111	100377	100849	3.186
651	111	100377	125553	5.89858
652	111	100377	129913	1.08531
653	111	100377	100345	3.0
654	111	100377	100344	3.0
655	111	100376	125698	2.05474
656	111	100376	132097	1.55831
657	111	100376	100356	1.0
658	111	100376	100359	2.0
659	111	100376	100358	1.0
660	111	100376	100361	3.0
661	111	100376	100360	3.0
662	111	100376	100362	4.0
663	111	100376	100373	1.0
664	111	100376	100372	1.062
665	111	100376	100375	2.0
666	111	100376	126359	21.304319999999997
667	111	100376	100374	2.0
668	111	100376	100377	5.0
669	111	100376	100379	8.0
670	111	100376	100378	5.0
671	111	100376	126234	5.59635
672	111	100376	125469	2.5218030000000002
673	111	100376	100381	7.0
674	111	100376	100380	4.0
675	111	100376	126364	4.33695
676	111	100376	100383	7.0
677	111	100376	131229	5.346
678	111	100376	100382	4.0
679	111	100376	101409	2.0
680	111	100376	100385	1.0
681	111	100376	101408	3.0
682	111	100376	100384	2.0
683	111	100376	101410	1.0
684	111	100376	100386	1.0
685	111	100376	101413	7.0
686	111	100376	100403	2.124
687	111	100376	126386	12.89162
688	111	100376	100405	5.3100000000000005
689	111	100376	130615	0.806606
690	111	100376	100407	3.0
691	111	100376	100406	5.0
692	111	100376	126393	8.828529999999999
693	111	100376	130616	10.23024
694	111	100376	131786	2.742033
695	111	100376	131791	17.8149
696	111	100376	131027	2.33152
697	111	100376	125545	10.99644
698	111	100376	125673	0.27426320000000004
699	111	100376	133099	45.039429999999996
700	111	100376	125551	0.795408
701	111	100376	132077	0.487508
702	111	100376	100849	2.124
703	111	100376	125553	4.42392
704	111	100376	129913	0.651186
705	111	100376	100345	2.0
706	111	100376	100344	3.0
707	111	130584	125698	0.864787
708	111	130584	100356	0.0670533
709	111	130584	100359	0.20116030000000001
710	111	130584	131786	5.981694
711	111	130584	100361	0.8046396
712	111	130584	100360	0.20116030000000001
713	111	130584	100362	1.2069603
714	111	130584	100373	0.0670533
715	111	130584	100372	0.356053
716	111	130584	100375	0.1341066
717	111	130584	100374	0.7375868999999999
718	111	130584	100377	0.4693739
719	111	130584	100376	0.469374
720	111	130584	131483	0.0670533
721	111	130584	100379	1.8104396
722	111	130584	100378	0.6034803
723	111	130584	126234	0.2011599
724	111	130584	125469	2.6499479999999997
725	111	130584	100381	1.4081199
726	111	130584	100380	0.6705336
727	111	130584	100383	1.2069599
728	111	130584	100382	2.145707
729	111	130584	100385	0.7375873000000001
730	111	130584	101409	0.2011599
731	111	130584	100384	0.737588
732	111	130584	101408	0.33526659999999997
733	111	130584	126307	0.2011599
734	111	130584	100386	0.0670533
735	111	130584	101413	1.4751733
736	111	130584	125545	10.396738000000001
737	111	130584	125673	0.9474541999999999
738	111	130584	133096	0.2682136
739	111	130584	125551	0.0712106
740	111	130584	100849	0.5696866
741	111	130584	100403	0.4272644
742	111	130584	100405	3.7029539999999996
743	111	130584	100404	0.2848424
744	111	130584	100407	4.760785
745	111	130584	130615	0.0455266
746	111	130584	100406	4.8948920000000005
747	111	130584	100345	0.2011599
748	111	130584	126393	4.693519
749	111	130584	129913	4.385101000000001
750	111	130584	100344	0.2682136
751	111	131483	125698	9.512645
752	111	131483	132097	15.740479999999998
753	111	131483	100359	1.12625
754	111	131483	100358	2.2525
755	111	131483	100361	4.505
756	111	131483	100360	2.2525
757	111	131483	100363	1.12625
758	111	131483	100362	9.00999
759	111	131483	100373	6.75749
760	111	131483	100372	9.00998
761	111	131483	126359	1.0
762	111	131483	100374	1.12625
763	111	131483	100377	5.631239999999999
764	111	131483	100376	6.757489999999999
765	111	131483	100379	22.524929999999998
766	111	131483	126234	2.0
767	111	131483	100378	21.39867
768	111	131483	125469	27.0
769	111	131483	100381	45.04984
770	111	131483	126364	26.0
771	111	131483	100380	39.41861
772	111	131483	100383	7.8837399999999995
773	111	131483	100382	12.38872
774	111	131483	101409	1.12625
775	111	131483	100385	4.505
776	111	131483	101408	22.524910000000006
777	111	131483	100384	7.883739999999999
778	111	131483	100386	1.12625
779	111	131483	101413	6.757499999999999
780	111	131483	130479	5.72215
781	111	131483	100403	4.505
782	111	131483	126386	14.920869999999999
783	111	131483	100405	30.408640000000002
784	111	131483	100404	7.8837399999999995
785	111	131483	130615	2.036883
786	111	131483	100407	6.757489999999999
787	111	131483	100406	21.39867
788	111	131483	126393	4.693523
789	111	131483	130616	30.13963
790	111	131483	126399	3.0
791	111	131483	130631	1.0
792	111	131483	131786	3.0
793	111	131483	131027	6.86896
794	111	131483	131551	4.71561
795	111	131483	126307	1.0
796	111	131483	125669	3.15938
797	111	131483	125545	4.0
798	111	131483	125673	0.27426340000000005
799	111	131483	133096	5.0
800	111	131483	125551	42.0
801	111	131483	125553	45.0
802	111	131483	100849	19.146179999999998
803	111	131483	129913	0.730848
804	111	131483	100345	2.2525
805	111	131483	100344	4.505
806	111	100379	125698	2.05474
807	111	100379	132097	15.583080000000002
808	111	100379	100356	2.0
809	111	100379	100359	2.0
810	111	100379	100358	2.0
811	111	100379	100361	4.0
812	111	100379	100360	3.0
813	111	100379	100362	6.0
814	111	100379	100373	1.0
815	111	100379	100372	2.0
816	111	100379	100375	3.0
817	111	100379	126359	14.20288
818	111	100379	100374	2.0
819	111	100379	100377	9.0
820	111	100379	100376	7.0
821	111	100379	131483	28.5
822	111	100379	100378	8.0
823	111	100379	126234	4.47708
824	111	100379	125469	71.12768000000001
825	111	100379	100381	13.0
826	111	100379	100380	8.0
827	111	100379	126364	4.33695
828	111	100379	100383	11.0
829	111	100379	100382	8.0
830	111	100379	101409	3.0
831	111	100379	100385	1.0
832	111	100379	101408	4.0
833	111	100379	100384	3.0
834	111	100379	101410	1.0
835	111	100379	100386	1.0
836	111	100379	101413	10.0
837	111	100379	130479	2.71916
838	111	100379	100403	4.0
839	111	100379	126386	9.6687
840	111	100379	100405	8.0
841	111	100379	100404	1.0
842	111	100379	130615	7.259450000000001
843	111	100379	100407	4.0
844	111	100379	100406	9.0
845	111	100379	126393	12.545817
846	111	100379	130616	11.93528
847	111	100379	131786	6.410093999999999
848	111	100379	131551	0.933691
849	111	100379	125669	1.87667
850	111	100379	125545	10.52788
851	111	100379	125673	0.3490623
852	111	100379	125551	0.187243
853	111	100379	132077	0.487508
854	111	100379	125553	6.942770000000001
855	111	100379	100849	5.0
856	111	100379	129913	2.604748
857	111	100379	100345	3.0
858	111	100379	100344	3.0
859	111	100378	125698	1.02737
860	111	100378	132097	4.67493
861	111	100378	100356	1.0
862	111	100378	100359	1.0
863	111	100378	100358	2.0
864	111	100378	100361	3.0
865	111	100378	100360	2.0
866	111	100378	100363	1.0
867	111	100378	100362	4.0
868	111	100378	100373	1.0
869	111	100378	100372	1.0
870	111	100378	100375	2.0
871	111	100378	126359	14.20288
872	111	100378	100374	2.0
873	111	100378	100377	7.0
874	111	100378	100376	5.0
875	111	100378	131483	28.5
876	111	100378	100379	9.0
877	111	100378	126234	5.59635
878	111	100378	125469	24.73308
879	111	100378	100381	10.0
880	111	100378	100380	6.0
881	111	100378	126364	7.228250000000001
882	111	100378	100383	6.0
883	111	100378	100382	5.0
884	111	100378	101409	3.0
885	111	100378	100385	1.0
886	111	100378	101408	3.0
887	111	100378	100384	3.0
888	111	100378	101410	1.0
889	111	100378	100386	1.0
890	111	100378	101413	8.0
891	111	100378	130479	4.07874
892	111	100378	100403	3.0
893	111	100378	126386	9.6687
894	111	100378	100405	6.0
895	111	100378	100404	1.0
896	111	100378	130615	4.03303
897	111	100378	100407	3.0
898	111	100378	100406	6.0
899	111	100378	126393	6.040570000000001
900	111	100378	130616	5.115119999999999
901	111	100378	131786	5.060607999999999
902	111	100378	131027	0.58288
903	111	100378	131551	0.933691
904	111	100378	125669	1.87667
905	111	100378	125545	9.02388
906	111	100378	125673	0.19946410000000003
907	111	100378	133099	6.43421
908	111	100378	125551	0.5617289999999999
909	111	100378	132077	0.487508
910	111	100378	125553	5.55422
911	111	100378	100849	3.0
912	111	100378	129913	1.302373
913	111	100378	100345	2.0
914	111	100378	100344	3.0
915	111	126234	132097	2.62341
916	111	126234	125698	10.377438
917	111	126234	100356	32.89962
918	111	126234	100359	36.27394
919	111	126234	100358	36.273939999999996
920	111	126234	100361	91.10664
921	111	126234	100360	32.89962
922	111	126234	100363	5.90506
923	111	126234	100362	145.09574
924	111	126234	100373	10.122959999999999
925	111	126234	100372	10.122959999999999
926	111	126234	126359	12.0
927	111	126234	100375	21.93308
928	111	126234	100374	14.340859999999997
929	111	126234	100377	60.7378
930	111	126234	100376	60.73779999999999
931	111	126234	100379	60.7378
932	111	126234	100378	34.586780000000005
933	111	126234	125469	11.0
934	111	126234	100381	34.58678
935	111	126234	126364	101.0
936	111	126234	100380	11.81012
937	111	126234	100383	40.49188
938	111	126234	100382	5.06148
939	111	126234	100385	27.838140000000003
940	111	126234	101409	23.620240000000003
941	111	126234	100384	26.994560000000003
942	111	126234	101408	21.089499999999997
943	111	126234	100386	6.748640000000001
944	111	126234	101410	26.150980000000004
945	111	126234	101413	77.60932
946	111	126234	130479	1.14443
947	111	126234	100403	10.966540000000002
948	111	126234	126386	50.18844
949	111	126234	100405	20.245919999999998
950	111	126234	100404	5.0614799999999995
951	111	126234	130615	10.863373999999997
952	111	126234	100407	0.84358
953	111	126234	100406	11.810120000000001
954	111	126234	126393	1.173381
955	111	126234	130616	31.574839999999995
956	111	126234	126399	58.0
957	111	126234	131786	8.0
958	111	126234	131791	344.9018
959	111	126234	131027	0.98128
960	111	126234	131551	0.785935
961	111	126234	126307	6.0
962	111	126234	125545	2.0
963	111	126234	125673	0.32412949999999996
964	111	126234	133099	14.0
965	111	126234	133096	1.0
966	111	126234	125551	47.0
967	111	126234	132077	33.23916
968	111	126234	125553	10.0
969	111	126234	100849	14.340860000000001
970	111	126234	129913	13.886140000000001
971	111	126234	100345	24.463820000000002
972	111	126234	100344	40.49184
973	111	100381	125698	5.136849999999999
974	111	100381	132097	7.791550000000001
975	111	100381	100356	1.0
976	111	100381	100359	2.0
977	111	100381	100358	3.0
978	111	100381	100361	4.0
979	111	100381	100360	2.0
980	111	100381	100363	1.0
981	111	100381	100362	6.0
982	111	100381	100373	2.0
983	111	100381	100372	2.124
984	111	100381	100375	3.0
985	111	100381	126359	10.65216
986	111	100381	100374	2.0
987	111	100381	100377	9.0
988	111	100381	100376	7.0
989	111	100381	100379	15.0
990	111	100381	100378	9.0
991	111	100381	126234	2.23854
992	111	100381	125469	26.22672
993	111	100381	100380	9.0
994	111	100381	126364	5.7826
995	111	100381	100383	11.0
996	111	100381	131229	10.692
997	111	100381	100382	8.0
998	111	100381	101409	3.0
999	111	100381	100385	2.0
1000	111	100381	101408	5.0
1001	111	100381	100384	3.0
1002	111	100381	101410	1.0
1003	111	100381	100386	2.0
1004	111	100381	101413	11.0
1005	111	100381	130479	4.07874
1006	111	100381	100403	3.186
1007	111	100381	126386	8.05725
1008	111	100381	100405	11.682
1009	111	100381	100404	1.062
1010	111	100381	130615	3.226424
1011	111	100381	100407	5.0
1012	111	100381	100406	10.0
1013	111	100381	126393	13.939798
1014	111	100381	130616	11.93528
1015	111	100381	131786	9.315545
1016	111	100381	131791	17.8149
1017	111	100381	131027	0.58288
1018	111	100381	131551	2.801073
1019	111	100381	125669	13.136690000000002
1020	111	100381	125545	15.9723
1021	111	100381	125673	0.57346
1022	111	100381	125551	0.198852
1023	111	100381	100849	5.3100000000000005
1024	111	100381	125553	4.42392
1025	111	100381	129913	3.0388739999999994
1026	111	100381	100345	3.0
1027	111	100381	100344	3.0
1028	111	125469	125698	62.95647
1029	111	125469	132097	28.463997000000003
1030	111	125469	100356	2.642943
1031	111	125469	100359	7.598466
1032	111	125469	100358	3.6340520000000005
1033	111	125469	100361	174.83396000000002
1034	111	125469	100360	5.285895
1035	111	125469	100363	2.973316
1036	111	125469	100362	218.1072
1037	111	125469	100373	4.29479
1038	111	125469	100372	8.589576000000001
1039	111	125469	100375	6.277000000000001
1040	111	125469	126359	39.0
1041	111	125469	100374	6.276995
1042	111	125469	100377	203.9212
1043	111	125469	100376	17.179150000000003
1044	111	125469	130584	13.250475999999999
1045	111	125469	131483	13.0
1046	111	125469	100379	231.98779
1047	111	125469	100378	150.9888
1048	111	125469	126234	26.0
1049	111	125469	100381	102.41416000000001
1050	111	125469	100380	208.89190000000002
1051	111	125469	126364	222.04000000000002
1052	111	125469	100383	50.546380000000006
1053	111	125469	100382	31.71536
1054	111	125469	131229	2.0999999999999996
1055	111	125469	101409	12.223625
1056	111	125469	100385	36.67090999999999
1057	111	125469	101408	11.562888000000001
1058	111	125469	100384	23.125799999999998
1059	111	125469	101410	4.955525000000001
1060	111	125469	100386	4.955523
1061	111	125469	101413	41.62647
1062	111	125469	130479	44.060559999999995
1063	111	125469	100403	6.937733000000001
1064	111	125469	126386	43.67754000000001
1065	111	125469	100405	52.52858
1066	111	125469	100404	3.634049
1067	111	125469	100407	22.46505
1068	111	125469	130615	11.406546000000002
1069	111	125469	100406	71.35954
1070	111	125469	126393	59.13836
1071	111	125469	130616	37.17225
1072	111	125469	126399	51.8
1073	111	125469	130631	1.4
1074	111	125469	131786	87.0
1075	111	125469	131791	31.491
1076	111	125469	131027	5.495158
1077	111	125469	131551	113.3319
1078	111	125469	126307	22.400000000000002
1079	111	125469	125669	13.269359999999999
1080	111	125469	125545	197.0
1081	111	125469	125673	0.024933
1082	111	125469	133099	7.0
1083	111	125469	133096	21.000000000000004
1084	111	125469	132077	2.010764
1085	111	125469	100849	9.911043
1086	111	125469	100345	3.6340540000000003
1087	111	125469	129913	16.88262
1088	111	125469	100344	10.241412
1089	111	100380	125698	1.02737
1090	111	100380	132097	6.23324
1091	111	100380	100356	1.0
1092	111	100380	100359	2.0
1093	111	100380	100358	1.0
1094	111	100380	100361	2.0
1095	111	100380	100360	2.0
1096	111	100380	100362	4.0
1097	111	100380	100373	1.0
1098	111	100380	100372	2.0
1099	111	100380	100375	2.0
1100	111	100380	126359	10.65216
1101	111	100380	100374	1.0
1102	111	100380	100377	5.0
1103	111	100380	100376	4.0
1104	111	100380	100379	8.0
1105	111	100380	100378	6.0
1106	111	100380	126234	2.23854
1107	111	100380	100381	8.0
1108	111	100380	125469	16.1654
1109	111	100380	126364	5.7826
1110	111	100380	100383	7.0
1111	111	100380	131229	5.346
1112	111	100380	100382	5.0
1113	111	100380	101409	2.0
1114	111	100380	100385	2.0
1115	111	100380	101408	3.0
1116	111	100380	100384	1.0
1117	111	100380	101410	1.0
1118	111	100380	100386	1.0
1119	111	100380	101413	6.0
1120	111	100380	130479	4.07874
1121	111	100380	100403	2.0
1122	111	100380	126386	4.834350000000001
1123	111	100380	100405	6.0
1124	111	100380	100404	1.0
1125	111	100380	130615	2.4198180000000002
1126	111	100380	100407	3.0
1127	111	100380	100406	6.0
1128	111	100380	126393	6.505226
1129	111	100380	130616	3.41008
1130	111	100380	131786	12.049041
1131	111	100380	131791	17.8149
1132	111	100380	131027	0.58288
1133	111	100380	131551	0.933691
1134	111	100380	125669	5.63001
1135	111	100380	125545	20.708879999999997
1136	111	100380	125673	0.124665
1137	111	100380	133099	6.43421
1138	111	100380	125551	0.5617289999999999
1139	111	100380	125553	2.7771
1140	111	100380	100849	3.0
1141	111	100380	129913	1.302372
1142	111	100380	100345	3.0
1143	111	100380	100344	1.0
1144	111	126364	125698	5.188720999999999
1145	111	126364	100356	73.80259000000001
1146	111	126364	100359	18.923755999999997
1147	111	126364	100358	37.84758000000001
1148	111	126364	100361	68.12558
1149	111	126364	100360	65.287
1150	111	126364	100363	0.946188
1151	111	126364	100362	17.03139
1152	111	126364	100373	10.408088
1153	111	126364	100372	35.955147999999994
1154	111	126364	100375	14.192833999999998
1155	111	126364	100374	30.278068
1156	111	126364	100377	39.73987
1157	111	126364	131483	6.0
1158	111	126364	100376	24.600887999999998
1159	111	126364	100379	54.87897
1160	111	126364	126234	22.0
1161	111	126364	100378	48.255658
1162	111	126364	125469	17.0
1163	111	126364	100381	40.68609
1164	111	126364	100380	30.278028
1165	111	126364	100383	9.461888
1166	111	126364	100382	9.461896
1167	111	126364	100385	5.677126
1168	111	126364	101409	40.686110000000006
1169	111	126364	100384	3.784756
1170	111	126364	101408	40.686099999999996
1171	111	126364	100386	0.946188
1172	111	126364	101410	25.547098
1173	111	126364	101413	17.031390000000002
1174	111	126364	130479	2.28886
1175	111	126364	100403	19.869948
1176	111	126364	126386	2.71288
1177	111	126364	100405	33.11658
1178	111	126364	100404	8.515706
1179	111	126364	100407	3.784756
1180	111	126364	100406	17.031398
1181	111	126364	126399	2.0
1182	111	126364	131786	49.0
1183	111	126364	125545	40.0
1184	111	126364	125673	0.34906230000000005
1185	111	126364	133099	60.0
1186	111	126364	133096	256.0
1187	111	126364	125551	68.0
1188	111	126364	132077	9.43828
1189	111	126364	125553	177.0
1190	111	126364	100849	14.192838
1191	111	126364	100345	218.5696
1192	111	126364	100344	608.3988999999999
1193	111	100383	125698	3.0821099999999997
1194	111	100383	132097	14.024780000000003
1195	111	100383	100356	1.0
1196	111	100383	100359	2.0
1197	111	100383	100358	2.0
1198	111	100383	100361	3.0
1199	111	100383	100360	3.0
1200	111	100383	100362	6.0
1201	111	100383	100373	1.0
1202	111	100383	100372	3.186
1203	111	100383	100375	3.0
1204	111	100383	126359	10.65216
1205	111	100383	100374	1.0
1206	111	100383	100377	7.0
1207	111	100383	100376	6.0
1208	111	100383	131483	14.25
1209	111	100383	100379	11.0
1210	111	100383	100378	7.0
1211	111	100383	126234	3.3578099999999997
1212	111	100383	125469	5.0436060000000005
1213	111	100383	100381	11.0
1214	111	100383	100380	6.0
1215	111	100383	126364	1.44565
1216	111	100383	131229	10.692
1217	111	100383	100382	6.0
1218	111	100383	101409	3.0
1219	111	100383	100385	2.0
1220	111	100383	101408	3.0
1221	111	100383	100384	3.0
1222	111	100383	101410	1.0
1223	111	100383	100386	1.0
1224	111	100383	101413	9.0
1225	111	100383	130479	2.71916
1226	111	100383	100403	2.124
1227	111	100383	126386	9.668709999999999
1228	111	100383	100405	8.496
1229	111	100383	100404	1.062
1230	111	100383	130615	6.452846000000001
1231	111	100383	100407	4.0
1232	111	100383	100406	7.0
1233	111	100383	126393	12.545814
1234	111	100383	130616	15.34536
1235	111	100383	131786	9.140085000000001
1236	111	100383	131791	17.8149
1237	111	100383	125545	10.99644
1238	111	100383	125673	0.598393
1239	111	100383	133099	25.73684
1240	111	100383	125551	0.198852
1241	111	100383	100849	4.248
1242	111	100383	125553	5.89856
1243	111	100383	129913	2.604748
1244	111	100383	100345	3.0
1245	111	100383	100344	3.0
1246	111	100382	125698	4.10948
1247	111	100382	132097	4.67493
1248	111	100382	100356	1.0
1249	111	100382	100359	2.0
1250	111	100382	100358	1.0
1251	111	100382	100361	2.0
1252	111	100382	100360	1.0
1253	111	100382	100362	4.0
1254	111	100382	100373	1.0
1255	111	100382	100372	1.062
1256	111	100382	100375	2.0
1257	111	100382	126359	7.10144
1258	111	100382	100374	1.0
1259	111	100382	100377	6.0
1260	111	100382	100376	4.0
1261	111	100382	100379	9.0
1262	111	100382	100378	4.0
1263	111	100382	126234	1.11927
1264	111	100382	125469	4.203005
1265	111	100382	100381	9.0
1266	111	100382	100380	5.0
1267	111	100382	100383	6.0
1268	111	100382	131229	5.346
1269	111	100382	101409	2.0
1270	111	100382	100385	2.0
1271	111	100382	101408	2.0
1272	111	100382	100384	2.0
1273	111	100382	101410	1.0
1274	111	100382	101413	6.0
1275	111	100382	130479	8.15748
1276	111	100382	100403	2.124
1277	111	100382	126386	3.2229
1278	111	100382	100405	6.372000000000001
1279	111	100382	100404	1.062
1280	111	100382	130615	3.226424
1281	111	100382	100407	3.0
1282	111	100382	100406	5.0
1283	111	100382	126393	8.828528
1284	111	100382	130616	1.70504
1285	111	100382	131786	10.054096000000001
1286	111	100382	131791	17.8149
1287	111	100382	131027	0.58288
1288	111	100382	131551	2.801073
1289	111	100382	125669	7.50668
1290	111	100382	125545	16.49466
1291	111	100382	125673	0.42386159999999995
1292	111	100382	132077	0.487508
1293	111	100382	100849	3.186
1294	111	100382	125553	1.47464
1295	111	100382	129913	2.1706220000000003
1296	111	100382	100345	1.0
1297	111	100382	100344	3.0
1298	111	131229	133122	1.0
1299	111	131229	125698	3.459144
1300	111	131229	100356	4.1375
1301	111	131229	100359	7.240640000000001
1302	111	131229	100358	2.06876
1303	111	131229	131786	2.124
1304	111	131229	100361	71.37179
1305	111	131229	100360	11.378120000000001
1306	111	131229	100363	2.06875
1307	111	131229	100362	62.06247
1308	111	131229	131027	0.49064
1309	111	131229	100372	1.09851
1310	111	131229	100375	9.3094
1311	111	131229	100374	4.13752
1312	111	131229	100377	10.34376
1313	111	131229	100376	11.37814
1314	111	131229	100379	13.446890000000003
1315	111	131229	126234	3.0
1316	111	131229	100378	5.171900000000001
1317	111	131229	125469	1.56
1318	111	131229	100381	13.44688
1319	111	131229	100380	3.10313
1320	111	131229	100383	11.37813
1321	111	131229	100382	6.206270000000002
1322	111	131229	101409	4.13752
1323	111	131229	100385	13.446890000000002
1324	111	131229	101408	4.13752
1325	111	131229	100384	4.137510000000001
1326	111	131229	100386	1.03438
1327	111	131229	101413	29.996879999999997
1328	111	131229	125545	2.124
1329	111	131229	125673	0.12466509999999999
1330	111	131229	133099	19.0
1331	111	131229	133096	3.0
1332	111	131229	125551	7.434000000000001
1333	111	131229	132077	4.92432
1334	111	131229	125553	9.558
1335	111	131229	100849	2.19702
1336	111	131229	100405	5.49253
1337	111	131229	100404	1.09851
1338	111	131229	100407	4.13752
1339	111	131229	100406	6.206270000000002
1340	111	131229	100345	6.20626
1341	111	131229	130616	1.43522
1342	111	101409	132097	1.55831
1343	111	101409	100356	1.0
1344	111	101409	100358	1.0
1345	111	101409	131786	4.303255
1346	111	101409	100361	1.0
1347	111	101409	100360	2.0
1348	111	101409	100362	2.0
1349	111	101409	131027	1.16576
1350	111	101409	100372	1.0
1351	111	101409	100375	1.0
1352	111	101409	126359	7.10144
1353	111	101409	100374	1.0
1354	111	101409	100377	3.0
1355	111	101409	100376	2.0
1356	111	101409	131483	14.25
1357	111	101409	100379	4.0
1358	111	101409	100378	2.0
1359	111	101409	126234	2.23854
1360	111	101409	100381	4.0
1361	111	101409	125469	1.61654
1362	111	101409	131551	0.933691
1363	111	101409	100380	2.0
1364	111	101409	126364	4.33695
1365	111	101409	100383	3.0
1366	111	101409	100382	1.0
1367	111	101409	100385	1.0
1368	111	101409	100384	1.0
1369	111	101409	101408	1.0
1370	111	101409	101410	1.0
1371	111	101409	101413	3.0
1372	111	101409	125545	2.58861
1373	111	101409	125673	0.049866
1374	111	101409	133099	25.73684
1375	111	101409	125551	0.936215
1376	111	101409	125553	2.7771
1377	111	101409	100849	1.0
1378	111	101409	100403	1.0
1379	111	101409	126386	3.2229
1380	111	101409	100405	3.0
1381	111	101409	130615	0.806606
1382	111	101409	100407	1.0
1383	111	101409	100406	2.0
1384	111	101409	129913	0.217062
1385	111	101409	126393	2.323295
1386	111	101409	130616	3.41008
1387	111	101409	100344	2.0
1388	111	100385	132097	1.55831
1389	111	100385	100356	1.0
1390	111	100385	131786	0.860651
1391	111	100385	100361	2.0
1392	111	100385	100360	1.0
1393	111	100385	100362	2.0
1394	111	100385	100375	1.0
1395	111	100385	126359	3.55072
1396	111	100385	100376	1.0
1397	111	100385	100379	2.0
1398	111	100385	100378	1.0
1399	111	100385	100381	2.0
1400	111	100385	100380	1.0
1401	111	100385	100383	1.0
1402	111	100385	131229	5.346
1403	111	100385	100382	1.0
1404	111	100385	101408	1.0
1405	111	100385	100386	1.0
1406	111	100385	101413	1.0
1407	111	100385	125673	0.074799
1408	111	100385	133099	12.86842
1409	111	100385	125553	1.38855
1410	111	100385	100849	1.0
1411	111	100385	126386	8.05725
1412	111	100385	100405	1.0
1413	111	100385	100406	2.0
1414	111	100385	129913	0.217062
1415	111	100385	126393	2.787954
1416	111	100385	130616	1.70504
1417	111	100385	100344	1.0
1418	111	101408	132097	3.11662
1419	111	101408	125698	1.02737
1420	111	101408	100356	1.0
1421	111	101408	100359	1.0
1422	111	101408	100358	1.0
1423	111	101408	100361	2.0
1424	111	101408	100360	1.0
1425	111	101408	100363	1.0
1426	111	101408	100362	2.0
1427	111	101408	100373	1.0
1428	111	101408	100372	1.0
1429	111	101408	100375	2.0
1430	111	101408	126359	7.10144
1431	111	101408	100377	3.0
1432	111	101408	100376	3.0
1433	111	101408	131483	14.25
1434	111	101408	100379	5.0
1435	111	101408	100378	3.0
1436	111	101408	126234	3.3578099999999997
1437	111	101408	100381	5.0
1438	111	101408	125469	4.84962
1439	111	101408	100380	3.0
1440	111	101408	126364	5.7826
1441	111	101408	100383	4.0
1442	111	101408	100382	2.0
1443	111	101408	100385	1.0
1444	111	101408	101409	2.0
1445	111	101408	100384	1.0
1446	111	101408	101413	4.0
1447	111	101408	100403	1.0
1448	111	101408	126386	9.6687
1449	111	101408	100405	3.0
1450	111	101408	100404	1.0
1451	111	101408	130615	1.613212
1452	111	101408	100407	2.0
1453	111	101408	100406	3.0
1454	111	101408	126393	3.252613
1455	111	101408	130616	3.41008
1456	111	101408	131786	9.467125000000001
1457	111	101408	131027	0.58288
1458	111	101408	131551	0.933691
1459	111	101408	125669	1.87667
1460	111	101408	125545	7.76583
1461	111	101408	125673	0.024933
1462	111	101408	133099	6.43421
1463	111	101408	125551	1.123458
1464	111	101408	125553	4.165649999999999
1465	111	101408	100849	1.0
1466	111	101408	129913	0.217062
1467	111	101408	100345	1.0
1468	111	101408	100344	1.0
1469	111	100384	125698	1.02737
1470	111	100384	132097	6.23324
1471	111	100384	100359	1.0
1472	111	100384	100358	1.0
1473	111	100384	131786	1.828022
1474	111	100384	100361	2.0
1475	111	100384	100362	2.0
1476	111	100384	131791	17.8149
1477	111	100384	100373	1.0
1478	111	100384	100375	1.0
1479	111	100384	126359	3.55072
1480	111	100384	100377	2.0
1481	111	100384	100376	2.0
1482	111	100384	100379	3.0
1483	111	100384	100378	2.0
1484	111	100384	126234	1.11927
1485	111	100384	125469	1.681202
1486	111	100384	100381	3.0
1487	111	100384	100380	2.0
1488	111	100384	100383	3.0
1489	111	100384	100382	1.0
1490	111	100384	101409	1.0
1491	111	100384	100385	1.0
1492	111	100384	101408	1.0
1493	111	100384	101413	3.0
1494	111	100384	125545	5.49822
1495	111	100384	125673	0.17453100000000002
1496	111	100384	133099	19.30263
1497	111	100384	125551	0.198852
1498	111	100384	100849	1.062
1499	111	100384	125553	2.9493
1500	111	100384	100403	1.062
1501	111	100384	126386	6.4458
1502	111	100384	100405	2.124
1503	111	100384	130615	0.806606
1504	111	100384	100407	1.0
1505	111	100384	100406	2.0
1506	111	100384	129913	1.08531
1507	111	100384	126393	4.1819310000000005
1508	111	100384	100345	1.0
1509	111	100384	130616	6.82016
1510	111	100384	100344	1.0
1511	111	101410	133122	1.0
1512	111	101410	125698	1.02737
1513	111	101410	100359	1.0
1514	111	101410	131786	0.860651
1515	111	101410	100361	1.0
1516	111	101410	100362	1.0
1517	111	101410	131027	0.58288
1518	111	101410	100372	1.0
1519	111	101410	126359	3.55072
1520	111	101410	100374	1.0
1521	111	101410	100377	1.0
1522	111	101410	100376	2.0
1523	111	101410	100379	2.0
1524	111	101410	100378	1.0
1525	111	101410	126234	3.3578099999999997
1526	111	101410	100381	2.0
1527	111	101410	125469	1.61654
1528	111	101410	131551	0.933691
1529	111	101410	100380	1.0
1530	111	101410	126364	4.33695
1531	111	101410	100383	1.0
1532	111	101410	100382	1.0
1533	111	101410	100384	1.0
1534	111	101410	101408	1.0
1535	111	101410	101413	2.0
1536	111	101410	125545	2.58861
1537	111	101410	125673	0.024933
1538	111	101410	133099	19.30263
1539	111	101410	125551	0.374486
1540	111	101410	125553	1.38855
1541	111	101410	100849	1.0
1542	111	101410	100403	1.0
1543	111	101410	126386	3.2229
1544	111	101410	100405	1.0
1545	111	101410	100406	2.0
1546	111	101410	126393	1.393977
1547	111	101410	100345	1.0
1548	111	101410	130616	3.41008
1549	111	101410	100344	1.0
1550	111	100386	125698	1.02737
1551	111	100386	100359	1.0
1552	111	100386	100361	1.0
1553	111	100386	100362	1.0
1554	111	100386	131027	1.74864
1555	111	100386	126359	3.55072
1556	111	100386	100377	1.0
1557	111	100386	100376	1.0
1558	111	100386	100379	1.0
1559	111	100386	100378	1.0
1560	111	100386	126234	1.11927
1561	111	100386	125469	0.840601
1562	111	100386	100381	2.0
1563	111	100386	100380	1.0
1564	111	100386	100383	1.0
1565	111	100386	131229	5.346
1566	111	100386	101409	1.0
1567	111	100386	100385	1.0
1568	111	100386	101413	1.0
1569	111	100386	125673	0.024933
1570	111	100386	133099	6.43421
1571	111	100386	125553	1.47464
1572	111	100386	126386	1.61145
1573	111	100386	100405	1.062
1574	111	100386	100407	1.0
1575	111	100386	129913	0.651186
1576	111	100386	126393	1.393977
1577	111	100386	100344	1.0
1578	111	101413	125698	2.05474
1579	111	101413	100356	2.0
1580	111	101413	100359	2.0
1581	111	101413	100358	2.0
1582	111	101413	100361	4.0
1583	111	101413	100360	3.0
1584	111	101413	100362	6.0
1585	111	101413	100373	1.0
1586	111	101413	100372	2.124
1587	111	101413	100375	3.0
1588	111	101413	126359	21.304319999999997
1589	111	101413	100374	1.0
1590	111	101413	100377	9.0
1591	111	101413	100376	7.0
1592	111	101413	100379	10.0
1593	111	101413	100378	7.0
1594	111	101413	126234	4.47708
1595	111	101413	125469	9.07848
1596	111	101413	100381	11.0
1597	111	101413	100380	6.0
1598	111	101413	126364	2.8913
1599	111	101413	100383	8.0
1600	111	101413	131229	10.692
1601	111	101413	100382	6.0
1602	111	101413	100385	1.0
1603	111	101413	101409	3.0
1604	111	101413	100384	3.0
1605	111	101413	101408	4.0
1606	111	101413	100386	2.0
1607	111	101413	101410	1.0
1608	111	101413	130479	1.35958
1609	111	101413	100403	2.124
1610	111	101413	126386	29.00617
1611	111	101413	100405	7.434000000000001
1612	111	101413	100404	1.062
1613	111	101413	130615	0.806606
1614	111	101413	100407	4.0
1615	111	101413	100406	7.0
1616	111	101413	126393	13.939786999999999
1617	111	101413	130616	10.23024
1618	111	101413	131786	1.791457
1619	111	101413	131791	35.6298
1620	111	101413	131027	3.4972799999999995
1621	111	101413	131551	0.933691
1622	111	101413	125545	6.38892
1623	111	101413	125673	0.4986608
1624	111	101413	133099	57.90785
1625	111	101413	125551	0.397704
1626	111	101413	132077	0.487508
1627	111	101413	100849	3.186
1628	111	101413	125553	5.89858
1629	111	101413	129913	0.434124
1630	111	101413	100345	3.0
1631	111	101413	100344	4.0
1632	111	130479	125698	0.864787
1633	111	130479	100358	2.06767
1634	111	130479	131786	186.68571
1635	111	130479	100361	2.06767
1636	111	130479	100360	2.06767
1637	111	130479	100362	4.13534
1638	111	130479	100372	10.97935
1639	111	130479	100374	8.27068
1640	111	130479	100377	22.74435
1641	111	130479	131483	6.203010000000001
1642	111	130479	100376	2.06767
1643	111	130479	100379	55.82694000000001
1644	111	130479	100378	55.82694000000001
1645	111	130479	125469	0.5451196
1646	111	130479	100381	212.96970000000005
1647	111	130479	100380	72.36831000000001
1648	111	130479	100383	24.812
1649	111	130479	100382	74.43601
1650	111	130479	100385	4.13534
1651	111	130479	100384	2.06767
1652	111	130479	101408	16.54133
1653	111	130479	126307	2.06767
1654	111	130479	101413	4.13534
1655	111	130479	125545	71.31272
1656	111	130479	125673	1.5707816
1657	111	130479	133099	6.203010000000001
1658	111	130479	125551	4.39174
1659	111	130479	125553	6.58759
1660	111	130479	100849	15.37105
1661	111	130479	100403	8.78348
1662	111	130479	100405	68.07181
1663	111	130479	100404	17.12775
1664	111	130479	100407	37.218
1665	111	130479	100406	97.18020000000001
1666	111	130479	129913	2.923396
1667	111	130479	126393	10.560431000000001
1668	111	126384	125698	144.0
1669	111	126384	132097	3.756753
1670	111	126384	100356	6.678677
1671	111	126384	100359	15.86186
1672	111	126384	100358	6.678671
1673	111	126384	100361	112.28544000000001
1674	111	126384	100360	12.939935
1675	111	126384	100363	28.80179
1676	111	126384	100362	151.93992
1677	111	126384	100373	7.9309270000000005
1678	111	126384	100372	14.185525
1679	111	126384	100375	17.531534999999998
1680	111	126384	100374	14.609605
1681	111	126384	100377	71.79577
1682	111	126384	131483	3.7567559999999998
1683	111	126384	100376	48.83781
1684	111	126384	130584	1.6696689999999998
1685	111	126384	100379	139.83480000000003
1686	111	126384	100378	80.1442
1687	111	126384	126234	31.72373
1688	111	126384	125469	53.39604
1689	111	126384	100381	136.07803
1690	111	126384	100380	67.62164999999999
1691	111	126384	100383	96.00583
1692	111	126384	100382	54.264250000000004
1693	111	126384	100385	75.13513
1694	111	126384	101409	16.279272
1695	111	126384	100384	39.65466
1696	111	126384	101408	28.38438
1697	111	126384	100386	14.609605
1698	111	126384	101410	7.513507000000001
1699	111	126384	101413	84.31837000000002
1700	111	126384	130479	3.339337
1701	111	126384	100403	7.092754
1702	111	126384	126386	4.591588000000001
1703	111	126384	100405	73.58724000000001
1704	111	126384	100404	7.9793449999999995
1705	111	126384	100407	25.46247
1706	111	126384	130615	13.774769000000001
1707	111	126384	100406	87.24037
1708	111	126384	130616	27.54954
1709	111	126384	131786	56.29882
1710	111	126384	131791	2.0
1711	111	126384	131027	18.36637
1712	111	126384	131551	10.435437
1713	111	126384	125545	7.536057
1714	111	126384	125673	633.0
1715	111	126384	133099	27.96697
1716	111	126384	133096	2.92192
1717	111	126384	125551	3.9896760000000002
1718	111	126384	132077	68.45651000000001
1719	111	126384	125553	21.72157
1720	111	126384	100849	17.73189
1721	111	126384	100345	10.435425
1722	111	126384	100344	2.921917
1723	111	100403	125698	1.02737
1724	111	100403	132097	1.55831
1725	111	100403	100356	1.0
1726	111	100403	100359	1.0
1727	111	100403	100358	1.0
1728	111	100403	131786	12.049064000000001
1729	111	100403	100361	3.0
1730	111	100403	100360	1.0
1731	111	100403	100362	3.0
1732	111	100403	100373	1.0
1733	111	100403	100372	1.0
1734	111	100403	100375	2.0
1735	111	100403	126359	7.10144
1736	111	100403	100377	4.0
1737	111	100403	100376	2.0
1738	111	100403	100379	5.0
1739	111	100403	100378	3.0
1740	111	100403	126234	1.11927
1741	111	100403	100381	6.0
1742	111	100403	125469	3.23308
1743	111	100403	131551	1.867382
1744	111	100403	100380	3.0
1745	111	100403	126364	8.673900000000001
1746	111	100403	100383	4.0
1747	111	100403	100382	2.0
1748	111	100403	101409	1.0
1749	111	100403	100385	2.0
1750	111	100403	101408	2.0
1751	111	100403	100384	1.0
1752	111	100403	101410	1.0
1753	111	100403	125669	3.75334
1754	111	100403	101413	4.0
1755	111	100403	125545	38.82915
1756	111	100403	125673	0.024933
1757	111	100403	125551	2.808655
1758	111	100403	125553	4.165649999999999
1759	111	100403	100849	2.0
1760	111	100403	126386	4.834350000000001
1761	111	100403	100405	3.0
1762	111	100403	100404	1.0
1763	111	100403	130615	1.613212
1764	111	100403	100407	1.0
1765	111	100403	100406	4.0
1766	111	100403	129913	1.08531
1767	111	100403	126393	1.858636
1768	111	100403	100345	1.0
1769	111	100403	130616	1.70504
1770	111	100403	100344	3.0
1771	111	126386	125698	0.864787
1772	111	126386	100356	10.49132
1773	111	126386	100359	40.21672
1774	111	126386	100358	22.73119
1775	111	126386	131786	24.140520000000002
1776	111	126386	100361	1.74855
1777	111	126386	100360	3.4971
1778	111	126386	100363	1.74855
1779	111	126386	100362	494.49080000000004
1780	111	126386	100373	13.988430000000001
1781	111	126386	100372	22.28355
1782	111	126386	100375	50.708079999999995
1783	111	126386	100374	19.234090000000005
1784	111	126386	100377	87.42757
1785	111	126386	131483	1.74855
1786	111	126386	100376	103.16465000000001
1787	111	126386	100379	34.97106
1788	111	126386	100378	38.468140000000005
1789	111	126386	126234	50.70803
1790	111	126386	125469	6.36473
1791	111	126386	100381	36.71959
1792	111	126386	100380	15.73697
1793	111	126386	100383	43.71383
1794	111	126386	100382	13.988420000000001
1795	111	126386	101409	40.21672
1796	111	126386	100385	660.9531000000001
1797	111	126386	100384	41.96526000000001
1798	111	126386	101408	38.46819
1799	111	126386	126307	1.74855
1800	111	126386	100386	34.97107
1801	111	126386	101410	27.97685
1802	111	126386	101413	592.4098
1803	111	126386	125545	27.854450000000003
1804	111	126386	125673	1.1219864000000002
1805	111	126386	133099	160.8667
1806	111	126386	125551	3.71392
1807	111	126386	125553	27.854480000000002
1808	111	126386	100849	20.4266
1809	111	126386	100403	9.28481
1810	111	126386	100405	11.14177
1811	111	126386	100404	5.57088
1812	111	126386	100407	6.99421
1813	111	126386	100406	8.74276
1814	111	126386	126393	25.814379999999996
1815	111	126386	100344	1.74855
1816	111	100405	125698	2.05474
1817	111	100405	132097	4.67493
1818	111	100405	100356	2.0
1819	111	100405	100359	2.0
1820	111	100405	100358	2.0
1821	111	100405	100361	5.0
1822	111	100405	100360	3.0
1823	111	100405	100362	7.0
1824	111	100405	100373	2.0
1825	111	100405	100372	3.0
1826	111	100405	100375	3.0
1827	111	100405	126359	17.7536
1828	111	100405	100374	1.0
1829	111	100405	100377	9.0
1830	111	100405	100376	6.0
1831	111	100405	131483	14.25
1832	111	100405	100379	11.0
1833	111	100405	100378	8.0
1834	111	100405	126234	2.23854
1835	111	100405	100381	13.0
1836	111	100405	125469	32.3308
1837	111	100405	100380	8.0
1838	111	100405	126364	8.673900000000001
1839	111	100405	100383	9.0
1840	111	100405	100382	7.0
1841	111	100405	101409	3.0
1842	111	100405	100385	2.0
1843	111	100405	101408	5.0
1844	111	100405	100384	4.0
1845	111	100405	101410	1.0
1846	111	100405	100386	1.0
1847	111	100405	101413	10.0
1848	111	100405	130479	4.07874
1849	111	100405	100403	3.0
1850	111	100405	126386	8.05725
1851	111	100405	100404	2.0
1852	111	100405	130615	1.613212
1853	111	100405	100407	4.0
1854	111	100405	100406	8.0
1855	111	100405	126393	9.757851
1856	111	100405	130616	6.82016
1857	111	100405	130631	1.188
1858	111	100405	131786	12.049064000000001
1859	111	100405	131791	17.8149
1860	111	100405	131551	3.734764
1861	111	100405	125669	7.50668
1862	111	100405	125545	51.7722
1863	111	100405	125673	0.099732
1864	111	100405	125551	0.748972
1865	111	100405	100849	4.0
1866	111	100405	129913	1.95356
1867	111	100405	100345	3.0
1868	111	100405	100344	4.0
1869	111	100404	125698	1.02737
1870	111	100404	100356	1.0
1871	111	100404	100359	1.0
1872	111	100404	100361	2.0
1873	111	100404	100360	1.0
1874	111	100404	100362	3.0
1875	111	100404	100372	1.0
1876	111	100404	100375	1.0
1877	111	100404	126359	7.10144
1878	111	100404	100374	1.0
1879	111	100404	100377	3.0
1880	111	100404	100376	3.0
1881	111	100404	131483	14.25
1882	111	100404	100379	5.0
1883	111	100404	100378	3.0
1884	111	100404	126234	2.23854
1885	111	100404	100381	4.0
1886	111	100404	125469	1.61654
1887	111	100404	100380	2.0
1888	111	100404	126364	7.228250000000001
1889	111	100404	100383	3.0
1890	111	100404	100382	3.0
1891	111	100404	101409	1.0
1892	111	100404	100385	1.0
1893	111	100404	101408	2.0
1894	111	100404	100384	1.0
1895	111	100404	100386	1.0
1896	111	100404	101413	4.0
1897	111	100404	130479	1.35958
1898	111	100404	100403	1.0
1899	111	100404	126386	3.2229
1900	111	100404	100405	2.0
1901	111	100404	130615	1.613212
1902	111	100404	100407	2.0
1903	111	100404	100406	3.0
1904	111	100404	126393	3.2526129999999998
1905	111	100404	130616	1.70504
1906	111	100404	131786	6.885184
1907	111	100404	131027	0.58288
1908	111	100404	131551	1.867382
1909	111	100404	125669	3.75334
1910	111	100404	125545	31.063319999999994
1911	111	100404	125673	0.024933
1912	111	100404	125551	2.808655
1913	111	100404	125553	4.165649999999999
1914	111	100404	100849	1.0
1915	111	100404	129913	0.651186
1916	111	100404	100345	1.0
1917	111	100404	100344	3.0
1918	111	100407	125698	5.136839999999999
1919	111	100407	132097	1.55831
1920	111	100407	100356	1.0
1921	111	100407	100359	1.0
1922	111	100407	131786	2.742033
1923	111	100407	100361	1.0
1924	111	100407	100360	1.0
1925	111	100407	100362	3.0
1926	111	100407	131791	17.8149
1927	111	100407	131027	0.58288
1928	111	100407	100373	1.0
1929	111	100407	100372	1.062
1930	111	100407	100375	1.0
1931	111	100407	126359	3.55072
1932	111	100407	100377	3.0
1933	111	100407	100376	3.0
1934	111	100407	100379	4.0
1935	111	100407	100378	3.0
1936	111	100407	126234	1.11927
1937	111	100407	125469	3.362404
1938	111	100407	100381	6.0
1939	111	100407	131551	3.734764
1940	111	100407	100380	3.0
1941	111	100407	100383	5.0
1942	111	100407	100382	2.0
1943	111	100407	101409	1.0
1944	111	100407	100385	1.0
1945	111	100407	101408	2.0
1946	111	100407	100384	1.0
1947	111	100407	125669	3.75334
1948	111	100407	101413	4.0
1949	111	100407	125545	8.24733
1950	111	100407	125673	0.2493302
1951	111	100407	130479	2.71916
1952	111	100407	100849	1.062
1953	111	100407	100403	1.062
1954	111	100407	126386	1.61145
1955	111	100407	100405	4.248
1956	111	100407	100404	1.062
1957	111	100407	130615	0.806606
1958	111	100407	100406	3.0
1959	111	100407	129913	0.868248
1960	111	100407	126393	5.111249
1961	111	100407	100345	1.0
1962	111	100407	100344	1.0
1963	111	130615	125698	0.864787
1964	111	130615	100358	1.12768
1965	111	130615	131786	61.07743
1966	111	130615	100361	1.12768
1967	111	130615	100360	1.12768
1968	111	130615	100362	2.25536
1969	111	130615	100372	5.9879999999999995
1970	111	130615	100374	4.51072
1971	111	130615	100377	12.40447
1972	111	130615	131483	3.3830400000000003
1973	111	130615	100376	1.12768
1974	111	130615	100379	30.447320000000005
1975	111	130615	100378	30.447320000000005
1976	111	130615	125469	22.86931
1977	111	130615	100381	116.1509
1978	111	130615	100380	39.468740000000004
1979	111	130615	100383	13.53216
1980	111	130615	100382	40.596410000000006
1981	111	130615	100385	2.25536
1982	111	130615	100384	1.12768
1983	111	130615	101408	9.02144
1984	111	130615	126307	1.12768
1985	111	130615	101413	2.25536
1986	111	130615	125545	27.544690000000003
1987	111	130615	125673	1.5707816
1988	111	130615	133099	3.3830400000000003
1989	111	130615	125551	2.3952
1990	111	130615	125553	3.59279
1991	111	130615	100849	8.38318
1992	111	130615	100403	4.7904
1993	111	130615	100405	37.125420000000005
1994	111	130615	100404	7.1855899999999995
1995	111	130615	100407	20.29822
1996	111	130615	100406	53.00092000000001
1997	111	130615	129913	2.923396
1998	111	130615	126393	10.560431000000001
1999	111	100406	125698	1.02737
2000	111	100406	132097	3.11662
2001	111	100406	100356	1.0
2002	111	100406	100359	2.0
2003	111	100406	100358	1.0
2004	111	100406	100361	3.0
2005	111	100406	100360	1.0
2006	111	100406	100362	4.0
2007	111	100406	100373	1.0
2008	111	100406	100372	1.062
2009	111	100406	100375	2.0
2010	111	100406	126359	3.55072
2011	111	100406	100374	1.0
2012	111	100406	100377	5.0
2013	111	100406	100376	5.0
2014	111	100406	100379	8.0
2015	111	100406	100378	6.0
2016	111	100406	126234	1.11927
2017	111	100406	125469	10.927805
2018	111	100406	100381	9.0
2019	111	100406	100380	6.0
2020	111	100406	126364	4.33695
2021	111	100406	100383	7.0
2022	111	100406	131229	5.346
2023	111	100406	100382	6.0
2024	111	100406	101409	3.0
2025	111	100406	100385	2.0
2026	111	100406	101408	2.0
2027	111	100406	100384	1.0
2028	111	100406	101413	7.0
2029	111	100406	130479	9.51707
2030	111	100406	100403	3.186
2031	111	100406	126386	1.61145
2032	111	100406	100405	7.434000000000001
2033	111	100406	130615	1.613212
2034	111	100406	100407	4.0
2035	111	100406	126393	8.82853
2036	111	100406	130616	1.70504
2037	111	100406	131786	5.484066
2038	111	100406	131791	17.8149
2039	111	100406	131027	1.16576
2040	111	100406	131551	2.801073
2041	111	100406	125669	5.63001
2042	111	100406	125545	27.491080000000004
2043	111	100406	125673	0.1994641
2044	111	100406	100849	3.186
2045	111	100406	129913	1.7364960000000003
2046	111	100406	100345	2.0
2047	111	100406	100344	1.0
2048	111	130616	100356	1.5357720000000001
2049	111	130616	100359	2.559616
2050	111	130616	100358	2.8155780000000004
2051	111	130616	100361	2.047694
2052	111	130616	100360	1.7917319999999999
2053	111	130616	100363	0.511924
2054	111	130616	100362	21.50078
2055	111	130616	100373	3.8394259999999996
2056	111	130616	100372	3.5338119999999997
2057	111	130616	100375	6.143090000000001
2058	111	130616	126359	3.07154
2059	111	130616	100374	5.887124000000001
2060	111	130616	100377	34.55482
2061	111	130616	100376	15.357679999999997
2062	111	130616	131483	2.303655
2063	111	130616	100379	33.01905
2064	111	130616	100378	14.84578
2065	111	130616	126234	4.095386
2066	111	130616	125469	2.262701
2067	111	130616	100381	11.518268
2068	111	130616	100380	7.4228879999999995
2069	111	130616	126364	0.255962
2070	111	130616	100383	33.53097
2071	111	130616	100382	5.375201000000001
2072	111	130616	131229	2.5596170000000003
2073	111	130616	100385	12.542109999999997
2074	111	130616	101409	6.655008
2075	111	130616	100384	16.38153
2076	111	130616	101408	10.750388
2077	111	130616	100386	0.7678860000000001
2078	111	130616	101410	5.119233
2079	111	130616	101413	26.10808
2080	111	130616	100403	4.349303999999999
2081	111	130616	126386	0.347198
2082	111	130616	100405	5.980302
2083	111	130616	100404	1.087324
2084	111	130616	100407	0.511924
2085	111	130616	100406	3.839429
2086	111	130616	126393	51.237610000000004
2087	111	130616	126399	3.839424
2088	111	130616	131786	43.22118
2089	111	130616	131791	29.9914
2090	111	130616	126307	0.767885
2091	111	130616	125545	12.232416
2092	111	130616	125673	0.099732
2093	111	130616	133099	8.702697
2094	111	130616	133096	1.023848
2095	111	130616	125551	0.815496
2096	111	130616	100849	3.2619819999999997
2097	111	130616	125553	4.077474
2098	111	130616	100345	1.023848
2099	111	130616	129913	6.394925
2100	111	130616	100344	1.791733
2101	111	126392	100361	1.0
2102	111	126392	129913	0.5481360000000001
2103	111	126399	125698	3.4591469999999997
2104	111	126399	100359	15.584559999999998
2105	111	126399	100358	10.3897
2106	111	126399	100361	51.94852
2107	111	126399	100360	3.46324
2108	111	126399	100363	48.48524999999999
2109	111	126399	100362	76.19112
2110	111	126399	100373	3.46324
2111	111	126399	100372	9.194880000000001
2112	111	126399	100375	22.51101
2113	111	126399	100374	6.92647
2114	111	126399	100377	53.68011
2115	111	126399	131483	1.0
2116	111	126399	100376	45.022009999999995
2117	111	126399	100379	76.19115
2118	111	126399	126234	60.0
2119	111	126399	100378	27.705869999999997
2120	111	126399	125469	14.040000000000001
2121	111	126399	100381	53.680099999999996
2122	111	126399	100380	27.705869999999997
2123	111	126399	100383	48.48526
2124	111	126399	131229	1.0
2125	111	126399	100382	15.58454
2126	111	126399	100385	64.06982
2127	111	126399	101409	15.584559999999998
2128	111	126399	100384	25.974249999999998
2129	111	126399	101408	17.31616
2130	111	126399	100386	32.90071
2131	111	126399	101410	6.92648
2132	111	126399	101413	77.92289
2133	111	126399	130479	1.14443
2134	111	126399	100403	11.03386
2135	111	126399	126386	4.06933
2136	111	126399	100405	25.745669999999997
2137	111	126399	100404	3.67796
2138	111	126399	100407	5.19485
2139	111	126399	100406	29.437479999999997
2140	111	126399	130616	4.30566
2141	111	126399	131786	20.178
2142	111	126399	131791	14.9957
2143	111	126399	131027	18.15368
2144	111	126399	126307	2.0
2145	111	126399	125545	9.558000000000002
2146	111	126399	125673	1.2466504
2147	111	126399	133099	26.0
2148	111	126399	133096	4.0
2149	111	126399	125551	5.3100000000000005
2150	111	126399	132077	139.11218
2151	111	126399	125553	23.363999999999997
2152	111	126399	100849	7.35592
2153	111	126399	129913	22.839057000000004
2154	111	126399	100345	12.121329999999999
2155	111	126399	100344	13.852939999999998
2156	111	130631	100384	2.0
2157	111	130631	125698	0.864787
2158	111	130631	101413	1.0
2159	111	130631	100358	1.0
2160	111	130631	131786	5.3100000000000005
2161	111	130631	125545	4.248
2162	111	130631	125673	0.4986604000000001
2163	111	130631	133099	2.0
2164	111	130631	133096	2.0
2165	111	130631	125553	3.186
2166	111	130631	100405	7.434
2167	111	130631	100373	1.0
2168	111	130631	100406	1.0
2169	111	130631	100377	1.0
2170	111	130631	126393	3.5201409999999997
2171	111	130631	100376	2.0
2172	111	130631	100379	2.0
2173	111	130631	125469	0.52
2174	111	130631	100381	1.0
2175	111	130631	100380	1.0
2176	111	130631	100383	2.0
2177	111	130631	126399	1.0
2178	111	131027	125698	4.32394
2179	111	131027	100359	10.091339999999999
2180	111	131027	100358	10.091339999999999
2181	111	131027	100361	30.27398
2182	111	131027	100360	3.36378
2183	111	131027	100363	43.72914
2184	111	131027	100362	85.21580999999999
2185	111	131027	100373	2.24252
2186	111	131027	100372	4.76312
2187	111	131027	100375	17.94017
2188	111	131027	126359	10.091339999999999
2189	111	131027	100374	8.97008
2190	111	131027	100377	23.54647
2191	111	131027	100376	26.910239999999995
2192	111	131027	131483	3.3637799999999998
2193	111	131027	100379	35.88033999999999
2194	111	131027	100378	17.94016
2195	111	131027	126234	10.091339999999999
2196	111	131027	125469	6.996665
2197	111	131027	100381	21.303939999999997
2198	111	131027	100380	6.7275599999999995
2199	111	131027	126364	2.24252
2200	111	131027	100383	16.81891
2201	111	131027	100382	10.091339999999999
2202	111	131027	131229	4.48504
2203	111	131027	100385	29.152759999999997
2204	111	131027	101409	6.7275599999999995
2205	111	131027	100384	16.8189
2206	111	131027	101408	17.94016
2207	111	131027	100386	13.455119999999999
2208	111	131027	101410	7.848819999999998
2209	111	131027	101413	42.6079
2210	111	131027	100403	9.52623
2211	111	131027	100405	20.24325
2212	111	131027	100404	4.76312
2213	111	131027	100407	2.24252
2214	111	131027	100406	12.333859999999998
2215	111	131027	126399	6.72756
2216	111	131027	131786	10.717
2217	111	131027	131791	29.9914
2218	111	131027	126307	3.3637799999999998
2219	111	131027	125545	1.19078
2220	111	131027	125673	1.6455802
2221	111	131027	133099	28.031519999999997
2222	111	131027	125551	2.38156
2223	111	131027	125553	13.09855
2224	111	131027	100849	5.9539
2225	111	131027	100345	5.606299999999999
2226	111	131027	129913	3.654246
2227	111	131027	100344	5.606299999999999
2228	111	131536	125698	22.484464000000003
2229	111	131536	132097	35.416070000000005
2230	111	131536	100356	2.04154
2231	111	131536	100359	25.519140000000004
2232	111	131536	100358	31.643730000000005
2233	111	131536	100361	37.76834
2234	111	131536	100360	19.39457
2235	111	131536	100362	58.18372000000001
2236	111	131536	100373	88.80659
2237	111	131536	100372	228.65159999999995
2238	111	131536	126359	17.0
2239	111	131536	100375	35.72685
2240	111	131536	100374	41.8514
2241	111	131536	100377	155.15630000000002
2242	111	131536	100376	60.225199999999994
2243	111	131536	100379	335.8318
2244	111	131536	126234	2.0
2245	111	131536	100378	218.4439
2246	111	131536	125469	17.0
2247	111	131536	100381	215.38150000000002
2248	111	131536	126364	39.0
2249	111	131536	100380	157.19793
2250	111	131536	100383	209.25689999999997
2251	111	131536	100382	127.59572999999997
2252	111	131536	101409	101.05582999999999
2253	111	131536	100385	51.03835000000001
2254	111	131536	101408	168.4262
2255	111	131536	100384	123.51275
2256	111	131536	101410	7.145369999999999
2257	111	131536	100386	5.103829999999999
2258	111	131536	101413	95.95192
2259	111	131536	130479	11.4443
2260	111	131536	100403	150.05259999999998
2261	111	131536	126386	66.46578
2262	111	131536	100405	110.24269999999999
2263	111	131536	100404	22.456850000000003
2264	111	131536	130615	50.92209
2265	111	131536	100407	36.7476
2266	111	131536	100406	103.09733
2267	111	131536	126393	35.59256
2268	111	131536	130616	103.33593
2269	111	131536	126399	35.0
2270	111	131536	130631	7.0
2271	111	131536	131027	8.83152
2272	111	131536	131551	9.43121
2273	111	131536	125669	270.1265
2274	111	131536	125551	116.0
2275	111	131536	132077	0.82072
2276	111	131536	125553	26.0
2277	111	131536	100849	75.53679
2278	111	131536	129913	26.310580000000005
2279	111	131536	100345	17.353009999999998
2280	111	131536	100344	29.60221
2281	111	131551	125698	2.594361
2282	111	131551	100356	2.52102
2283	111	131551	100359	2.52102
2284	111	131551	100361	8.82357
2285	111	131551	100360	3.78153
2286	111	131551	100363	1.26051
2287	111	131551	100362	11.974835
2288	111	131551	100373	0.630255
2289	111	131551	100372	2.677322
2290	111	131551	100375	1.26051
2291	111	131551	100374	1.26051
2292	111	131551	100377	3.78153
2293	111	131551	131483	5.672295
2294	111	131551	100376	5.672295
2295	111	131551	100379	2.52102
2296	111	131551	126234	3.151275
2297	111	131551	100378	6.302545
2298	111	131551	125469	21.958075
2299	111	131551	100381	10.714315000000001
2300	111	131551	100380	6.302545
2301	111	131551	100383	0.630255
2302	111	131551	100382	2.52102
2303	111	131551	101409	3.78153
2304	111	131551	100385	8.19331
2305	111	131551	101408	11.344585
2306	111	131551	100384	0.630255
2307	111	131551	101410	0.630255
2308	111	131551	100386	1.890765
2309	111	131551	101413	7.563055
2310	111	131551	100403	3.346655
2311	111	131551	100405	20.079901999999997
2312	111	131551	100404	0.669331
2313	111	131551	100407	8.823565
2314	111	131551	100406	28.36146
2315	111	131551	126393	26.596624
2316	111	131551	126399	4.41178
2317	111	131551	131786	30.789150999999997
2318	111	131551	131791	89.9742
2319	111	131551	131027	0.927684
2320	111	131551	125545	52.20779999999999
2321	111	131551	125673	2.8174340000000004
2322	111	131551	133099	2.52102
2323	111	131551	133096	0.630255
2324	111	131551	125551	1.338662
2325	111	131551	132077	0.258631
2326	111	131551	100849	4.015982
2327	111	131551	100345	1.26051
2328	111	131551	129913	7.308509000000001
2329	111	131551	100344	5.6722850000000005
2330	111	126307	125698	1.729574
2331	111	126307	100359	6.1651299999999996
2332	111	126307	100358	1.02752
2333	111	126307	131786	2.124
2334	111	126307	100361	100.69723
2335	111	126307	100363	1.02752
2336	111	126307	100362	106.86238
2337	111	126307	131027	1.4719200000000001
2338	111	126307	100373	1.02752
2339	111	126307	100372	1.09123
2340	111	126307	100375	3.08256
2341	111	126307	100374	3.08256
2342	111	126307	100377	12.330279999999998
2343	111	126307	100376	10.275239999999998
2344	111	126307	100379	7.1926499999999995
2345	111	126307	126234	4.0
2346	111	126307	100378	8.22018
2347	111	126307	125469	2.6
2348	111	126307	100381	8.22018
2349	111	126307	100380	2.05504
2350	111	126307	100383	6.16513
2351	111	126307	100382	1.02752
2352	111	126307	100385	3.08256
2353	111	126307	101409	3.08257
2354	111	126307	100384	4.11008
2355	111	126307	101408	5.13761
2356	111	126307	100386	2.05504
2357	111	126307	101413	26.71561
2358	111	126307	125545	1.062
2359	111	126307	125673	0.1745312
2360	111	126307	133099	4.0
2361	111	126307	125551	2.124
2362	111	126307	132077	2.8725199999999997
2363	111	126307	100849	1.09123
2364	111	126307	100403	1.09123
2365	111	126307	100404	2.18246
2366	111	126307	100407	1.02752
2367	111	126307	100406	7.19265
2368	111	126307	130616	4.30566
2369	111	125669	100356	6.7952
2370	111	125669	100359	5.0964
2371	111	125669	100358	5.0964
2372	111	125669	100361	22.084380000000003
2373	111	125669	100360	3.3976
2374	111	125669	100363	3.3976
2375	111	125669	100362	42.46998
2376	111	125669	100373	16.98799
2377	111	125669	100372	28.86598
2378	111	125669	126359	1.6988
2379	111	125669	100375	6.7952
2380	111	125669	100374	8.494
2381	111	125669	100377	39.07236
2382	111	125669	100376	18.686770000000003
2383	111	125669	131483	1.6988
2384	111	125669	100379	202.1572
2385	111	125669	126234	6.7952
2386	111	125669	100378	96.83159
2387	111	125669	125469	9.717122
2388	111	125669	100381	183.47039999999998
2389	111	125669	100380	129.1088
2390	111	125669	100383	88.33758999999999
2391	111	125669	100382	112.12079
2392	111	125669	101409	6.7952
2393	111	125669	100385	28.87957
2394	111	125669	101408	33.97598
2395	111	125669	100384	18.68678
2396	111	125669	101410	3.3976
2397	111	125669	100386	1.6988
2398	111	125669	101413	42.46996
2399	111	125669	100403	16.23714
2400	111	125669	126386	2.30433
2401	111	125669	100405	57.732060000000004
2402	111	125669	100404	14.433010000000003
2403	111	125669	100407	5.0964
2404	111	125669	100406	40.7712
2405	111	125669	126393	23.46761
2406	111	125669	126399	20.3856
2407	111	125669	130631	1.6988
2408	111	125669	131786	270.61852
2409	111	125669	131791	44.9871
2410	111	125669	125545	32.474219999999995
2411	111	125669	125673	0.8477231
2412	111	125669	133099	3.3976
2413	111	125669	133096	10.1928
2414	111	125669	125551	1.80413
2415	111	125669	100849	32.474289999999996
2416	111	125669	100345	5.0964
2417	111	125669	129913	5.664084000000001
2418	111	125669	100344	16.98798
2419	111	125545	133122	1.0
2420	111	125545	125698	70.04773
2421	111	125545	132097	56.403349999999996
2422	111	125545	100356	10.249299999999998
2423	111	125545	100359	22.54851
2424	111	125545	100358	12.299159999999999
2425	111	125545	100361	27.67313
2426	111	125545	100360	10.2493
2427	111	125545	100363	3.07479
2428	111	125545	100362	49.196619999999996
2429	111	125545	100373	9.22437
2430	111	125545	100372	55.34626000000001
2431	111	125545	126359	16.0
2432	111	125545	100375	12.299159999999999
2433	111	125545	100374	13.324089999999998
2434	111	125545	100377	59.44596
2435	111	125545	131483	1.0
2436	111	125545	100376	21.523529999999997
2437	111	125545	100379	160.91418000000002
2438	111	125545	126234	4.0
2439	111	125545	100378	142.46545
2440	111	125545	125469	178.0
2441	111	125545	100381	225.48489999999998
2442	111	125545	126364	31.0
2443	111	125545	100380	152.71480000000003
2444	111	125545	100383	32.79778
2445	111	125545	131229	2.0
2446	111	125545	100382	77.89473
2447	111	125545	101409	28.698090000000004
2448	111	125545	100385	17.42381
2449	111	125545	101408	62.52078
2450	111	125545	100384	22.548459999999995
2451	111	125545	101410	10.249299999999998
2452	111	125545	100386	9.224369999999999
2453	111	125545	101413	36.8975
2454	111	125545	130479	43.48837
2455	111	125545	100403	98.39338
2456	111	125545	126386	116.65422
2457	111	125545	100405	160.91400000000002
2458	111	125545	100404	28.698059999999998
2459	111	125545	130615	32.59011
2460	111	125545	100407	52.27152
2461	111	125545	100406	144.51510000000002
2462	111	125545	126393	5.0846540000000005
2463	111	125545	130616	41.621370000000006
2464	111	125545	126399	19.0
2465	111	125545	130631	1.0
2466	111	125545	131786	10.0
2467	111	125545	131791	14.9957
2468	111	125545	131027	10.794080000000001
2469	111	125545	131551	53.44358000000001
2470	111	125545	126307	8.0
2471	111	125545	125669	146.91090000000003
2472	111	125545	125673	0.049866
2473	111	125545	133096	3.0
2474	111	125545	125551	761.0
2475	111	125545	132077	2.0518
2476	111	125545	125553	798.0
2477	111	125545	100849	60.47095
2478	111	125545	129913	8.039347
2479	111	125545	100345	3.0747899999999997
2480	111	125545	100344	15.373949999999999
2481	111	133099	132097	150.8462
2482	111	133099	125698	11.242237
2483	111	133099	100356	15.55054
2484	111	133099	100359	35.247870000000006
2485	111	133099	100358	47.68829000000001
2486	111	133099	100361	58.05533
2487	111	133099	100360	23.84418
2488	111	133099	100363	21.77078
2489	111	133099	100362	151.35872999999998
2490	111	133099	100373	15.550550000000001
2491	111	133099	100372	9.33033
2492	111	133099	126359	29.0
2493	111	133099	100375	139.95492
2494	111	133099	100374	102.63363999999999
2495	111	133099	100377	398.09399999999994
2496	111	133099	100376	286.13
2497	111	133099	100379	160.68900000000002
2498	111	133099	126234	8.0
2499	111	133099	100378	106.78032000000002
2500	111	133099	125469	8.0
2501	111	133099	100381	59.09199000000001
2502	111	133099	126364	165.0
2503	111	133099	100380	10.36703
2504	111	133099	100383	155.50560000000002
2505	111	133099	100382	44.57818999999999
2506	111	133099	100385	239.4785
2507	111	133099	101409	186.60670000000002
2508	111	133099	100384	120.25754
2509	111	133099	101408	38.35799000000001
2510	111	133099	100386	36.28461
2511	111	133099	101410	62.20221999999999
2512	111	133099	101413	430.2318
2513	111	133099	130479	10.29988
2514	111	133099	126386	339.11109999999996
2515	111	133099	100405	103.67027000000002
2516	111	133099	100404	29.02768
2517	111	133099	130615	18.33194
2518	111	133099	100407	8.29363
2519	111	133099	100406	36.28461
2520	111	133099	126393	186.95875999999998
2521	111	133099	130616	421.9551
2522	111	133099	126399	79.0
2523	111	133099	131786	10.0
2524	111	133099	131791	59.9829
2525	111	133099	131027	67.70837999999999
2526	111	133099	131551	6.28748
2527	111	133099	126307	10.0
2528	111	133099	125545	2.0
2529	111	133099	125673	1.5209142
2530	111	133099	133096	31.0
2531	111	133099	125551	43.0
2532	111	133099	132077	5.74504
2533	111	133099	100849	19.69737
2534	111	133099	129913	2.923399
2535	111	133099	100345	27.99098
2536	111	133099	100344	39.394639999999995
2537	111	133096	133122	1.0
2538	111	133096	125698	3.459148
2539	111	133096	100356	21.557809999999996
2540	111	133096	100359	8.212499999999999
2541	111	133096	100358	15.398469999999998
2542	111	133096	100361	102.65619
2543	111	133096	100360	15.398459999999996
2544	111	133096	100363	4.10624
2545	111	133096	100362	60.56716000000001
2546	111	133096	100373	3.0796799999999998
2547	111	133096	100372	9.239059999999998
2548	111	133096	126359	43.0
2549	111	133096	100375	9.239069999999998
2550	111	133096	100374	13.345320000000001
2551	111	133096	100377	28.74374
2552	111	133096	100376	22.584379999999996
2553	111	133096	100379	21.557819999999996
2554	111	133096	100378	18.47813
2555	111	133096	125469	8.0
2556	111	133096	100381	14.371889999999997
2557	111	133096	126364	74.0
2558	111	133096	100380	8.21251
2559	111	133096	100383	11.292189999999998
2560	111	133096	100382	3.0796799999999998
2561	111	133096	100385	11.292209999999999
2562	111	133096	101409	17.45158
2563	111	133096	100384	7.185929999999999
2564	111	133096	101408	14.371879999999997
2565	111	133096	101410	9.239059999999998
2566	111	133096	101413	26.69062
2567	111	133096	130479	1.14443
2568	111	133096	100403	4.10624
2569	111	133096	126386	6.7822000000000005
2570	111	133096	100405	8.212489999999999
2571	111	133096	100404	4.10624
2572	111	133096	100407	3.0796799999999998
2573	111	133096	100406	5.132809999999999
2574	111	133096	130616	11.48176
2575	111	133096	126399	4.0
2576	111	133096	131786	2.0
2577	111	133096	131027	0.49064
2578	111	133096	125673	0.2243973
2579	111	133096	133099	4.0
2580	111	133096	125551	13.0
2581	111	133096	132077	9.02792
2582	111	133096	125553	13.0
2583	111	133096	100849	8.212499999999999
2584	111	133096	129913	1.096273
2585	111	133096	100345	46.19529
2586	111	133096	100344	100.60301
2587	111	125551	125698	13.836580000000001
2588	111	125551	132097	15.74048
2589	111	125551	100356	26.390960000000007
2590	111	125551	100359	31.189320000000002
2591	111	125551	100358	27.59053
2592	111	125551	100361	231.52041999999997
2593	111	125551	100360	35.98762000000001
2594	111	125551	100363	14.395079999999998
2595	111	125551	100362	144.32938
2596	111	125551	100373	44.38471
2597	111	125551	100372	70.77555
2598	111	125551	126359	92.0
2599	111	125551	100375	65.97734999999999
2600	111	125551	100374	45.584320000000005
2601	111	125551	100377	53.12171000000001
2602	111	125551	131483	15.0
2603	111	125551	130584	10.81671
2604	111	125551	100376	116.36
2605	111	125551	100379	73.49423
2606	111	125551	126234	71.0
2607	111	125551	100378	173.9403
2608	111	125551	100381	115.1603
2609	111	125551	126364	180.96399999999997
2610	111	125551	100380	171.5411
2611	111	125551	100383	49.18310999999999
2612	111	125551	131229	5.0
2613	111	125551	100382	29.98971
2614	111	125551	101409	85.17073
2615	111	125551	100385	70.77571999999999
2616	111	125551	101408	112.76121
2617	111	125551	100384	28.79012
2618	111	125551	101410	22.79217
2619	111	125551	100386	13.19549
2620	111	125551	101413	151.1481
2621	111	125551	130479	10.29987
2622	111	125551	100403	64.77772
2623	111	125551	126386	29.841769999999997
2624	111	125551	100405	113.96069999999999
2625	111	125551	100404	53.9815
2626	111	125551	130615	11.542332
2627	111	125551	100407	27.59055
2628	111	125551	100406	101.96488
2629	111	125551	126393	55.148939999999996
2630	111	125551	130616	20.093079999999997
2631	111	125551	126399	27.0
2632	111	125551	131786	208.0
2633	111	125551	131791	14.9957
2634	111	125551	131027	10.30344
2635	111	125551	131551	44.01234
2636	111	125551	126307	81.0
2637	111	125551	125669	12.63749
2638	111	125551	125545	464.0
2639	111	125551	133099	5.0
2640	111	125551	133096	54.0
2641	111	125551	132077	4.92432
2642	111	125551	100849	85.17074
2643	111	125551	129913	15.165132000000002
2644	111	125551	100345	49.183099999999996
2645	111	125551	100344	118.7594
2646	111	132077	100356	12.333032
2647	111	132077	100359	5.549854
2648	111	132077	100358	5.5498520000000005
2649	111	132077	100361	174.51241000000002
2650	111	132077	131786	4.316554
2651	111	132077	100360	30.215929999999997
2652	111	132077	100363	14.182983999999998
2653	111	132077	100362	88.18118999999999
2654	111	132077	131791	89.9743
2655	111	132077	100373	1.233304
2656	111	132077	100372	0.616652
2657	111	132077	126359	15.416272
2658	111	132077	100375	4.933204
2659	111	132077	100377	3.0832560000000004
2660	111	132077	100376	6.783170000000001
2661	111	132077	126234	36.38245
2662	111	132077	100378	0.616652
2663	111	132077	125469	0.616652
2664	111	132077	126364	0.616652
2665	111	132077	100380	1.849952
2666	111	132077	100383	1.233304
2667	111	132077	131229	16.649592
2668	111	132077	101409	3.08326
2669	111	132077	100385	4.933204
2670	111	132077	101408	2.466608
2671	111	132077	126307	15.416283999999997
2672	111	132077	101410	0.616652
2673	111	132077	100386	4.933204
2674	111	132077	101413	4.316556
2675	111	132077	125545	1.233304
2676	111	132077	125673	0.024933
2677	111	132077	133099	19.11619
2678	111	132077	133096	24.049411999999997
2679	111	132077	125553	9.86642
2680	111	132077	100849	2.4666040000000002
2681	111	132077	100403	0.616652
2682	111	132077	100405	0.616652
2683	111	132077	100406	0.616652
2684	111	132077	100345	28.982629999999997
2685	111	132077	129913	25.762460000000004
2686	111	132077	100344	40.082350000000005
2687	111	132077	126399	122.71349999999998
2688	111	100849	100359	1.0
2689	111	100849	100358	1.0
2690	111	100849	131786	12.909690999999999
2691	111	100849	100361	1.0
2692	111	100849	100360	2.0
2693	111	100849	100362	3.0
2694	111	100849	131027	0.58288
2695	111	100849	100373	1.0
2696	111	100849	100372	1.0
2697	111	100849	100375	1.0
2698	111	100849	126359	7.10144
2699	111	100849	100374	1.0
2700	111	100849	100377	3.0
2701	111	100849	100376	3.0
2702	111	100849	100379	5.0
2703	111	100849	100378	4.0
2704	111	100849	126234	1.11927
2705	111	100849	100381	6.0
2706	111	100849	125469	6.46616
2707	111	100849	131551	0.933691
2708	111	100849	100380	3.0
2709	111	100849	126364	4.33695
2710	111	100849	100383	4.0
2711	111	100849	100382	2.0
2712	111	100849	101409	2.0
2713	111	100849	100385	1.0
2714	111	100849	101408	2.0
2715	111	100849	100384	2.0
2716	111	100849	125669	3.75334
2717	111	100849	101413	4.0
2718	111	100849	125545	12.94305
2719	111	100849	125673	0.074799
2720	111	100849	125551	1.3107010000000001
2721	111	100849	125553	4.165649999999999
2722	111	100849	100403	1.0
2723	111	100849	126386	6.4458
2724	111	100849	100405	4.0
2725	111	100849	100404	1.0
2726	111	100849	130615	0.806606
2727	111	100849	100407	2.0
2728	111	100849	100406	3.0
2729	111	100849	129913	0.651186
2730	111	100849	126393	1.858636
2731	111	100849	100345	1.0
2732	111	100849	130616	1.70504
2733	111	100849	100344	2.0
2734	111	125553	125698	31.1323
2735	111	125553	132097	128.54713999999998
2736	111	125553	100356	14.40735
2737	111	125553	100359	36.498599999999996
2738	111	125553	100358	16.32833
2739	111	125553	100361	32.6567
2740	111	125553	100360	23.05172
2741	111	125553	100362	65.31334
2742	111	125553	100373	13.4469
2743	111	125553	100372	31.696130000000004
2744	111	125553	126359	111.0
2745	111	125553	100375	38.4196
2746	111	125553	100374	7.68392
2747	111	125553	100377	68.19472999999999
2748	111	125553	131483	23.0
2749	111	125553	100376	52.82696000000001
2750	111	125553	100379	80.68113000000001
2751	111	125553	126234	61.0
2752	111	125553	100378	66.27374999999999
2753	111	125553	125469	23.0
2754	111	125553	100381	102.77243000000001
2755	111	125553	126364	463.0
2756	111	125553	100380	66.27383
2757	111	125553	100383	56.66884
2758	111	125553	131229	15.0
2759	111	125553	100382	42.26156
2760	111	125553	101409	28.81474
2761	111	125553	100385	22.09132
2762	111	125553	101408	44.18255
2763	111	125553	100384	31.6961
2764	111	125553	101410	9.6049
2765	111	125553	100386	7.68392
2766	111	125553	101413	71.07624
2767	111	125553	130479	8.01102
2768	111	125553	100403	41.301030000000004
2769	111	125553	126386	155.99110000000002
2770	111	125553	100405	89.32557000000001
2771	111	125553	100404	13.44686
2772	111	125553	130615	38.021829999999994
2773	111	125553	100407	24.972700000000003
2774	111	125553	100406	67.23436
2775	111	125553	126393	8.99592
2776	111	125553	130616	27.2692
2777	111	125553	126399	54.0
2778	111	125553	130631	10.0
2779	111	125553	131786	456.0
2780	111	125553	131027	3.43448
2781	111	125553	131551	25.149910000000006
2782	111	125553	126307	22.0
2783	111	125553	125669	47.390600000000006
2784	111	125553	125545	940.0
2785	111	125553	133096	73.0
2786	111	125553	132077	12.72116
2787	111	125553	100849	67.23434
2788	111	125553	129913	24.848889999999997
2789	111	125553	100345	30.73564
2790	111	125553	100344	45.14304
2791	111	125682	125698	2.0
2792	111	125682	100356	14.795
2793	111	125682	100359	10.760000000000002
2794	111	125682	100358	9.415000000000001
2795	111	125682	100361	80.69995999999999
2796	111	125682	100360	13.450000000000001
2797	111	125682	100363	25.55499
2798	111	125682	100362	587.2125
2799	111	125682	100373	20.17499
2800	111	125682	100372	15.712290000000001
2801	111	125682	100375	24.209989999999998
2802	111	125682	100374	21.51999
2803	111	125682	100377	69.93997
2804	111	125682	130584	14.795000000000002
2805	111	125682	100376	41.695
2806	111	125682	131483	2.69
2807	111	125682	100379	126.42999999999999
2808	111	125682	126234	1.345
2809	111	125682	100378	67.24996
2810	111	125682	125469	3.497
2811	111	125682	100381	119.70497000000002
2812	111	125682	100380	45.72996
2813	111	125682	100383	92.80497000000001
2814	111	125682	100382	67.24995000000001
2815	111	125682	101409	21.519989999999996
2816	111	125682	100385	467.3733
2817	111	125682	101408	25.55499
2818	111	125682	100384	60.524969999999996
2819	111	125682	101410	8.07
2820	111	125682	100386	10.760000000000002
2821	111	125682	101413	389.4779
2822	111	125682	130479	17.485
2823	111	125682	100403	8.57034
2824	111	125682	126386	29.589979999999997
2825	111	125682	100405	57.13551999999999
2826	111	125682	100404	9.99873
2827	111	125682	130615	32.279979999999995
2828	111	125682	100407	26.899990000000003
2829	111	125682	100406	88.76995000000001
2830	111	125682	126393	503.0
2831	111	125682	130616	12.105
2832	111	125682	126399	75.31996000000001
2833	111	125682	130631	6.725
2834	111	125682	131786	109.98592999999998
2835	111	125682	131791	7.0
2836	111	125682	131027	49.76497
2837	111	125682	131551	34.96998
2838	111	125682	126307	5.38
2839	111	125682	133099	1.345
2840	111	125682	133096	4.035
2841	111	125682	132077	18.83
2842	111	125682	100849	18.56907
2843	111	125682	129913	164.0
2844	111	125682	100345	13.450000000000001
2845	111	125682	100344	40.34997
2846	111	100345	133122	5.0
2847	111	100345	125698	1.02737
2848	111	100345	100356	1.0
2849	111	100345	100359	1.0
2850	111	100345	100358	1.0
2851	111	100345	131786	2.5819530000000004
2852	111	100345	100361	4.0
2853	111	100345	100360	2.0
2854	111	100345	100363	1.0
2855	111	100345	100362	3.0
2856	111	100345	131791	17.8149
2857	111	100345	131027	0.58288
2858	111	100345	100373	1.0
2859	111	100345	100372	1.0
2860	111	100345	100375	1.0
2861	111	100345	126359	28.405769999999997
2862	111	100345	100374	1.0
2863	111	100345	100377	6.0
2864	111	100345	100376	3.0
2865	111	100345	100379	6.0
2866	111	100345	100378	3.0
2867	111	100345	126234	1.11927
2868	111	100345	100381	4.0
2869	111	100345	125469	1.61654
2870	111	100345	100380	3.0
2871	111	100345	126364	44.81523
2872	111	100345	100383	4.0
2873	111	100345	100382	3.0
2874	111	100345	100385	1.0
2875	111	100345	101409	2.0
2876	111	100345	100384	2.0
2877	111	100345	101408	2.0
2878	111	100345	100386	1.0
2879	111	100345	101413	5.0
2880	111	100345	125673	0.09973209999999999
2881	111	100345	133099	12.86842
2882	111	100345	125551	0.5617289999999999
2883	111	100345	132077	3.9000630000000003
2884	111	100345	125553	4.16567
2885	111	100345	100849	1.0
2886	111	100345	100403	1.0
2887	111	100345	100405	3.0
2888	111	100345	100404	1.0
2889	111	100345	100407	1.0
2890	111	100345	100406	4.0
2891	111	100345	129913	0.868248
2892	111	100345	130616	1.70504
2893	111	100345	100344	3.0
2894	111	129912	125698	100.0
2895	111	129912	132097	17.061639
2896	111	129912	100359	16.286109
2897	111	129912	100358	19.388208
2898	111	129912	131786	63.52516
2899	111	129912	100361	2.326587
2900	111	129912	100363	3.877648
2901	111	129912	100362	38.00091
2902	111	129912	100373	18.61268
2903	111	129912	100372	26.35557
2904	111	129912	100375	35.67431
2905	111	129912	100374	28.69457
2906	111	129912	100377	856.8344000000001
2907	111	129912	130584	3.102116
2908	111	129912	100376	483.6973
2909	111	129912	100379	200.862
2910	111	129912	126234	0.775529
2911	111	129912	100378	116.32932000000001
2912	111	129912	125469	7.242015
2913	111	129912	100381	201.6373
2914	111	129912	100380	94.61459000000002
2915	111	129912	131551	10.857397
2916	111	129912	100383	176.04504000000003
2917	111	129912	100382	100.04322000000002
2918	111	129912	101409	36.44984
2919	111	129912	100385	462.5254
2920	111	129912	101408	48.85834
2921	111	129912	100384	123.30919000000002
2922	111	129912	101410	13.183998
2923	111	129912	100386	12.408477999999999
2924	111	129912	101413	581.9568
2925	111	129912	125545	49.25855
2926	111	129912	125673	578.0
2927	111	129912	133099	91.51243
2928	111	129912	125551	14.82503
2929	111	129912	130479	6.204225999999999
2930	111	129912	100849	37.88613
2931	111	129912	125553	121.89461
2932	111	129912	100403	23.061122
2933	111	129912	126386	25.59245
2934	111	129912	100405	100.48071999999999
2935	111	129912	100404	64.7952
2936	111	129912	130615	27.143496999999996
2937	111	129912	100407	44.98063000000001
2938	111	129912	100406	126.41113
2939	111	129912	130616	49.63376
2940	111	100344	100356	1.0
2941	111	100344	100359	1.0
2942	111	100344	100358	1.0
2943	111	100344	100361	2.0
2944	111	100344	100360	2.0
2945	111	100344	100362	5.0
2946	111	100344	131791	17.8149
2947	111	100344	100372	1.0
2948	111	100344	100375	2.0
2949	111	100344	126359	28.405769999999997
2950	111	100344	100377	3.0
2951	111	100344	100376	2.0
2952	111	100344	100379	4.0
2953	111	100344	100378	2.0
2954	111	100344	100381	4.0
2955	111	100344	125469	1.61654
2956	111	100344	100380	1.0
2957	111	100344	126364	52.043479999999995
2958	111	100344	100383	3.0
2959	111	100344	100382	1.0
2960	111	100344	100385	1.0
2961	111	100344	101409	1.0
2962	111	100344	100384	1.0
2963	111	100344	101408	1.0
2964	111	100344	101410	1.0
2965	111	100344	101413	4.0
2966	111	100344	125545	2.58861
2967	111	100344	125673	0.074799
2968	111	100344	133099	19.30263
2969	111	100344	125551	0.5617289999999999
2970	111	100344	132077	1.462524
2971	111	100344	125553	2.7771
2972	111	100344	100849	1.0
2973	111	100344	100403	1.0
2974	111	100344	126386	1.61145
2975	111	100344	100405	2.0
2976	111	100344	100404	1.0
2977	111	100344	100407	1.0
2978	111	100344	100406	2.0
2979	111	100344	100345	2.0
2980	111	100344	130616	1.70504
2981	111	125694	100356	1.507032
2982	111	125694	100359	1.507032
2983	111	125694	100358	1.507032
2984	111	125694	100361	9.042184
2985	111	125694	100360	3.7675780000000003
2986	111	125694	100363	3.767576
2987	111	125694	100362	6.781636000000001
2988	111	125694	100373	2.260548
2989	111	125694	100372	0.800234
2990	111	125694	100375	3.7675799999999997
2991	111	125694	100374	1.507032
2992	111	125694	100377	9.042182
2993	111	125694	130584	1.507032
2994	111	125694	100376	14.316803999999998
2995	111	125694	100379	10.549222
2996	111	125694	126234	1.507032
2997	111	125694	100378	3.7675819999999995
2998	111	125694	125469	5.4855920000000005
2999	111	125694	100381	14.316796
3000	111	125694	100380	7.535154000000001
3001	111	125694	100383	18.084386
3002	111	125694	131229	0.753516
3003	111	125694	100382	11.302731999999999
3004	111	125694	101409	5.274606
3005	111	125694	100385	11.302736
3006	111	125694	101408	4.521097999999999
3007	111	125694	100384	12.056247999999998
3008	111	125694	101410	1.507032
3009	111	125694	100386	2.260546
3010	111	125694	101413	13.56328
3011	111	125694	100403	2.400702
3012	111	125694	126386	3.014062
3013	111	125694	100405	9.602808
3014	111	125694	130615	1.507032
3015	111	125694	100407	3.767578
3016	111	125694	100406	12.809762000000001
3017	111	125694	126393	251.0
3018	111	125694	130616	2.260546
3019	111	125694	126399	12.809762000000001
3020	111	125694	130631	0.753516
3021	111	125694	131786	16.004668
3022	111	125694	131027	5.274606
3023	111	125694	131551	6.781644000000001
3024	111	125694	125545	9.60281
3025	111	125694	125673	18.0
3026	111	125694	133099	6.028126
3027	111	125694	133096	4.52109
3028	111	125694	132077	8.288676
3029	111	125694	100849	3.200936
3030	111	125694	129913	49.0
3031	111	125694	100345	0.753516
3032	111	125694	100344	3.767578
