id	type	origin	dest	dtime	vot
196	121	1	5	5	13.073637457474513
171	121	1	5	12	9.124242377502707
47	111	1	5	13	32.61902688398486
35	111	1	5	21	4.86977531663428
7	111	1	5	28	27.62922183802941
182	121	1	5	38	11.094098844246522
194	121	1	5	49	19.260201140144023
48	111	1	5	51	14.949879776530203
3	111	1	5	55	9.469431915183009
30	111	1	5	55	42.8248954920562
24	111	1	5	59	2.8581669786001545
29	111	1	5	63	16.872122001534056
8	111	1	5	64	11.783967948994675
39	111	1	5	67	10.625568258749478
187	121	1	5	87	9.831175235098844
45	111	1	5	95	17.808487137220684
172	121	1	5	116	9.914333397410143
15	111	1	5	127	12.907133232649832
161	121	1	5	131	35.90268800202616
27	111	1	5	132	1.2284632953315824
44	111	1	5	140	8.108125378782525
37	111	1	5	197	22.056836343615835
181	121	1	5	209	9.66433540101989
197	121	1	5	209	3.1414202882702837
159	121	1	5	211	12.393400266478235
173	121	1	5	225	17.74278174816743
199	121	1	5	229	4.0615165088225424
26	111	1	5	231	3.4853561560607953
165	121	1	5	238	27.485537154455848
191	121	1	5	253	10.72453149327532
41	111	1	5	259	5.105285658360791
184	121	1	5	260	11.554484195508396
198	121	1	5	267	34.562393555454356
19	111	1	5	273	21.711330534191376
170	121	1	5	286	1.898830027252081
22	111	1	5	287	25.328416365405964
166	121	1	5	291	13.145523663099869
183	121	1	5	291	7.5447629671216285
10	111	1	5	303	10.681607066719884
40	111	1	5	305	36.10430413603879
179	121	1	5	319	8.855464267142949
154	121	1	5	330	23.34524373255927
167	121	1	5	357	0.0018944276545558346
46	111	1	5	374	21.227423192063398
168	121	1	5	379	13.32915546326261
153	121	1	5	391	29.97703993513953
16	111	1	5	393	25.711532854043863
190	121	1	5	422	86.40028935041556
192	121	1	5	429	18.787327877780903
36	111	1	5	441	43.3097430932532
1	111	1	5	453	17.050873036960876
163	121	1	5	453	32.15748757727253
162	121	1	5	454	0.7246469615673738
49	111	1	5	476	5.709703353014268
193	121	1	5	476	6.950226155481177
152	121	1	5	478	17.68069149096398
160	121	1	5	490	2.8161864180154956
18	111	1	5	503	6.2900798019262645
185	121	1	5	511	8.168907400365834
200	121	1	5	516	21.039321691293374
32	111	1	5	519	4.395580119883733
20	111	1	5	543	7.662563558026827
13	111	1	5	559	32.262071131583895
31	111	1	5	562	38.783567870643836
164	121	1	5	590	17.153370532523887
21	111	1	5	591	47.46973605907038
50	111	1	5	594	1.5102909862417286
34	111	1	5	600	92.49037465789749
42	111	1	5	643	10.042515940054143
23	111	1	5	650	11.189966485973866
174	121	1	5	658	14.477578234369053
38	111	1	5	660	0.4461974879553524
17	111	1	5	662	7.262034096291404
180	121	1	5	673	83.38934230302681
12	111	1	5	685	31.79838574192041
175	121	1	5	691	52.298168103170795
156	121	1	5	707	15.313372204014055
33	111	1	5	720	6.404727790398734
14	111	1	5	742	20.525798454662496
177	121	1	5	766	33.596356669682905
155	121	1	5	772	80.95578959766425
5	111	1	5	793	32.94024940127484
28	111	1	5	802	0.9670576118997007
9	111	1	5	812	3.412492709201221
158	121	1	5	814	23.035562487177252
176	121	1	5	818	0.06341011876453738
188	121	1	5	821	6.3993768815586405
43	111	1	5	823	74.15739225472137
6	111	1	5	824	14.540141575230582
11	111	1	5	827	103.5808076902391
186	121	1	5	828	22.97686321868528
157	121	1	5	829	94.21623161428549
169	121	1	5	834	32.70413252861387
2	111	1	5	855	15.918114280496873
189	121	1	5	866	28.53641543381318
195	121	1	5	867	39.33796279313408
25	111	1	5	873	6.106539882185638
151	121	1	5	885	12.186097151282627
178	121	1	5	890	50.776289008657415
4	111	1	5	895	21.688581692563883
56	111	1	5	900	10.770568617250916
55	111	1	5	918	3.059816942267581
217	121	1	5	927	41.47037453753923
69	111	1	5	934	55.39480500396854
61	111	1	5	937	3.8281272381620166
88	111	1	5	956	36.781262857278975
220	121	1	5	960	11.494576709369474
244	121	1	5	960	48.253188717323404
59	111	1	5	979	12.011301000400929
51	111	1	5	981	18.689913971125225
210	121	1	5	983	9.950817921595533
209	121	1	5	996	0.5168346541607522
233	121	1	5	1002	29.228188036601193
91	111	1	5	1008	23.129098652693596
64	111	1	5	1018	17.238459722835575
205	121	1	5	1023	30.412465945811153
219	121	1	5	1024	5.1428733893234595
93	111	1	5	1029	23.646441884924137
86	111	1	5	1041	26.109062355683182
65	111	1	5	1044	6.801038811178646
211	121	1	5	1063	25.787768934869767
236	121	1	5	1063	29.536184258746
243	121	1	5	1082	3.1935875150958344
62	111	1	5	1097	22.0215541000611
71	111	1	5	1098	27.423293278666243
232	121	1	5	1128	23.072179974666533
239	121	1	5	1129	9.66845063720341
213	121	1	5	1131	15.225945275727478
230	121	1	5	1136	31.373379246568838
246	121	1	5	1141	16.24259622502025
221	121	1	5	1159	7.4753179355004145
238	121	1	5	1168	7.070921646638495
201	121	1	5	1170	24.668932954388726
231	121	1	5	1175	39.085306445836906
234	121	1	5	1181	5.843974679080266
95	111	1	5	1199	34.34402994766104
235	121	1	5	1199	1.4686017636482958
68	111	1	5	1215	39.09961009129801
58	111	1	5	1232	0.6272821505754275
74	111	1	5	1234	39.719088514893244
90	111	1	5	1258	4.42006034885807
223	121	1	5	1269	10.502549332541363
81	111	1	5	1270	55.43716169946655
222	121	1	5	1277	4.776386979283012
77	111	1	5	1301	81.44058901263712
98	111	1	5	1308	7.968486126263306
53	111	1	5	1310	7.497865630167448
94	111	1	5	1328	20.82653338277584
100	111	1	5	1333	5.865744280093245
212	121	1	5	1334	2.3879406615481864
83	111	1	5	1345	2.588330431406199
224	121	1	5	1345	15.5612946009174
75	111	1	5	1347	10.969296962915013
99	111	1	5	1359	26.41185280743534
225	121	1	5	1366	1.8334022477937024
66	111	1	5	1377	1.2662659196401433
214	121	1	5	1386	46.62643800492962
218	121	1	5	1401	10.159202418139746
248	121	1	5	1402	14.235521618106084
241	121	1	5	1410	21.393704153299883
226	121	1	5	1413	6.298303950551761
207	121	1	5	1416	14.115220168034773
204	121	1	5	1421	20.323973111006662
70	111	1	5	1440	18.324902315793558
247	121	1	5	1446	14.905438411825338
87	111	1	5	1448	7.01570695416668
72	111	1	5	1477	14.345480382909077
215	121	1	5	1479	49.65149232825221
80	111	1	5	1485	12.081455875871892
208	121	1	5	1492	80.87336895733193
76	111	1	5	1495	37.451626182166926
250	121	1	5	1501	56.73763242627726
79	111	1	5	1507	2.2840504094401757
240	121	1	5	1525	30.15233679634205
97	111	1	5	1527	4.46734620575321
82	111	1	5	1540	25.295142041009374
227	121	1	5	1542	38.44022190382136
242	121	1	5	1544	18.268130820211407
203	121	1	5	1555	21.86334381545502
249	121	1	5	1560	48.88757163593227
60	111	1	5	1568	11.72319936075224
202	121	1	5	1580	9.095769206535518
54	111	1	5	1591	25.799210317579156
57	111	1	5	1598	4.609119490247315
216	121	1	5	1609	52.09234934789948
52	111	1	5	1619	19.86634370923209
206	121	1	5	1653	2.6235902783236416
228	121	1	5	1653	4.763491502127407
96	111	1	5	1660	4.271400576019094
85	111	1	5	1676	11.94568548917926
245	121	1	5	1689	13.390385385500057
63	111	1	5	1696	18.062810133568405
84	111	1	5	1709	10.01189849015779
237	121	1	5	1715	63.20170890490489
229	121	1	5	1717	23.741093147370457
78	111	1	5	1718	11.896595462305257
73	111	1	5	1744	15.164606012857519
89	111	1	5	1747	28.02071954329948
92	111	1	5	1791	21.421111518407468
67	111	1	5	1792	25.97052242911718
147	111	1	5	1830	41.23618363547058
144	111	1	5	1840	10.46573298488739
294	121	1	5	1842	2.1061910981869096
125	111	1	5	1848	123.06947101228864
118	111	1	5	1854	41.35859659654389
255	121	1	5	1860	0.6267345530418937
105	111	1	5	1872	2.3285200516923665
132	111	1	5	1889	6.5271901939484644
254	121	1	5	1890	1.8434710530439333
266	121	1	5	1892	14.284127362783133
267	121	1	5	1897	61.46788424551353
292	121	1	5	1903	54.23280439614439
121	111	1	5	1904	29.51260135540194
293	121	1	5	1916	14.531082173335232
269	121	1	5	1921	63.95126510782893
277	121	1	5	1924	15.749941452347207
148	111	1	5	1936	60.1631637624047
274	121	1	5	1937	8.600759752270994
280	121	1	5	1945	50.50381636398048
122	111	1	5	1948	12.98901255535084
287	121	1	5	1950	34.06386181270527
296	121	1	5	1979	46.422117182395276
300	121	1	5	1984	22.17810701926423
251	121	1	5	1990	70.70025070277944
149	111	1	5	2001	2.0725960108722554
104	111	1	5	2004	3.033902150688857
114	111	1	5	2009	26.87068659259633
264	121	1	5	2009	12.566002016482477
145	111	1	5	2018	6.14302915008621
103	111	1	5	2024	26.656738820731153
283	121	1	5	2061	9.373876982940391
141	111	1	5	2064	21.486031474127373
138	111	1	5	2077	26.10291857383871
279	121	1	5	2096	30.312173916850657
260	121	1	5	2102	5.55056797441138
297	121	1	5	2123	2.0963606209517542
116	111	1	5	2129	7.284866570689252
276	121	1	5	2156	25.69308869078058
282	121	1	5	2157	24.494644445802614
142	111	1	5	2168	34.272867032451266
133	111	1	5	2173	2.827549079206819
290	121	1	5	2191	1.967823306372537
108	111	1	5	2210	0.8633805050004093
288	121	1	5	2222	65.17057675507775
123	111	1	5	2231	60.95157219370805
126	111	1	5	2241	4.21480640560058
106	111	1	5	2242	105.26839292196834
259	121	1	5	2243	12.474555096858529
268	121	1	5	2244	17.46025542113681
135	111	1	5	2248	18.349084853262823
111	111	1	5	2255	30.596979622592546
285	121	1	5	2259	9.332192951176937
289	121	1	5	2270	26.51234808157627
295	121	1	5	2273	10.512990024198325
128	111	1	5	2296	2.2433096577867953
112	111	1	5	2316	79.45349355498372
275	121	1	5	2329	16.64559617461053
150	111	1	5	2346	15.068004264783182
262	121	1	5	2352	6.215597275575057
115	111	1	5	2362	20.195461375423786
129	111	1	5	2365	17.62921551512039
146	111	1	5	2367	16.12831769062824
256	121	1	5	2373	36.99709951828405
265	121	1	5	2378	7.002796687450928
271	121	1	5	2400	22.056541773538335
261	121	1	5	2411	15.263965609531402
143	111	1	5	2414	4.002965710156945
130	111	1	5	2423	12.318039720912122
278	121	1	5	2431	15.103810011025072
109	111	1	5	2451	8.774930443414313
107	111	1	5	2460	16.183371168347048
101	111	1	5	2464	37.9191702343742
136	111	1	5	2465	64.03557871705233
258	121	1	5	2477	81.22748406778811
273	121	1	5	2495	28.770472509290595
281	121	1	5	2516	75.82783778645205
291	121	1	5	2527	135.39395586528897
252	121	1	5	2531	98.75167553582128
110	111	1	5	2533	1.5531037075388425
127	111	1	5	2533	81.22679419833352
284	121	1	5	2538	23.56497126060584
134	111	1	5	2539	25.511307270927233
117	111	1	5	2557	17.583629213868615
286	121	1	5	2561	24.915144702604593
131	111	1	5	2563	6.647722424757379
272	121	1	5	2566	77.54744752290802
124	111	1	5	2584	77.31005397051686
298	121	1	5	2597	19.72566321485378
299	121	1	5	2602	6.62035925044997
139	111	1	5	2603	61.66848652967317
140	111	1	5	2628	0.22309737253817066
257	121	1	5	2636	44.3942474414743
120	111	1	5	2645	3.523237546433204
102	111	1	5	2652	66.2451619528915
270	121	1	5	2657	20.835808273171395
113	111	1	5	2660	10.466295071715702
137	111	1	5	2692	2.0669028548343538
263	121	1	5	2696	20.623252408494764
253	121	1	5	2697	11.532575326321686
119	111	1	5	2698	1.4791883747957786
