id	type	origin	dest	dtime	vot
28	111	1	5	79	0.9670576118997007
41	111	1	5	82	5.105285658360791
32	111	1	5	87	4.395580119883733
19	111	1	5	103	21.711330534191376
34	111	1	5	121	92.49037465789749
22	111	1	5	164	25.328416365405964
1	111	1	5	178	17.050873036960876
38	111	1	5	238	0.4461974879553524
23	111	1	5	243	11.189966485973866
36	111	1	5	259	43.3097430932532
43	111	1	5	274	74.15739225472137
14	111	1	5	307	20.525798454662496
15	111	1	5	318	12.907133232649832
17	111	1	5	365	7.262034096291404
8	111	1	5	372	11.783967948994675
29	111	1	5	384	16.872122001534056
4	111	1	5	402	21.688581692563883
18	111	1	5	407	6.2900798019262645
33	111	1	5	412	6.404727790398734
20	111	1	5	473	7.662563558026827
7	111	1	5	476	27.62922183802941
31	111	1	5	517	38.783567870643836
6	111	1	5	530	14.540141575230582
24	111	1	5	550	2.8581669786001545
35	111	1	5	577	4.86977531663428
39	111	1	5	578	10.625568258749478
13	111	1	5	595	32.262071131583895
21	111	1	5	595	47.46973605907038
25	111	1	5	648	6.106539882185638
27	111	1	5	668	1.2284632953315824
37	111	1	5	681	22.056836343615835
11	111	1	5	701	103.5808076902391
2	111	1	5	704	15.918114280496873
9	111	1	5	708	3.412492709201221
10	111	1	5	713	10.681607066719884
42	111	1	5	716	10.042515940054143
3	111	1	5	747	9.469431915183009
40	111	1	5	768	36.10430413603879
16	111	1	5	782	25.711532854043863
5	111	1	5	805	32.94024940127484
26	111	1	5	814	3.4853561560607953
12	111	1	5	823	31.79838574192041
30	111	1	5	884	42.8248954920562
78	111	1	5	913	11.896595462305257
60	111	1	5	922	11.72319936075224
55	111	1	5	986	3.059816942267581
75	111	1	5	1009	10.969296962915013
67	111	1	5	1033	25.97052242911718
73	111	1	5	1045	15.164606012857519
71	111	1	5	1056	27.423293278666243
53	111	1	5	1067	7.497865630167448
68	111	1	5	1086	39.09961009129801
63	111	1	5	1100	18.062810133568405
62	111	1	5	1105	22.0215541000611
69	111	1	5	1122	55.39480500396854
76	111	1	5	1128	37.451626182166926
66	111	1	5	1142	1.2662659196401433
50	111	1	5	1181	46.07928976387213
44	111	1	5	1195	17.808487137220684
70	111	1	5	1199	18.324902315793558
48	111	1	5	1206	5.709703353014268
52	111	1	5	1206	19.86634370923209
87	111	1	5	1224	7.01570695416668
59	111	1	5	1226	12.011301000400929
86	111	1	5	1230	26.109062355683182
81	111	1	5	1321	55.43716169946655
74	111	1	5	1347	39.719088514893244
56	111	1	5	1372	10.770568617250916
84	111	1	5	1382	10.01189849015779
85	111	1	5	1394	11.94568548917926
79	111	1	5	1463	2.2840504094401757
49	111	1	5	1464	1.5102909862417286
58	111	1	5	1469	0.6272821505754275
45	111	1	5	1522	21.227423192063398
80	111	1	5	1569	12.081455875871892
57	111	1	5	1576	4.609119490247315
72	111	1	5	1583	14.345480382909077
64	111	1	5	1584	17.238459722835575
65	111	1	5	1603	6.801038811178646
61	111	1	5	1654	3.8281272381620166
82	111	1	5	1660	25.295142041009374
77	111	1	5	1698	81.44058901263712
46	111	1	5	1706	32.61902688398486
83	111	1	5	1732	2.588330431406199
47	111	1	5	1733	14.949879776530203
54	111	1	5	1747	25.799210317579156
51	111	1	5	1766	18.689913971125225
106	111	1	5	1811	105.26839292196834
110	111	1	5	1839	1.5531037075388425
127	111	1	5	1839	81.22679419833352
102	111	1	5	1851	66.2451619528915
88	111	1	5	1877	28.02071954329948
104	111	1	5	1890	3.033902150688857
113	111	1	5	1925	10.466295071715702
89	111	1	5	1928	4.42006034885807
94	111	1	5	1928	34.34402994766104
100	111	1	5	1991	111.83732172212652
109	111	1	5	2022	8.774930443414313
90	111	1	5	2028	23.129098652693596
105	111	1	5	2077	2.3285200516923665
99	111	1	5	2096	5.865744280093245
115	111	1	5	2123	20.195461375423786
92	111	1	5	2142	23.646441884924137
97	111	1	5	2198	7.968486126263306
124	111	1	5	2199	77.31005397051686
114	111	1	5	2206	26.87068659259633
117	111	1	5	2250	17.583629213868615
123	111	1	5	2267	60.95157219370805
98	111	1	5	2283	26.41185280743534
103	111	1	5	2304	26.656738820731153
125	111	1	5	2317	123.06947101228864
129	111	1	5	2319	17.62921551512039
130	111	1	5	2343	12.318039720912122
101	111	1	5	2347	37.9191702343742
111	111	1	5	2348	30.596979622592546
126	111	1	5	2351	4.21480640560058
120	111	1	5	2405	3.523237546433204
121	111	1	5	2423	29.51260135540194
122	111	1	5	2425	12.98901255535084
119	111	1	5	2437	1.4791883747957786
118	111	1	5	2455	41.35859659654389
93	111	1	5	2467	20.82653338277584
95	111	1	5	2468	4.271400576019094
128	111	1	5	2512	2.2433096577867953
108	111	1	5	2533	0.8633805050004093
107	111	1	5	2558	16.183371168347048
116	111	1	5	2609	7.284866570689252
91	111	1	5	2631	21.421111518407468
112	111	1	5	2632	79.45349355498372
96	111	1	5	2698	4.46734620575321
147	111	1	5	2734	60.1631637624047
165	111	1	5	2752	27.485537154455848
146	111	1	5	2756	41.23618363547058
137	111	1	5	2761	26.10291857383871
133	111	1	5	2781	25.511307270927233
131	111	1	5	2817	6.5271901939484644
170	111	1	5	2827	1.898830027252081
150	111	1	5	2860	43.183210978427994
144	111	1	5	2861	6.14302915008621
138	111	1	5	2869	61.66848652967317
136	111	1	5	2875	2.0669028548343538
140	111	1	5	2882	21.486031474127373
145	111	1	5	2894	16.12831769062824
160	111	1	5	2895	2.8161864180154956
161	111	1	5	2923	35.90268800202616
151	111	1	5	2933	12.186097151282627
149	111	1	5	2987	15.068004264783182
156	111	1	5	2993	15.313372204014055
169	111	1	5	3008	32.70413252861387
152	111	1	5	3027	17.68069149096398
155	111	1	5	3062	80.95578959766425
141	111	1	5	3067	34.272867032451266
163	111	1	5	3080	32.15748757727253
162	111	1	5	3098	0.7246469615673738
153	111	1	5	3114	29.97703993513953
157	111	1	5	3116	94.21623161428549
132	111	1	5	3120	2.827549079206819
154	111	1	5	3245	23.34524373255927
174	111	1	5	3249	14.477578234369053
159	111	1	5	3272	12.393400266478235
158	111	1	5	3309	23.035562487177252
134	111	1	5	3368	18.349084853262823
172	111	1	5	3369	9.914333397410143
139	111	1	5	3387	0.22309737253817066
164	111	1	5	3410	17.153370532523887
173	111	1	5	3425	17.74278174816743
142	111	1	5	3456	4.002965710156945
148	111	1	5	3461	2.0725960108722554
171	111	1	5	3496	9.124242377502707
143	111	1	5	3501	10.46573298488739
167	111	1	5	3543	0.0018944276545558346
168	111	1	5	3590	13.32915546326261
166	111	1	5	3594	13.145523663099869
135	111	1	5	3599	64.03557871705233
