route	sequence	link	stop	dwelltime
2	1	17730	0	0
2	2	105223	1	650
2	3	105220	0	0
2	4	118458	0	0
2	5	105236	1	5044
2	6	105239	0	0
2	7	105233	1	2743
2	8	105138	1	863
2	9	105303	0	0
2	10	105299	0	0
2	11	105305	0	0
2	12	116602	0	0
2	13	105287	1	5209
2	14	105318	0	0
2	15	114722	1	657
3	1	118601	0	0
3	2	118600	0	0
3	3	116370	0	0
3	4	104870	0	0
3	5	104887	1	5498
3	6	104888	0	0
3	7	104607	0	0
3	8	105179	0	0
3	9	105177	0	0
3	10	105178	0	0
3	11	118373	0	0
3	12	114512	1	784
3	13	114454	0	0
3	14	105167	0	0
3	15	105205	0	0
3	16	105208	0	0
3	17	117729	0	0
3	18	105137	0	0
3	19	118190	0	0
3	20	18192	1	5556
3	21	18193	0	0
3	22	18195	0	0
3	23	18462	0	0
3	24	18194	0	0
3	25	115584	0	0
3	26	115585	1	590
3	27	115586	1	592
3	28	105215	1	593
3	29	115886	1	594
3	30	118219	0	0
3	31	104284	1	4657
3	32	118234	0	0
3	33	106230	0	0
3	34	6214	0	0
3	35	106233	1	596
3	36	118518	0	0
3	37	106234	0	0
3	38	115778	1	1042
3	39	106199	1	598
3	40	118516	0	0
3	41	116214	0	0
3	42	106244	1	599
3	43	115777	0	0
3	44	118528	0	0
3	45	106236	0	0
3	46	118532	1	5353
3	47	118369	1	5634
3	48	106167	0	0
3	49	106284	1	602
3	50	116217	0	0
3	51	115776	1	603
3	52	118418	0	0
3	53	118420	0	0
3	54	106282	1	604
4	1	104871	1	2107
4	2	104894	0	0
4	3	118319	1	2110
4	4	104891	0	0
4	5	104611	1	2112
4	6	105188	1	2113
4	7	118448	0	0
4	8	105185	1	2114
4	9	105181	0	0
4	10	105171	0	0
4	11	105205	0	0
4	12	105208	0	0
4	13	118440	0	0
4	14	105201	1	924
4	15	118172	1	925
4	16	105142	1	926
4	17	118450	0	0
4	18	105275	1	927
4	19	116041	0	0
4	20	105268	1	928
4	21	105253	0	0
4	22	114720	1	929
5	1	105177	0	0
5	2	118375	1	578
5	3	105180	0	0
5	4	114516	1	579
5	5	105173	0	0
5	6	105192	1	580
5	7	105190	1	581
5	8	105166	0	0
5	9	105210	0	0
5	10	115885	1	584
5	11	105140	1	585
5	12	118458	0	0
5	13	105236	1	5044
5	14	105239	0	0
5	15	5240	0	0
5	16	5217	0	0
5	17	18197	0	0
5	18	115584	0	0
5	19	115585	1	590
5	20	115586	1	592
5	21	105215	1	593
5	22	115886	1	594
5	23	118219	0	0
5	24	104284	1	4657
5	25	118234	0	0
5	26	106230	0	0
5	27	6214	0	0
5	28	106233	1	596
5	29	118518	0	0
5	30	106234	0	0
5	31	115778	1	1042
5	32	106199	1	598
5	33	118516	0	0
5	34	116214	1	1043
5	35	106244	0	0
5	36	116247	0	0
5	37	115710	0	0
5	38	106205	0	0
5	39	106265	0	0
5	40	106266	0	0
5	41	106264	1	3955
5	42	106260	0	0
5	43	106267	0	0
5	44	6179	1	1046
5	45	116526	0	0
5	46	116548	0	0
5	47	118415	0	0
5	48	118417	0	0
6	1	17730	0	0
6	2	105223	1	650
6	3	105220	0	0
6	4	118458	0	0
6	5	105236	1	5044
6	6	105239	0	0
6	7	105233	1	2743
6	8	105138	1	863
6	9	105303	0	0
6	10	105299	0	0
6	11	105305	0	0
6	12	105298	1	1569
6	13	105282	0	0
6	14	105317	0	0
10	1	118375	1	578
10	2	105180	0	0
10	3	114516	1	579
10	4	105173	0	0
10	5	105192	1	580
10	6	105190	1	581
10	7	105166	0	0
10	8	105210	0	0
10	9	115885	1	584
10	10	105140	1	585
10	11	118458	0	0
10	12	105236	1	5044
10	13	105239	0	0
10	14	105233	1	2743
10	15	105138	1	863
10	16	105303	0	0
10	17	105299	0	0
10	18	105305	0	0
10	19	105298	1	1569
10	20	105285	0	0
10	21	118554	1	1570
10	22	105286	1	1571
10	23	115803	0	0
10	24	104290	1	1572
10	25	116582	0	0
10	26	106183	0	0
10	27	106321	0	0
10	28	6173	1	3743
10	29	115712	0	0
10	30	113458	0	0
10	31	106355	0	0
10	32	118424	1	4144
10	33	118410	1	2493
10	34	106354	0	0
17	1	117729	0	0
17	2	105137	0	0
17	3	118190	1	654
17	4	105234	0	0
17	5	5233	0	0
17	6	5239	1	507
17	7	5236	0	0
17	8	18458	1	508
17	9	5140	0	0
17	10	15885	0	0
17	11	5210	1	511
17	12	5166	1	512
17	13	5190	1	513
17	14	5192	0	0
17	15	5173	0	0
17	16	14516	0	0
17	17	5180	0	0
17	18	18375	0	0
17	19	105178	1	993
17	20	105170	0	0
17	21	114459	0	0
17	22	105197	1	5633
17	23	105200	1	995
17	24	105073	0	0
17	25	105125	0	0
19	1	17730	0	0
19	2	105223	1	650
19	3	105220	0	0
19	4	118458	0	0
19	5	105236	1	5044
19	6	105239	0	0
19	7	5240	0	0
19	8	5217	0	0
19	9	18197	0	0
19	10	115584	0	0
19	11	115585	1	590
19	12	115586	1	592
19	13	105215	1	593
19	14	115886	1	594
19	15	118219	0	0
19	16	104284	1	4657
19	17	118234	0	0
19	18	106230	0	0
19	19	6214	0	0
19	20	106233	1	596
19	21	118518	0	0
19	22	106234	0	0
19	23	115778	1	1042
19	24	106199	1	598
19	25	118516	0	0
19	26	116214	0	0
19	27	106244	1	599
19	28	115777	0	0
19	29	118528	0	0
19	30	106236	0	0
19	31	118532	1	5353
19	32	118369	1	5634
19	33	106167	0	0
19	34	106284	1	602
19	35	116217	0	0
19	36	115776	1	603
19	37	118418	0	0
19	38	118420	0	0
19	39	106282	1	604
20	1	118375	1	578
20	2	105180	0	0
20	3	114516	1	579
20	4	105173	0	0
20	5	105192	1	580
20	6	105190	1	581
20	7	105166	0	0
20	8	105210	0	0
20	9	115885	1	584
20	10	105140	1	585
20	11	118458	0	0
20	12	105236	1	5044
20	13	105239	0	0
20	14	105233	1	2743
20	15	105138	1	863
20	16	105303	0	0
20	17	105299	0	0
20	18	105305	0	0
20	19	105298	1	1569
20	20	105285	0	0
20	21	118554	1	1570
20	22	105286	1	1571
20	23	115803	0	0
20	24	104290	1	1572
20	25	116582	0	0
20	26	106183	0	0
20	27	106321	1	1573
20	28	106345	0	0
20	29	116006	0	0
20	30	116013	1	1575
20	31	116005	0	0
20	32	106312	0	0
20	33	106353	0	0
20	34	106362	0	0
20	35	116581	1	1577
22	1	6361	1	4598
22	2	6353	0	0
22	3	6355	1	2077
22	4	6357	0	0
22	5	6188	1	2757
22	6	18534	0	0
22	7	15711	0	0
22	8	6264	1	2079
22	9	6266	0	0
22	10	6265	0	0
22	11	6205	0	0
22	12	15710	0	0
22	13	16247	0	0
22	14	115777	0	0
22	15	118528	0	0
22	16	106236	0	0
22	17	118532	1	5353
22	18	118369	1	5634
22	19	106167	0	0
22	20	106284	1	602
22	21	116217	0	0
22	22	115776	1	603
22	23	118418	0	0
22	24	118420	0	0
22	25	18422	0	0
22	26	106275	1	2083
30	1	118375	1	578
30	2	105180	0	0
30	3	114516	1	579
30	4	105173	0	0
30	5	105192	1	580
30	6	105190	1	581
30	7	105166	0	0
30	8	105210	0	0
30	9	115885	1	584
30	10	105140	1	585
30	11	118458	0	0
30	12	105236	1	5044
30	13	105239	0	0
30	14	105233	1	2743
37	1	17730	0	0
37	2	105223	1	650
37	3	105220	0	0
37	4	118458	0	0
37	5	105236	1	5044
37	6	105239	0	0
37	7	105233	1	2743
37	8	105138	1	863
37	9	105303	0	0
37	10	105299	0	0
37	11	105305	0	0
37	12	105298	1	1569
37	13	105285	0	0
37	14	118554	1	1570
37	15	105286	1	1571
37	16	115803	0	0
37	17	104290	1	1572
37	18	116582	0	0
37	19	106183	0	0
37	20	106321	0	0
37	21	6173	1	3743
37	22	115712	0	0
37	23	113458	0	0
37	24	106355	1	2006
37	25	106353	0	0
37	26	106362	0	0
37	27	106360	0	0
37	28	113437	0	0
37	29	116295	1	2007
100	1	118375	1	578
100	2	105180	0	0
100	3	114516	0	0
100	4	105173	0	0
100	5	105192	1	580
100	6	14456	0	0
100	7	14457	0	0
100	8	17426	0	0
100	9	14462	1	5589
100	10	16996	0	0
100	11	18173	0	0
100	12	18176	0	0
100	13	18177	0	0
100	14	18179	0	0
100	15	18196	0	0
100	16	105302	1	864
100	17	116037	0	0
100	18	105292	0	0
100	19	114713	0	0
100	20	118504	0	0
100	21	118228	1	866
100	22	104300	0	0
100	23	106254	0	0
100	24	116078	0	0
100	25	106250	1	1253
100	26	106256	0	0
101	1	118375	1	578
101	2	105180	0	0
101	3	114516	1	579
101	4	105173	0	0
101	5	105192	1	580
101	6	105190	1	581
101	7	105166	0	0
101	8	105210	0	0
101	9	115885	1	584
101	10	105140	1	585
101	11	118458	0	0
101	12	105236	1	5044
101	13	105239	0	0
101	14	5240	0	0
101	15	5217	0	0
101	16	18197	0	0
101	17	115584	0	0
101	18	115585	0	0
101	19	115586	0	0
101	20	105215	1	593
101	21	115886	0	0
101	22	118219	0	0
101	23	104284	1	4657
101	24	118234	0	0
101	25	106230	0	0
101	26	6214	0	0
101	27	106233	1	596
101	28	118518	0	0
101	29	106234	0	0
101	30	115778	1	1042
101	31	106199	0	0
101	32	118516	0	0
101	33	116214	0	0
101	34	106244	0	0
101	35	115777	0	0
101	36	118528	0	0
101	37	106236	0	0
101	38	118532	0	0
101	39	118369	0	0
101	40	106167	0	0
101	41	106284	0	0
101	42	116217	0	0
101	43	115776	0	0
101	44	118418	0	0
101	45	118420	0	0
101	46	106282	0	0
103	1	104868	0	0
103	2	104903	0	0
103	3	104871	1	2107
103	4	104894	0	0
103	5	118319	0	0
103	6	104891	0	0
103	7	104611	0	0
103	8	105188	0	0
103	9	14996	1	2605
103	10	17618	0	0
103	11	17620	1	2606
103	12	17730	1	4007
103	13	17621	1	2607
103	14	18194	0	0
103	15	115584	0	0
103	16	115585	1	590
103	17	115586	0	0
103	18	18209	0	0
103	19	18210	0	0
103	20	105244	0	0
103	21	118216	0	0
103	22	118506	0	0
103	23	104229	1	2519
103	24	118231	0	0
103	25	106194	1	2520
103	26	118508	0	0
103	27	114711	0	0
103	28	106252	0	0
103	29	106248	0	0
103	30	106254	0	0
103	31	116078	0	0
103	32	106250	1	1253
103	33	106256	0	0
103	34	106206	1	3491
103	35	106261	0	0
103	36	6264	1	2079
103	37	6266	0	0
103	38	6265	0	0
110	1	17614	1	2603
110	2	18379	0	0
110	3	17616	1	2643
110	4	14715	0	0
110	5	14996	1	2605
110	6	17618	0	0
110	7	17620	1	2606
110	8	17730	1	4007
110	9	17621	1	2607
110	10	18194	0	0
110	11	115584	0	0
110	12	115585	1	590
110	13	115586	0	0
110	14	18209	0	0
110	15	18210	0	0
110	16	105244	0	0
110	17	118216	0	0
110	18	118506	0	0
110	19	104229	1	2519
110	20	118231	0	0
110	21	106194	1	2520
110	22	118508	0	0
110	23	114711	0	0
110	24	106252	0	0
110	25	106248	0	0
110	26	106254	0	0
110	27	116078	0	0
110	28	106250	1	1253
110	29	106256	0	0
110	30	106206	1	3491
110	31	106261	1	1256
110	32	115711	1	2005
110	33	118534	0	0
110	34	106188	0	0
110	35	106357	0	0
110	36	106355	0	0
127	1	425140	0	0
127	2	5125	0	0
127	3	5073	0	0
127	4	5200	0	0
127	5	5197	1	1038
127	6	14459	0	0
127	7	5170	0	0
127	8	5178	0	0
127	9	118375	1	578
127	10	105180	0	0
127	11	114516	0	0
127	12	105173	0	0
127	13	105192	1	580
127	14	105190	0	0
127	15	105166	0	0
127	16	105210	0	0
127	17	115885	1	584
127	18	105140	0	0
127	19	118458	0	0
127	20	105236	1	5044
127	21	105239	0	0
127	22	105233	1	2743
127	23	105138	1	863
127	24	105303	0	0
127	25	105302	1	864
127	26	116037	0	0
127	27	105292	1	865
127	28	114713	0	0
127	29	118504	0	0
127	30	118228	1	866
127	31	104300	0	0
127	32	106254	0	0
127	33	116078	0	0
127	34	106250	1	1253
127	35	106256	0	0
127	36	106206	1	3491
127	37	106261	1	1256
127	38	115711	1	2005
127	39	118534	0	0
127	40	106188	0	0
127	41	106357	0	0
127	42	106355	0	0
171	1	104879	0	0
171	2	118600	0	0
171	3	116370	0	0
171	4	104870	0	0
171	5	104887	1	5498
171	6	104888	0	0
171	7	104607	0	0
171	8	17614	1	2603
171	9	18379	0	0
171	10	17616	1	2643
171	11	14715	0	0
171	12	14996	1	2605
171	13	17618	0	0
171	14	17620	1	2606
171	15	17730	1	4007
171	16	17621	1	2607
171	17	18194	0	0
171	18	118197	0	0
171	19	105217	0	0
171	20	105240	1	506
171	21	105233	0	0
171	22	105138	1	863
171	23	105303	0	0
171	24	105302	1	864
171	25	116037	0	0
171	26	105292	1	865
171	27	114713	0	0
171	28	118504	0	0
171	29	118228	1	866
171	30	104300	0	0
171	31	106254	0	0
171	32	116078	0	0
171	33	106250	1	1253
171	34	106256	0	0
171	35	106206	1	3491
464	1	18216	0	0
464	2	118492	0	0
464	3	105145	1	4023
464	4	105311	0	0
464	5	105312	0	0
464	6	18556	1	5600
464	7	105327	0	0
464	8	105331	0	0
464	9	116672	0	0
464	10	104294	0	0
465	1	6168	0	0
465	2	6255	1	2761
465	3	18512	0	0
465	4	106254	0	0
465	5	116078	0	0
465	6	106250	1	1253
465	7	106256	0	0
465	8	106206	1	3491
465	9	106261	1	1256
465	10	115711	1	2005
465	11	118534	0	0
465	12	106188	0	0
465	13	106357	0	0
465	14	106355	0	0
465	15	106353	0	0
465	16	106362	0	0
465	17	116581	1	1577
640	1	6203	0	0
640	2	15841	0	0
640	3	15859	1	5179
640	4	118518	0	0
640	5	106234	0	0
640	6	115778	1	1042
640	7	106199	0	0
640	8	118516	0	0
640	9	116214	0	0
640	10	106244	0	0
640	11	116247	0	0
640	12	115710	0	0
640	13	106205	0	0
640	14	106265	0	0
640	15	106266	0	0
640	16	106264	1	5438
640	17	115711	1	2005
640	18	118534	0	0
640	19	106188	0	0
640	20	106357	0	0
640	21	13458	0	0
640	22	15712	1	4143
640	23	13457	0	0
640	24	16104	0	0
640	25	15812	0	0
640	26	15802	1	3750
640	27	6256	0	0
641	1	106261	1	1256
641	2	115711	1	2005
641	3	118534	0	0
641	4	106188	0	0
641	5	106357	0	0
641	6	106355	0	0
641	7	106353	0	0
641	8	106362	0	0
641	9	116581	1	1577
642	1	6266	0	0
642	2	6265	0	0
642	3	106258	0	0
642	4	6196	1	4096
642	5	6245	0	0
642	6	118558	1	5373
642	7	18557	0	0
642	8	118524	0	0
642	9	106237	0	0
642	10	5914	0	0
642	11	16639	0	0
642	12	6014	1	4121
642	13	15510	0	0
642	14	18522	0	0
642	15	5990	0	0
642	16	16640	1	4979
642	17	116641	0	0
642	18	105908	1	4120
642	19	14509	1	4099
642	20	18562	0	0
642	21	116796	0	0
642	22	106213	0	0
642	23	115859	1	4095
642	24	115841	0	0
642	25	106203	1	3494
642	26	106246	1	4137
642	27	106256	0	0
651	1	6361	0	0
651	2	6353	0	0
651	3	6355	0	0
651	4	13458	0	0
651	5	15712	1	4143
652	1	106260	0	0
652	2	106267	0	0
652	3	6179	0	0
652	4	6296	0	0
652	5	6273	0	0
652	6	116217	0	0
652	7	115776	0	0
652	8	118418	0	0
652	9	118420	0	0
652	10	106282	0	0
653	1	18410	1	1706
653	2	18424	0	0
653	3	6355	0	0
653	4	13458	0	0
653	5	15712	1	4143
656	1	18415	0	0
656	2	16548	0	0
656	3	16526	0	0
656	4	106179	0	0
656	5	6262	0	0
656	6	16540	0	0
656	7	16547	1	5543
661	1	18420	0	0
661	2	18418	0	0
661	3	15776	0	0
661	4	16217	0	0
661	5	6284	0	0
661	6	6167	0	0
661	7	118370	0	0
661	8	106245	0	0
661	9	6236	0	0
661	10	18528	0	0
661	11	15777	0	0
663	1	104871	0	0
663	2	104894	1	2109
663	3	118319	0	0
663	4	104891	0	0
663	5	104611	0	0
663	6	105188	0	0
663	7	14996	0	0
663	8	17618	0	0
663	9	17620	0	0
663	10	17730	0	0
663	11	17621	0	0
663	12	18194	0	0
663	13	115584	0	0
663	14	115585	0	0
663	15	115586	0	0
663	16	18209	0	0
663	17	18210	0	0
663	18	105244	0	0
663	19	118492	0	0
663	20	105145	0	0
663	21	105311	0	0
663	22	114713	0	0
663	23	118504	0	0
663	24	118228	1	866
663	25	104300	0	0
663	26	106254	0	0
663	27	116078	1	4135
663	28	106250	0	0
663	29	6246	1	4136
670	1	105264	0	0
670	2	105257	0	0
670	3	105141	0	0
670	4	105316	0	0
670	5	105294	0	0
670	6	105326	0	0
670	7	5327	0	0
670	8	118556	1	2319
670	9	105286	1	1571
670	10	115803	0	0
670	11	104290	0	0
670	12	6255	1	2761
670	13	18512	1	4586
670	14	106254	0	0
670	15	116078	1	4135
670	16	106250	0	0
670	17	106256	0	0
671	1	105264	0	0
671	2	105257	0	0
671	3	105141	0	0
671	4	105316	0	0
671	5	105294	0	0
671	6	105326	0	0
671	7	105331	0	0
671	8	116672	0	0
671	9	104294	0	0
671	10	6338	0	0
671	11	6168	0	0
671	12	6255	1	2761
671	13	18512	1	4586
671	14	106254	0	0
671	15	116078	1	4135
671	16	106250	0	0
671	17	106256	0	0
672	1	105264	0	0
672	2	105257	0	0
672	3	105141	0	0
672	4	105316	0	0
672	5	105294	0	0
672	6	105326	0	0
672	7	105331	0	0
672	8	116672	0	0
672	9	104294	0	0
672	10	6338	0	0
672	11	6168	0	0
672	12	6255	1	2761
672	13	18512	1	4586
672	14	106254	0	0
672	15	116078	1	4135
672	16	106250	0	0
672	17	106256	0	0
675	1	105264	0	0
675	2	105257	0	0
675	3	105141	0	0
675	4	105316	0	0
675	5	105294	0	0
675	6	105326	0	0
675	7	105331	0	0
675	8	116672	0	0
675	9	104294	0	0
675	10	6338	0	0
675	11	6168	0	0
675	12	6255	1	2761
675	13	18512	1	4586
675	14	106254	0	0
675	15	116078	1	4135
675	16	106250	0	0
675	17	106256	0	0
983	1	14996	1	2605
983	2	17618	0	0
983	3	17620	1	2606
983	4	17730	1	4007
983	5	17621	1	2607
983	6	18194	0	0
983	7	115584	0	0
983	8	115585	1	590
983	9	115586	0	0
983	10	105215	1	593
983	11	115886	0	0
983	12	118219	0	0
983	13	104284	1	4657
983	14	118234	0	0
983	15	106230	0	0
983	16	6214	0	0
983	17	106233	1	596
983	18	118518	0	0
983	19	106234	0	0
983	20	115778	1	1042
983	21	106199	1	598
983	22	118516	0	0
983	23	116214	0	0
983	24	106244	1	599
983	25	115777	0	0
983	26	118528	0	0
983	27	106236	0	0
983	28	118532	0	0
983	29	118369	0	0
983	30	106167	0	0
983	31	106284	0	0
983	32	116217	0	0
983	33	115776	0	0
983	34	118418	0	0
983	35	118420	0	0
983	36	106282	0	0
1001	1	118375	1	578
1001	2	105180	0	0
1001	3	114516	1	579
1001	4	105173	0	0
1001	5	105192	1	580
1001	6	105190	1	581
1001	7	105166	0	0
1001	8	105210	0	0
1001	9	115885	1	584
1001	10	105140	1	585
1001	11	118458	0	0
1001	12	105236	1	5044
1001	13	105239	0	0
1001	14	5240	0	0
1001	15	5217	0	0
1001	16	18197	0	0
1001	17	115584	0	0
1001	18	115585	1	590
1001	19	115586	1	592
1001	20	105215	1	593
1001	21	115886	1	594
1001	22	118219	0	0
1001	23	104284	1	4657
1001	24	118234	0	0
1001	25	106230	0	0
1001	26	6214	0	0
1001	27	106233	1	596
1001	28	118518	0	0
1001	29	106234	0	0
1001	30	115778	1	1042
1001	31	106199	1	598
1001	32	118516	0	0
1001	33	116214	0	0
1001	34	106244	1	599
1001	35	115777	0	0
1001	36	118528	0	0
1001	37	106236	0	0
1001	38	118532	1	5353
1001	39	118369	1	5634
1001	40	106167	0	0
1001	41	106284	1	602
1001	42	116217	0	0
1001	43	115776	1	603
1001	44	118418	0	0
1001	45	118420	0	0
1001	46	106282	1	604
2001	1	118375	1	578
2001	2	105180	0	0
2001	3	114516	1	579
2001	4	105173	0	0
2001	5	105192	1	580
2001	6	105190	1	581
2001	7	105166	0	0
2001	8	105210	0	0
2001	9	115885	1	584
2001	10	105140	1	585
2001	11	118458	0	0
2001	12	105236	1	5044
2001	13	105239	0	0
2001	14	5240	0	0
2001	15	5217	0	0
2001	16	18197	0	0
2001	17	115584	0	0
2001	18	115585	1	590
2001	19	115586	1	592
2001	20	105215	1	593
2001	21	115886	1	594
2001	22	118219	0	0
2001	23	104284	1	4657
2001	24	118234	0	0
2001	25	106230	0	0
2001	26	6214	0	0
2001	27	106233	1	596
2001	28	118518	0	0
2001	29	106234	0	0
2001	30	115778	1	1042
2001	31	106199	1	598
2001	32	118516	0	0
2001	33	116214	0	0
2001	34	106244	1	599
2001	35	115777	0	0
2001	36	118528	0	0
2001	37	106236	0	0
2001	38	118532	1	5353
2001	39	118369	1	5634
2001	40	106167	0	0
2001	41	106284	1	602
2001	42	116217	0	0
2001	43	115776	1	603
2001	44	118418	0	0
2001	45	118420	0	0
2001	46	106282	1	604
100003	1	18420	0	0
100003	2	18418	0	0
100003	3	15776	1	5357
100003	4	16217	1	492
100003	5	6284	1	2003
100003	6	6167	0	0
100003	7	118370	0	0
100003	8	106245	0	0
100003	9	6236	0	0
100003	10	18528	0	0
100003	11	15777	1	495
100003	12	6244	0	0
100003	13	16214	0	0
100003	14	18516	1	4094
100003	15	6199	0	0
100003	16	15778	1	497
100003	17	6234	0	0
100003	18	18518	0	0
100003	19	6233	1	498
100003	20	6211	1	499
100003	21	18236	1	500
100003	22	6215	1	501
100003	23	18221	0	0
100003	24	4258	1	502
100003	25	5229	1	503
100003	26	18200	0	0
100003	27	18500	0	0
100003	28	18205	0	0
100003	29	105218	1	504
100003	30	118197	0	0
100003	31	105217	0	0
100003	32	105240	1	506
100003	33	5239	1	507
100003	34	5236	0	0
100003	35	18458	1	508
100003	36	5140	0	0
100003	37	15885	0	0
100003	38	5210	1	511
100003	39	5166	1	512
100003	40	5190	1	513
100003	41	5192	0	0
100003	42	5173	1	514
100003	43	14517	0	0
100003	44	18432	0	0
100003	45	17615	0	0
100003	46	18436	0	0
100003	47	14515	0	0
100003	48	104883	0	0
100003	49	18383	0	0
100003	50	4885	1	5146
100003	51	4887	0	0
100003	52	4870	0	0
100003	53	16370	0	0
100003	54	18600	1	716
100003	55	4879	0	0
100003	56	18602	1	717
100003	57	4878	0	0
100004	1	14493	0	0
100004	2	14492	1	859
100004	3	18387	1	2792
100004	4	5139	0	0
100004	5	16765	0	0
100004	6	18452	1	861
100004	7	16146	1	1963
100004	8	5202	1	1964
100004	9	5212	0	0
100004	10	18444	0	0
100004	11	5165	1	5619
100004	12	18446	0	0
100004	13	5187	1	2649
100004	14	14995	1	1966
100004	15	4617	1	1967
100004	16	18305	0	0
100004	17	16274	1	1968
100004	18	18317	0	0
100004	19	4897	1	5499
100004	20	18329	1	1970
100004	21	14692	0	0
100005	1	18415	0	0
100005	2	16548	0	0
100005	3	16526	0	0
100005	4	106179	1	987
100005	5	6262	0	0
100005	6	16540	0	0
100005	7	16547	1	5543
100005	8	6266	0	0
100005	9	6265	0	0
100005	10	6205	0	0
100005	11	15710	0	0
100005	12	16247	0	0
100005	13	6244	1	991
100005	14	16214	0	0
100005	15	18516	1	4094
100005	16	6199	0	0
100005	17	15778	1	497
100005	18	6234	0	0
100005	19	18518	0	0
100005	20	6233	1	498
100005	21	6211	1	499
100005	22	18236	1	500
100005	23	6215	1	501
100005	24	18221	0	0
100005	25	4258	1	502
100005	26	5229	1	503
100005	27	18200	0	0
100005	28	18500	0	0
100005	29	18205	0	0
100005	30	105218	1	504
100005	31	118197	0	0
100005	32	105217	0	0
100005	33	105240	1	506
100005	34	5239	1	507
100005	35	5236	0	0
100005	36	18458	1	508
100005	37	5140	0	0
100005	38	15885	0	0
100005	39	5210	1	511
100005	40	5166	1	512
100005	41	5190	1	513
100005	42	5192	0	0
100005	43	5173	1	514
100005	44	14516	0	0
100005	45	5180	1	1714
100005	46	18375	1	515
100005	47	5084	0	0
100006	1	5282	0	0
100006	2	5298	1	1651
100006	3	5307	0	0
100006	4	18165	0	0
100006	5	18170	0	0
100006	6	18178	1	5780
100006	7	18191	0	0
100006	8	18460	0	0
100006	9	18192	1	5556
100006	10	18193	0	0
100006	11	16877	0	0
100007	1	16008	1	1176
100007	2	6260	1	1177
100007	3	6261	1	2494
100007	4	6206	1	1179
100007	5	6256	1	1180
100007	6	6250	0	0
100007	7	16078	1	1181
100007	8	6249	0	0
100007	9	6253	0	0
100007	10	18229	1	916
100007	11	4303	0	0
100007	12	18215	1	918
100007	13	5310	1	919
100007	14	5290	1	920
100007	15	5301	1	922
100007	16	5138	0	0
100007	17	5233	0	0
100007	18	5239	1	507
100007	19	5236	0	0
100007	20	18458	1	508
100007	21	5140	0	0
100007	22	15885	0	0
100007	23	5210	1	511
100007	24	5166	1	512
100007	25	5190	1	513
100007	26	5192	0	0
100007	27	5173	1	514
100007	28	14516	0	0
100007	29	5180	1	1714
100007	30	18375	1	515
100007	31	5084	0	0
100010	1	18410	1	1706
100010	2	18424	0	0
100010	3	6355	0	0
100010	4	13458	0	0
100010	5	15712	1	4143
100010	6	106173	0	0
100010	7	6321	0	0
100010	8	6183	0	0
100010	9	16582	0	0
100010	10	4290	0	0
100010	11	15803	1	1710
100010	12	5286	0	0
100010	13	18554	1	1649
100010	14	5285	1	1650
100010	15	5298	1	1651
100010	16	5305	0	0
100010	17	5299	0	0
100010	18	5303	0	0
100010	19	5138	1	5804
100010	20	5233	0	0
100010	21	5239	1	507
100010	22	5236	0	0
100010	23	18458	1	508
100010	24	5140	0	0
100010	25	15885	0	0
100010	26	5210	1	511
100010	27	5166	1	512
100010	28	5190	1	513
100010	29	5192	0	0
100010	30	5173	1	514
100010	31	14516	0	0
100010	32	5180	1	1714
100010	33	18375	1	515
100010	34	5084	0	0
100018	1	115988	0	0
100018	2	104896	0	0
100018	3	104914	0	0
100018	4	104590	0	0
100018	5	118476	0	0
100018	6	118273	0	0
100018	7	105230	0	0
100018	8	118206	0	0
100018	9	115585	0	0
100018	10	115586	1	592
100018	11	105215	1	593
100018	12	115886	1	594
100018	13	118219	0	0
100018	14	104284	1	4657
100018	15	118234	0	0
100018	16	106230	0	0
100018	17	6214	0	0
100018	18	106233	1	596
100018	19	115859	1	4095
100018	20	115841	0	0
100018	21	106203	1	3494
100018	22	106246	1	4137
100018	23	6250	0	0
100018	24	16078	1	1181
100018	25	6249	0	0
100018	26	106248	0	0
100018	27	118512	0	0
100018	28	106255	1	2768
100018	29	106168	1	5624
100018	30	106338	0	0
100020	1	118375	1	578
100020	2	105180	0	0
100020	3	114516	1	579
100020	4	105173	0	0
100020	5	105192	1	580
100020	6	105190	1	581
100020	7	105166	0	0
100020	8	105210	0	0
100020	9	115885	1	584
100020	10	105140	1	585
100020	11	118458	0	0
100020	12	105236	1	5044
100020	13	105239	0	0
100020	14	105233	1	2743
100020	15	105138	1	863
100020	16	105303	0	0
100020	17	105299	0	0
100020	18	105305	0	0
100020	19	105298	1	1569
100020	20	105285	0	0
100020	21	118554	1	1570
100020	22	105286	1	1571
100020	23	115803	0	0
100020	24	104290	1	1572
100020	25	116582	0	0
100020	26	106183	0	0
100020	27	106321	1	1573
100020	28	106345	0	0
100020	29	116006	0	0
100020	30	116013	1	1575
100020	31	116005	0	0
100020	32	106312	0	0
100020	33	106353	0	0
100020	34	106362	0	0
100020	35	116581	1	1577
100030	1	118375	1	578
100030	2	105180	0	0
100030	3	114516	1	579
100030	4	105173	0	0
100030	5	105192	1	580
100030	6	105190	1	581
100030	7	105166	0	0
100030	8	105210	0	0
100030	9	115885	1	584
100030	10	105140	1	585
100030	11	118458	0	0
100030	12	105236	1	5044
100030	13	105239	0	0
100030	14	105233	1	2743
100037	1	6361	1	4598
100037	2	6353	0	0
100037	3	6355	0	0
100037	4	13458	0	0
100037	5	15712	1	4143
100037	6	106173	0	0
100037	7	6321	0	0
100037	8	6183	0	0
100037	9	16582	0	0
100037	10	4290	0	0
100037	11	15803	1	1710
100037	12	5286	0	0
100037	13	18554	1	1649
100037	14	5285	1	1650
100037	15	5298	1	1651
100037	16	5307	0	0
100037	17	18165	0	0
100037	18	18170	0	0
100037	19	18178	1	5780
100037	20	18191	0	0
100037	21	18460	0	0
100037	22	18192	1	5556
100037	23	18193	0	0
100037	24	16877	0	0
100100	1	16582	0	0
100100	2	4290	0	0
100100	3	15803	1	1710
100100	4	5286	0	0
100100	5	18554	0	0
100100	6	5285	1	1650
100100	7	5298	0	0
100100	8	5307	0	0
100100	9	5153	0	0
100100	10	5266	0	0
100100	11	18161	0	0
100100	12	5267	0	0
100100	13	5272	0	0
100100	14	5274	0	0
100100	15	5250	0	0
100100	16	115488	0	0
100100	17	115486	1	5591
100100	18	117426	0	0
100100	19	114457	0	0
100100	20	114456	0	0
100100	21	5192	0	0
100100	22	5173	1	514
100100	23	14516	0	0
100100	24	5180	0	0
100100	25	18375	1	515
100100	26	5084	0	0
100142	1	6313	0	0
100142	2	6324	0	0
100142	3	6320	0	0
100142	4	6342	0	0
100142	5	6335	0	0
100142	6	6168	0	0
100142	7	6255	1	2761
100142	8	18512	0	0
100142	9	6248	0	0
100142	10	6252	0	0
100142	11	14711	0	0
100142	12	18508	0	0
100142	13	6194	0	0
100142	14	18231	1	2587
100142	15	4229	0	0
100142	16	18506	1	2588
100142	17	18216	0	0
100142	18	118492	0	0
100142	19	105145	1	4023
100142	20	5310	0	0
100142	21	5290	1	920
100142	22	5301	1	922
100142	23	5138	0	0
100142	24	5233	0	0
100142	25	5239	1	507
100142	26	5236	0	0
100142	27	18458	0	0
100142	28	5140	0	0
100142	29	15885	0	0
100142	30	5210	1	511
100142	31	5166	0	0
100142	32	5190	1	513
100142	33	5192	0	0
100142	34	5173	0	0
100142	35	14516	0	0
100142	36	5180	0	0
100142	37	18375	1	515
100142	38	5084	0	0
100171	1	104879	0	0
100171	2	118600	0	0
100171	3	116370	0	0
100171	4	104870	0	0
100171	5	104887	1	5498
100171	6	104888	0	0
100171	7	104607	0	0
100171	8	17614	1	2603
100171	9	18379	0	0
100171	10	17616	1	2643
100171	11	14715	0	0
100171	12	14996	1	2605
100171	13	17618	0	0
100171	14	17620	1	2606
100171	15	17730	1	4007
100171	16	17621	1	2607
100171	17	18194	0	0
100171	18	118197	0	0
100171	19	105217	0	0
100171	20	105240	1	506
100171	21	105233	0	0
100171	22	105138	1	863
100171	23	105303	0	0
100171	24	105302	1	864
100171	25	116037	0	0
100171	26	105292	1	865
100171	27	114713	0	0
100171	28	118504	0	0
100171	29	118228	1	866
100171	30	104300	0	0
100171	31	106254	0	0
100171	32	116078	0	0
100171	33	106250	1	1253
100171	34	106256	0	0
100171	35	106206	1	3491
100171	36	106261	1	1256
100171	37	115711	1	2005
100171	38	118534	0	0
100171	39	106188	0	0
100171	40	106357	0	0
100171	41	106355	0	0
100338	1	18421	0	0
100338	2	15625	1	695
100338	3	5902	1	4125
100338	4	18538	0	0
100338	5	5934	0	0
100338	6	18352	0	0
100338	7	6016	0	0
100338	8	18361	1	4153
100338	9	5991	1	4155
100338	10	6008	0	0
100338	11	14707	0	0
100338	12	6010	0	0
100338	13	4297	0	0
100338	14	18357	1	4090
100338	15	4905	0	0
100338	16	16109	1	4088
100338	17	16653	0	0
100338	18	4895	0	0
100338	19	17736	1	4084
100338	20	4901	1	2321
100338	21	4868	1	4082
100338	22	4878	0	0
100464	1	6168	0	0
100464	2	6255	1	2761
100464	3	18512	0	0
100464	4	6248	0	0
100464	5	6252	0	0
100464	6	14711	0	0
100464	7	18508	0	0
100464	8	6194	0	0
100641	1	6168	0	0
100641	2	116582	1	4021
100641	3	106183	0	0
100641	4	106321	0	0
100641	5	6173	1	4989
100641	6	13457	0	0
100641	7	16104	0	0
100641	8	15812	0	0
100641	9	15802	1	5174
100651	1	106261	1	1256
100651	2	115711	1	2005
100651	3	118534	0	0
100651	4	106188	0	0
100651	5	106357	0	0
100651	6	106355	0	0
100651	7	106353	0	0
100651	8	106362	0	0
100651	9	106360	0	0
100651	10	113437	0	0
100651	11	116295	0	0
100653	1	106261	1	1256
100653	2	115711	1	2005
100653	3	118534	0	0
100653	4	106188	0	0
100653	5	106357	0	0
100653	6	106355	0	0
100653	7	118424	1	4144
100653	8	118410	1	2493
100653	9	106354	0	0
100656	1	106267	0	0
100656	2	6179	0	0
100656	3	116526	0	0
100656	4	116548	0	0
100656	5	118415	0	0
100656	6	118417	0	0
100661	1	6266	0	0
100661	2	6265	0	0
100661	3	106258	0	0
100661	4	6196	0	0
100661	5	118532	0	0
100661	6	118369	0	0
100661	7	106167	0	0
100661	8	106284	0	0
100661	9	116217	0	0
100661	10	115776	0	0
100661	11	118418	0	0
100661	12	118420	0	0
100661	13	106282	0	0
100663	1	18236	0	0
100663	2	6215	1	501
100663	3	18221	0	0
100663	4	4258	1	502
100663	5	5229	0	0
100663	6	18200	0	0
100663	7	18500	0	0
100663	8	18205	0	0
100663	9	5219	0	0
100663	10	18474	0	0
100663	11	18333	0	0
100663	12	5225	0	0
100663	13	18428	0	0
100663	14	5146	0	0
100663	15	4617	0	0
100663	16	18305	0	0
100663	17	16274	0	0
100663	18	18317	0	0
100663	19	4897	0	0
100663	20	18329	0	0
100663	21	14692	0	0
100670	1	16582	0	0
100670	2	4290	0	0
100670	3	15803	1	1710
100670	4	5286	0	0
100670	5	18556	1	5600
100670	6	5330	0	0
100670	7	17571	0	0
100670	8	5289	0	0
100670	9	5313	0	0
100670	10	5158	0	0
100670	11	5251	0	0
100670	12	1356	0	0
100670	13	5263	0	0
100670	14	5074	0	0
100672	1	16582	0	0
100672	2	106168	1	5624
100672	3	4252	0	0
100672	4	13427	0	0
100672	5	5328	0	0
100672	6	5330	0	0
100672	7	17571	0	0
100672	8	5289	0	0
100672	9	5313	0	0
100672	10	5158	0	0
100672	11	5251	0	0
100672	12	1356	0	0
100672	13	5263	0	0
100672	14	5074	0	0
100675	1	16582	0	0
100675	2	106168	1	5624
100675	3	4252	0	0
100675	4	13427	0	0
100675	5	5328	0	0
100675	6	5330	0	0
100675	7	17571	0	0
100675	8	5289	0	0
100675	9	5313	0	0
100675	10	5158	0	0
100675	11	5251	0	0
100675	12	1356	0	0
100675	13	5263	0	0
100675	14	5074	0	0
100935	1	6324	0	0
100935	2	6320	0	0
100935	3	6342	0	0
100935	4	6335	0	0
100935	5	6168	0	0
100935	6	6255	1	2761
100935	7	18512	0	0
100935	8	6248	0	0
100935	9	6253	0	0
100935	10	18229	1	916
100935	11	4303	0	0
100935	12	18215	1	918
100935	13	5310	1	919
100935	14	5290	1	920
100935	15	5301	1	922
100935	16	5138	0	0
100935	17	5233	0	0
100935	18	5240	0	0
100935	19	5217	0	0
100935	20	18197	0	0
100935	21	5218	0	0
100935	22	5219	0	0
100935	23	18474	0	0
100935	24	18333	0	0
100935	25	5225	1	2611
100935	26	18428	0	0
100935	27	5146	0	0
100935	28	5189	1	2612
100935	29	18470	0	0
100935	30	4608	1	2613
100935	31	114984	0	0
100935	32	104883	1	5630
100935	33	18381	0	0
100935	34	4787	0	0
100970	1	4885	0	0
100970	2	4887	0	0
100970	3	4870	0	0
100970	4	16370	0	0
100970	5	18600	0	0
100970	6	4879	0	0
100970	7	4876	0	0
100982	1	18420	0	0
100982	2	18418	0	0
100982	3	15776	0	0
100982	4	16217	0	0
100982	5	6284	0	0
100982	6	6167	0	0
100982	7	118370	0	0
100982	8	106245	0	0
100982	9	6236	0	0
100982	10	18528	0	0
100982	11	15777	1	495
100982	12	6244	0	0
100982	13	16214	0	0
100982	14	18516	1	4094
100982	15	6199	0	0
100982	16	15778	1	497
100982	17	6234	0	0
100982	18	18518	0	0
100982	19	6233	1	498
100982	20	6211	1	499
100982	21	18236	0	0
100982	22	6215	1	501
100982	23	18221	0	0
100982	24	4258	1	502
100982	25	5229	0	0
100982	26	18200	0	0
100982	27	18500	1	2738
100982	28	18205	0	0
100982	29	5219	0	0
100982	30	18474	0	0
100982	31	18333	0	0
100982	32	5225	1	2611
100982	33	18428	0	0
100982	34	5146	0	0
100982	35	5189	1	2612
100982	36	18470	0	0
100982	37	4608	1	2613
100982	38	114984	0	0
100982	39	14514	0	0
100983	1	18420	0	0
100983	2	18418	0	0
100983	3	15776	0	0
100983	4	16217	0	0
100983	5	6284	0	0
100983	6	6167	0	0
100983	7	118370	0	0
100983	8	106245	0	0
100983	9	6236	0	0
100983	10	18528	0	0
100983	11	15777	1	495
100983	12	6244	0	0
100983	13	16214	0	0
100983	14	18516	1	4094
100983	15	6199	0	0
100983	16	15778	1	497
100983	17	6234	0	0
100983	18	18518	0	0
100983	19	6233	1	498
100983	20	6211	1	499
100983	21	18236	0	0
100983	22	6215	1	501
100983	23	18221	0	0
100983	24	4258	1	502
100983	25	5229	0	0
100983	26	18200	0	0
100983	27	18500	1	2738
100983	28	18205	0	0
100983	29	5219	0	0
100983	30	18474	0	0
100983	31	18333	0	0
100983	32	5225	1	2611
100983	33	18428	0	0
100983	34	5146	0	0
100983	35	5189	1	2612
100983	36	18470	0	0
100983	37	4608	1	2613
100983	38	114984	0	0
100983	39	14514	0	0
100985	1	6313	0	0
100985	2	6324	0	0
100985	3	6320	0	0
100985	4	6342	0	0
100985	5	6335	0	0
100985	6	6168	0	0
100985	7	6255	1	2761
100985	8	18512	0	0
100985	9	6248	0	0
100985	10	6253	0	0
100985	11	18229	1	916
100985	12	4303	0	0
100985	13	18215	1	918
100985	14	5145	0	0
100985	15	18492	1	3853
100985	16	5244	0	0
100985	17	5246	0	0
100985	18	18490	0	0
100985	19	4299	0	0
100985	20	4258	1	502
100985	21	5229	0	0
100985	22	18200	0	0
100985	23	18500	1	2738
100985	24	18205	0	0
100985	25	5219	0	0
100985	26	18474	0	0
100985	27	18333	0	0
100985	28	5225	1	2611
100985	29	18428	0	0
100985	30	5146	0	0
100985	31	5189	1	2612
100985	32	18470	0	0
100985	33	4608	1	2613
100985	34	114984	0	0
100985	35	104883	1	5630
100985	36	18381	0	0
100985	37	4787	0	0
100987	1	18420	0	0
100987	2	18418	0	0
100987	3	15776	0	0
100987	4	16217	0	0
100987	5	6284	0	0
100987	6	6167	0	0
100987	7	118370	0	0
100987	8	106245	0	0
100987	9	6236	0	0
100987	10	18528	0	0
100987	11	15777	1	495
100987	12	6244	0	0
100987	13	16214	0	0
100987	14	18516	1	4094
100987	15	6199	0	0
100987	16	15778	1	497
100987	17	6234	0	0
100987	18	18518	0	0
100987	19	6233	1	498
100987	20	6211	1	499
100987	21	18236	0	0
100987	22	6215	1	501
100987	23	18221	0	0
100987	24	4258	1	502
100987	25	5229	0	0
100987	26	18200	0	0
100987	27	18500	1	2738
100987	28	18205	0	0
100987	29	5219	0	0
100987	30	18474	0	0
100987	31	18333	0	0
100987	32	5225	1	2611
100987	33	18428	0	0
100987	34	5146	0	0
100987	35	5189	1	2612
100987	36	18470	0	0
100987	37	4608	1	2613
100987	38	114984	0	0
100987	39	104883	1	5630
100987	40	18381	0	0
100987	41	4787	0	0
100990	1	18420	0	0
100990	2	18418	0	0
100990	3	15776	0	0
100990	4	16217	0	0
100990	5	6284	0	0
100990	6	6167	0	0
100990	7	118370	0	0
100990	8	106245	0	0
100990	9	6236	0	0
100990	10	18528	0	0
100990	11	15777	1	495
100990	12	6244	0	0
100990	13	16214	0	0
100990	14	18516	0	0
100990	15	6199	0	0
100990	16	15778	1	497
100990	17	6234	0	0
100990	18	18518	0	0
100990	19	6233	0	0
100990	20	6211	0	0
100990	21	18236	0	0
100990	22	6215	1	501
100990	23	18221	0	0
100990	24	4258	0	0
100990	25	5229	1	503
100990	26	18200	0	0
100990	27	18500	0	0
100990	28	18205	0	0
100990	29	105218	1	504
100990	30	118197	0	0
100990	31	105217	0	0
100990	32	105240	0	0
100990	33	5239	1	507
100990	34	5236	0	0
100990	35	18458	0	0
100990	36	5140	0	0
100990	37	15885	0	0
100990	38	5210	1	511
101001	1	18420	0	0
101001	2	18418	0	0
101001	3	15776	1	5357
101001	4	16217	1	492
101001	5	6284	1	2003
101001	6	6167	0	0
101001	7	118370	0	0
101001	8	106245	0	0
101001	9	6236	0	0
101001	10	18528	0	0
101001	11	15777	1	495
101001	12	6244	0	0
101001	13	16214	0	0
101001	14	18516	1	4094
101001	15	6199	0	0
101001	16	15778	1	497
101001	17	6234	0	0
101001	18	18518	0	0
101001	19	6233	1	498
101001	20	6211	1	499
101001	21	18236	1	500
101001	22	6215	1	501
101001	23	18221	0	0
101001	24	4258	1	502
101001	25	5229	1	503
101001	26	18200	0	0
101001	27	18500	0	0
101001	28	18205	0	0
101001	29	105218	1	504
101001	30	118197	0	0
101001	31	105217	0	0
101001	32	105240	1	506
101001	33	5239	1	507
101001	34	5236	0	0
101001	35	18458	1	508
101001	36	5140	0	0
101001	37	15885	0	0
101001	38	5210	1	511
101001	39	5166	1	512
101001	40	5190	1	513
101001	41	5192	0	0
101001	42	5173	1	514
101001	43	14516	0	0
101001	44	5180	1	1714
101001	45	18375	1	515
101001	46	5084	0	0
200005	1	18415	0	0
200005	2	16548	0	0
200005	3	16526	0	0
200005	4	106179	1	987
200005	5	6262	0	0
200005	6	16540	0	0
200005	7	16547	1	5543
200005	8	6266	0	0
200005	9	6265	0	0
200005	10	6205	0	0
200005	11	15710	0	0
200005	12	16247	0	0
200005	13	6244	1	991
200005	14	16214	0	0
200005	15	18516	1	4094
200005	16	6199	0	0
200005	17	15778	1	497
200005	18	6234	0	0
200005	19	18518	0	0
200005	20	6233	1	498
200005	21	6211	1	499
200005	22	18236	1	500
200005	23	6215	1	501
200005	24	18221	0	0
200005	25	4258	1	502
200005	26	5229	1	503
200005	27	18200	0	0
200005	28	18500	0	0
200005	29	18205	0	0
200005	30	105218	1	504
200005	31	118197	0	0
200005	32	105217	0	0
200005	33	105240	1	506
200017	1	5073	1	4175
200017	2	5200	0	0
200017	3	5197	1	1038
200017	4	14459	0	0
200017	5	5170	0	0
200017	6	118373	0	0
200017	7	114512	1	784
200017	8	114454	0	0
200017	9	105167	0	0
200018	1	6168	0	0
200018	2	6255	1	2761
200018	3	18512	1	4586
200018	4	106254	0	0
200018	5	116078	1	4134
200018	6	106250	0	0
200018	7	6246	1	4136
200018	8	6203	0	0
200018	9	15841	0	0
200018	10	15859	1	5179
200018	11	6233	1	498
200018	12	6211	1	499
200018	13	18236	1	500
200018	14	6215	1	501
200018	15	18221	0	0
200018	16	4258	1	502
200018	17	5229	1	503
200018	18	18200	0	0
200018	19	18500	1	2738
200018	20	5230	0	0
200018	21	18273	0	0
200018	22	18476	0	0
200018	23	4590	0	0
200018	24	4914	1	5787
200018	25	4896	0	0
200018	26	15988	0	0
200018	27	18340	1	5756
200019	1	18420	0	0
200019	2	18418	0	0
200019	3	15776	1	5357
200019	4	16217	1	492
200019	5	6284	1	2003
200019	6	6167	0	0
200019	7	118370	0	0
200019	8	106245	0	0
200019	9	6236	0	0
200019	10	18528	0	0
200019	11	15777	1	495
200019	12	6244	0	0
200019	13	16214	0	0
200019	14	18516	1	4094
200019	15	6199	0	0
200019	16	15778	1	497
200019	17	6234	0	0
200019	18	18518	0	0
200019	19	6233	1	498
200019	20	6211	1	499
200019	21	18236	1	500
200019	22	6215	1	501
200019	23	18221	0	0
200019	24	4258	1	502
200019	25	5229	1	503
200019	26	18200	0	0
200019	27	18500	0	0
200019	28	18205	0	0
200019	29	105218	1	504
200019	30	118197	0	0
200019	31	105217	0	0
200019	32	105240	1	506
200019	33	5239	1	507
200019	34	18193	0	0
200019	35	16877	0	0
200020	1	6353	0	0
200020	2	6312	0	0
200020	3	16005	1	1646
200020	4	16013	1	1708
200020	5	16006	0	0
200020	6	6345	0	0
200020	7	6321	0	0
200020	8	6183	0	0
200020	9	16582	0	0
200020	10	4290	0	0
200020	11	15803	1	1710
200020	12	5286	0	0
200020	13	18554	1	1649
200020	14	5285	1	1650
200020	15	5298	1	1651
200020	16	5305	0	0
200020	17	5299	0	0
200020	18	5303	0	0
200020	19	5138	1	5804
200020	20	5233	0	0
200020	21	5239	1	507
200020	22	5236	0	0
200020	23	18458	1	508
200020	24	5140	0	0
200020	25	15885	0	0
200020	26	5210	1	511
200020	27	5166	1	512
200020	28	5190	1	513
200020	29	5192	0	0
200020	30	5173	1	514
200020	31	14516	0	0
200020	32	5180	1	1714
200020	33	18375	1	515
200020	34	5084	0	0
200021	1	5073	1	4175
200021	2	5200	0	0
200021	3	5197	1	1038
200021	4	14460	0	0
200021	5	15888	1	252
200021	6	14513	0	0
200021	7	18494	0	0
200021	8	14462	0	0
200021	9	16996	0	0
200021	10	16146	1	1963
200021	11	5202	1	1964
200021	12	5212	0	0
200021	13	18444	0	0
200021	14	5165	1	5619
200021	15	18446	0	0
200021	16	5187	1	2649
200021	17	14995	1	1966
200021	18	4617	1	1967
200021	19	18305	0	0
200021	20	16274	1	1968
200021	21	18317	0	0
200021	22	4897	1	5499
200021	23	18329	1	1970
200021	24	14692	0	0
200022	27	104903	0	0
200022	28	104871	1	2107
200022	29	104894	1	2109
200022	30	118319	1	2110
200022	31	104891	1	2111
200022	32	104611	1	2112
200022	33	105188	1	2113
200022	34	118448	0	0
200022	35	105185	1	2114
200022	36	105181	1	2799
200022	37	105171	1	2116
200022	38	118438	0	0
200022	39	105204	0	0
200022	40	5174	1	2117
200022	41	14455	0	0
200022	42	5198	1	3911
200022	43	18371	0	0
200022	44	114459	0	0
200022	45	105197	1	5633
200022	46	105200	1	995
200022	47	105073	0	0
200022	48	105125	0	0
200030	1	18192	0	0
200030	2	5236	0	0
200030	3	18458	1	508
200030	4	5140	0	0
200030	5	15885	0	0
200030	6	5210	1	511
200030	7	5166	1	512
200030	8	5190	1	513
200030	9	5192	0	0
200030	10	5173	1	514
200030	11	14516	0	0
200030	12	5180	1	1714
200030	13	18375	1	515
200030	14	5084	0	0
200101	1	18420	0	0
200101	2	18418	0	0
200101	3	15776	0	0
200101	4	16217	0	0
200101	5	6284	0	0
200101	6	6167	0	0
200101	7	118370	0	0
200101	8	106245	0	0
200101	9	6236	0	0
200101	10	18528	0	0
200101	11	15777	0	0
200101	12	6244	0	0
200101	13	16214	0	0
200101	14	18516	0	0
200101	15	6199	0	0
200101	16	15778	1	497
200101	17	6234	0	0
200101	18	18518	0	0
200101	19	6233	1	498
200101	20	6211	1	499
200101	21	18236	0	0
200101	22	6215	0	0
200101	23	18221	0	0
200101	24	4258	1	502
200101	25	5229	0	0
200101	26	18200	0	0
200101	27	18500	0	0
200101	28	18205	0	0
200101	29	105218	1	504
200101	30	118197	0	0
200101	31	105217	0	0
200101	32	105240	1	506
200101	33	5239	1	507
200101	34	5236	0	0
200101	35	18458	1	508
200101	36	5140	0	0
200101	37	15885	0	0
200101	38	5210	1	511
200101	39	5166	1	512
200101	40	5190	1	513
200101	41	5192	0	0
200101	42	5173	1	514
200101	43	14516	0	0
200101	44	5180	1	1714
200101	45	18375	1	515
200101	46	5084	0	0
200171	1	104879	0	0
200171	2	118600	0	0
200171	3	116370	0	0
200171	4	104870	0	0
200171	5	104887	1	5498
200171	6	104888	0	0
200171	7	104607	0	0
200171	8	17614	1	2603
200171	9	18379	0	0
200171	10	17616	1	2643
200171	11	14715	0	0
200171	12	14996	1	2605
200171	13	17618	0	0
200171	14	17620	1	2606
200171	15	17730	1	4007
200171	16	17621	1	2607
200171	17	18194	0	0
200171	18	118197	0	0
200171	19	105217	0	0
200171	20	105240	1	506
200171	21	105233	0	0
200171	22	105138	1	863
200171	23	105303	0	0
200171	24	105302	1	864
200171	25	116037	0	0
200171	26	105292	1	865
200171	27	114713	0	0
200171	28	118504	0	0
200171	29	118228	1	866
200171	30	104300	0	0
200171	31	106254	0	0
200171	32	116078	0	0
200171	33	106250	1	1253
200171	34	106256	0	0
200171	35	106206	1	3491
200171	36	106261	1	1256
200171	37	115711	1	2005
200171	38	118534	0	0
200171	39	106188	0	0
200171	40	106357	0	0
200171	41	106355	0	0
200652	1	18420	0	0
200652	2	18418	0	0
200652	3	15776	0	0
200652	4	16217	0	0
200652	5	6284	0	0
200652	6	6167	0	0
200652	7	118370	0	0
200652	8	106245	0	0
200652	9	6236	0	0
200652	10	18528	0	0
200652	11	15777	0	0
200652	12	116247	1	5063
200652	13	115710	0	0
200652	14	106205	0	0
200652	15	106265	0	0
200652	16	106266	0	0
200671	1	16582	0	0
200671	2	106168	1	5624
200671	3	4252	0	0
200671	4	13427	0	0
200671	5	5328	0	0
200671	6	5330	0	0
200671	7	17571	0	0
200671	8	5289	0	0
200671	9	5313	0	0
200671	10	5158	0	0
200671	11	5251	0	0
200671	12	1356	0	0
200671	13	5263	0	0
200671	14	5074	0	0
202001	1	18420	0	0
202001	2	18418	0	0
202001	3	15776	1	5357
202001	4	16217	1	492
202001	5	6284	1	2003
202001	6	6167	0	0
202001	7	118370	0	0
202001	8	106245	0	0
202001	9	6236	0	0
202001	10	18528	0	0
202001	11	15777	1	495
202001	12	6244	0	0
202001	13	16214	0	0
202001	14	18516	1	4094
202001	15	6199	0	0
202001	16	15778	1	497
202001	17	6234	0	0
202001	18	18518	0	0
202001	19	6233	1	498
202001	20	6211	1	499
202001	21	18236	1	500
202001	22	6215	1	501
202001	23	18221	0	0
202001	24	4258	1	502
202001	25	5229	1	503
202001	26	18200	0	0
202001	27	18500	0	0
202001	28	18205	0	0
202001	29	105218	1	504
202001	30	118197	0	0
202001	31	105217	0	0
202001	32	105240	1	506
202001	33	5239	1	507
202001	34	5236	0	0
202001	35	18458	1	508
202001	36	5140	0	0
202001	37	15885	0	0
202001	38	5210	1	511
202001	39	5166	1	512
202001	40	5190	1	513
202001	41	5192	0	0
202001	42	5173	1	514
202001	43	14516	0	0
202001	44	5180	1	1714
202001	45	18375	1	515
202001	46	5084	0	0
300002	1	5318	0	0
300002	2	5287	1	645
300002	3	16602	0	0
300002	4	5307	0	0
300002	5	18165	0	0
300002	6	18170	0	0
300002	7	18178	1	5780
300002	8	18191	0	0
300002	9	18460	0	0
300002	10	18192	1	5556
300002	11	18193	0	0
300002	12	16877	0	0
300007	1	16008	1	1176
300007	2	6260	1	1177
300007	3	6261	1	2494
300007	4	6206	1	1179
300007	5	6256	1	1180
300007	6	6250	0	0
300007	7	16078	1	1181
300007	8	6249	0	0
300007	9	6253	0	0
300007	10	18229	1	916
300007	11	4303	0	0
300007	12	18215	1	918
300007	13	5310	1	919
300007	14	5290	1	920
300007	15	5301	1	922
300007	16	5138	0	0
300007	17	5233	0	0
300007	18	5239	1	507
300007	19	5236	0	0
300007	20	18458	1	508
300007	21	5140	0	0
300007	22	15885	0	0
300007	23	5210	1	511
300007	24	5166	1	512
300007	25	5190	1	513
300007	26	5192	0	0
300007	27	5173	1	514
300007	28	14516	0	0
300007	29	5180	1	1714
300007	30	18375	1	515
300007	31	5084	0	0
300021	25	6282	1	4800
300021	26	18420	0	0
300021	27	18418	0	0
300021	28	15776	1	5357
300021	29	16217	1	492
300021	30	6284	1	2003
300021	31	6167	0	0
300021	32	118370	0	0
300021	33	106245	0	0
300021	34	6236	0	0
300021	35	18528	0	0
300021	36	15777	0	0
300021	37	116247	0	0
300021	38	115710	0	0
300021	39	106205	0	0
300021	40	106265	0	0
300021	41	106266	0	0
300021	42	106264	1	2004
300021	43	115711	1	2005
300021	44	118534	0	0
300021	45	106188	0	0
300021	46	106357	0	0
300021	47	106355	1	2006
300021	48	106353	0	0
300021	49	106362	0	0
300021	50	106360	0	0
300021	51	113437	0	0
300021	52	116295	1	2007
300030	1	18192	0	0
300030	2	5236	0	0
300030	3	18458	1	508
300030	4	5140	0	0
300030	5	15885	0	0
300030	6	5210	1	511
300030	7	5166	1	512
300030	8	5190	1	513
300030	9	5192	0	0
300030	10	5173	1	514
300030	11	14516	0	0
300030	12	5180	1	1714
300030	13	18375	1	515
300030	14	5084	0	0
300037	1	6361	1	4598
300037	2	6353	0	0
300037	3	6355	0	0
300037	4	13458	0	0
300037	5	15712	1	4143
300037	6	106173	0	0
300037	7	6321	0	0
300037	8	6183	0	0
300037	9	16582	0	0
300037	10	4290	0	0
300037	11	15803	1	1710
300037	12	5286	0	0
300037	13	18554	1	1649
300037	14	5285	1	1650
300037	15	5298	1	1651
300037	16	5307	0	0
300037	17	18165	0	0
300037	18	18170	0	0
300037	19	18178	1	5780
300037	20	18191	0	0
300037	21	18460	0	0
300037	22	18192	1	5556
300037	23	18193	0	0
300037	24	16877	0	0
300103	1	104868	0	0
300103	2	104903	0	0
300103	3	104871	1	2107
300103	4	104894	0	0
300103	5	118319	0	0
300103	6	104891	0	0
300103	7	104611	0	0
300103	8	105188	0	0
300103	9	14996	1	2605
300103	10	17618	0	0
300103	11	17620	1	2606
300103	12	17730	1	4007
300103	13	17621	1	2607
300103	14	18194	0	0
300103	15	115584	0	0
300103	16	115585	1	590
300103	17	115586	0	0
300103	18	18209	0	0
300103	19	18210	0	0
300103	20	105244	0	0
300103	21	118216	0	0
300103	22	118506	0	0
300103	23	104229	1	2519
300103	24	118231	0	0
300103	25	106194	1	2520
300103	26	118508	0	0
300103	27	114711	0	0
300103	28	106252	0	0
300103	29	106248	0	0
300103	30	106254	0	0
300103	31	116078	0	0
300103	32	106250	1	1253
300103	33	106256	0	0
300103	34	106206	1	3491
300103	35	106261	0	0
300103	36	6264	1	2079
300103	37	6266	0	0
300103	38	6265	0	0
300338	1	104868	1	4083
300338	2	104901	0	0
300338	3	117736	1	5424
300338	4	104895	0	0
300338	5	116653	1	4087
300338	6	116109	0	0
300338	7	104905	1	4089
300338	8	118357	0	0
300338	9	104297	0	0
300338	10	106010	0	0
300338	11	114707	0	0
300338	12	106008	1	4156
300338	13	105991	1	4154
300338	14	118361	0	0
300338	15	106016	0	0
300338	16	118352	0	0
300338	17	105934	1	4829
300338	18	118538	0	0
300338	19	105902	0	0
300338	20	115625	1	806
300338	21	118421	0	0
300338	22	106275	1	807
300661	1	18420	0	0
300661	2	18418	0	0
300661	3	15776	0	0
300661	4	16217	0	0
300661	5	6284	0	0
300661	6	6167	0	0
300661	7	118370	0	0
300661	8	106245	0	0
300661	9	6236	0	0
300661	10	18528	0	0
300661	11	15777	0	0
400007	1	16008	1	1176
400007	2	6260	1	1177
400007	3	6261	1	2494
400007	4	6206	1	1179
400007	5	6256	1	1180
400007	6	6250	0	0
400007	7	16078	1	1181
400007	8	6249	0	0
400007	9	6253	0	0
400007	10	18229	1	916
400007	11	4303	0	0
400007	12	18215	1	918
400007	13	5310	1	919
400007	14	5290	1	920
400007	15	5301	1	922
400101	1	18420	0	0
400101	2	18418	0	0
400101	3	15776	0	0
400101	4	16217	0	0
400101	5	6284	0	0
400101	6	6167	0	0
400101	7	118370	0	0
400101	8	106245	0	0
400101	9	6236	0	0
400101	10	18528	0	0
400101	11	15777	0	0
400101	12	6244	0	0
400101	13	16214	0	0
400101	14	18516	0	0
400101	15	6199	0	0
400101	16	15778	1	497
400101	17	6234	0	0
400101	18	18518	0	0
400101	19	6233	1	498
400101	20	6211	1	499
400101	21	18236	0	0
400101	22	6215	0	0
400101	23	18221	0	0
400101	24	4258	1	502
400101	25	5229	0	0
400101	26	18200	0	0
400101	27	18500	0	0
400101	28	18205	0	0
400101	29	105218	1	504
400101	30	118197	0	0
400101	31	105217	0	0
400101	32	105240	1	506
400101	33	5239	1	507
400101	34	5236	0	0
400101	35	18458	1	508
400101	36	5140	0	0
400101	37	15885	0	0
400101	38	5210	1	511
400101	39	5166	1	512
400101	40	5190	1	513
400101	41	5192	0	0
400101	42	5173	1	514
400101	43	14516	0	0
400101	44	5180	1	1714
400101	45	18375	1	515
400101	46	5084	0	0
500101	1	18420	0	0
500101	2	18418	0	0
500101	3	15776	0	0
500101	4	16217	0	0
500101	5	6284	0	0
500101	6	6167	0	0
500101	7	118370	0	0
500101	8	106245	0	0
500101	9	6236	0	0
500101	10	18528	0	0
500101	11	15777	0	0
500101	12	6244	0	0
500101	13	16214	0	0
500101	14	18516	0	0
500101	15	6199	0	0
500101	16	15778	1	497
500101	17	6234	0	0
500101	18	18518	0	0
500101	19	6233	1	498
500101	20	6211	1	499
500101	21	18236	0	0
500101	22	6215	0	0
500101	23	18221	0	0
500101	24	4258	1	502
500101	25	5229	0	0
500101	26	18200	0	0
500101	27	18500	0	0
500101	28	18205	0	0
500101	29	105218	1	504
500101	30	118197	0	0
500101	31	105217	0	0
500101	32	105240	1	506
500101	33	5239	1	507
500101	34	5236	0	0
500101	35	18458	1	508
500101	36	5140	0	0
500101	37	15885	0	0
500101	38	5210	1	511
500101	39	5166	1	512
500101	40	5190	1	513
500101	41	5192	0	0
500101	42	5173	1	514
500101	43	14516	0	0
500101	44	5180	1	1714
500101	45	18375	1	515
500101	46	5084	0	0
600101	1	18420	0	0
600101	2	18418	0	0
600101	3	15776	0	0
600101	4	16217	0	0
600101	5	6284	0	0
600101	6	6167	0	0
600101	7	118370	0	0
600101	8	106245	0	0
600101	9	6236	0	0
600101	10	18528	0	0
600101	11	15777	0	0
600101	12	6244	0	0
600101	13	16214	0	0
600101	14	18516	0	0
600101	15	6199	0	0
600101	16	15778	1	497
600101	17	6234	0	0
600101	18	18518	0	0
600101	19	6233	1	498
600101	20	6211	1	499
600101	21	18236	0	0
600101	22	6215	0	0
600101	23	18221	0	0
600101	24	4258	1	502
600101	25	5229	0	0
600101	26	18200	0	0
600101	27	18500	0	0
600101	28	18205	0	0
600101	29	105218	1	504
600101	30	118197	0	0
600101	31	105217	0	0
600101	32	105240	1	506
700007	1	118375	1	578
700007	2	105180	0	0
700007	3	114516	1	579
700007	4	105173	0	0
700007	5	105192	1	580
700007	6	105190	1	581
700007	7	105166	0	0
700007	8	105210	0	0
700007	9	115885	1	584
700007	10	105140	1	585
700007	11	118458	0	0
700007	12	105236	1	5044
700007	13	105239	0	0
700007	14	105233	1	2743
700007	15	105138	1	863
700007	16	105303	0	0
700007	17	105302	1	864
700007	18	116037	0	0
700007	19	105292	1	865
700007	20	114713	0	0
700007	21	118504	0	0
700007	22	118228	1	866
700007	23	104300	0	0
700007	24	106254	0	0
700007	25	116078	1	4134
700007	26	106250	1	1253
700007	27	106256	0	0
700007	28	106206	1	3491
700007	29	106261	1	1256
700007	30	106260	0	0
700007	31	116008	0	0
700007	32	116141	1	1257
700007	33	106263	1	1258
800007	1	118375	1	578
800007	2	105180	0	0
800007	3	114516	1	579
800007	4	105173	0	0
800007	5	105192	1	580
800007	6	105190	1	581
800007	7	105166	0	0
800007	8	105210	0	0
800007	9	115885	1	584
800007	10	105140	1	585
800007	11	118458	0	0
800007	12	105236	1	5044
800007	13	105239	0	0
800007	14	105233	1	2743
800007	15	105138	1	863
800007	16	105303	0	0
800007	17	105302	1	864
800007	18	116037	0	0
800007	19	105292	1	865
800007	20	114713	0	0
800007	21	118504	0	0
800007	22	118228	1	866
800007	23	104300	0	0
800007	24	106254	0	0
800007	25	116078	1	4134
800007	26	106250	1	1253
800007	27	106256	0	0
800007	28	106206	1	3491
800007	29	106261	1	1256
800007	30	106260	0	0
800007	31	116008	0	0
800007	32	116141	1	1257
800007	33	106263	1	1258
800101	1	118375	1	578
800101	2	105180	0	0
800101	3	114516	1	579
800101	4	105173	0	0
800101	5	105192	1	580
800101	6	105190	1	581
800101	7	105166	0	0
800101	8	105210	0	0
800101	9	115885	1	584
800101	10	105140	1	585
800101	11	118458	0	0
800101	12	105236	1	5044
800101	13	105239	0	0
800101	14	5240	0	0
800101	15	5217	0	0
800101	16	18197	0	0
800101	17	115584	0	0
800101	18	115585	0	0
800101	19	115586	0	0
800101	20	105215	1	593
800101	21	115886	0	0
800101	22	118219	0	0
800101	23	104284	1	4657
800101	24	118234	0	0
800101	25	106230	0	0
800101	26	6214	0	0
800101	27	106233	1	596
800101	28	118518	0	0
800101	29	106234	0	0
800101	30	115778	1	1042
800101	31	106199	0	0
800101	32	118516	0	0
800101	33	116214	0	0
800101	34	106244	0	0
800101	35	115777	0	0
800101	36	118528	0	0
800101	37	106236	0	0
800101	38	118532	0	0
800101	39	118369	0	0
800101	40	106167	0	0
800101	41	106284	0	0
800101	42	116217	0	0
800101	43	115776	0	0
800101	44	118418	0	0
800101	45	118420	0	0
800101	46	106282	0	0
1000007	1	118375	1	578
1000007	2	105180	0	0
1000007	3	114516	1	579
1000007	4	105173	0	0
1000007	5	105192	1	580
1000007	6	105190	1	581
1000007	7	105166	0	0
1000007	8	105210	0	0
1000007	9	115885	1	584
1000007	10	105140	1	585
1000007	11	118458	0	0
1000007	12	105236	1	5044
1000007	13	105239	0	0
1000007	14	105233	1	2743
1000007	15	105138	1	863
1000007	16	105303	0	0
1000007	17	105302	1	864
1000007	18	116037	0	0
1000007	19	105292	1	865
1000007	20	114713	0	0
1000007	21	118504	0	0
1000007	22	118228	1	866
10000015	1	5239	0	0
10000015	2	5236	0	0
10000015	3	18458	0	0
10000015	4	5140	0	0
10000015	5	15885	0	0
10000015	6	5210	0	0
10000015	7	5166	0	0
10000015	8	5190	0	0
10000015	9	5192	0	0
10000015	10	5173	0	0
10000015	11	14516	0	0
10000015	12	5180	0	0
10000015	13	18375	0	0
10000015	14	5177	0	0
10000016	1	118375	0	0
10000016	2	105180	0	0
10000016	3	114516	0	0
10000016	4	105173	0	0
10000016	5	105192	0	0
10000016	6	105190	0	0
10000016	7	105166	0	0
10000016	8	105210	0	0
10000016	9	115885	0	0
10000016	10	105140	0	0
10000016	11	118458	0	0
10000016	12	105236	0	0
10000016	13	105239	0	0
10000016	14	5240	0	0
