id	starttime	endtime
0	0	7200
1	23	3624
2	6023	6024
3	701	3342
4	4659	4660
5	5979	5980
6	813	4954
7	6213	6214
8	1129	6530
9	156	6157
10	527	7128
11	623	2064
12	3143	4224
13	5063	6744
14	746	4947
15	7106	7107
16	668	3189
17	6968	6969
18	1172	6573
19	4843	4844
20	2896	7097
21	2859	6100
22	165	1246
23	2925	2926
24	4245	4246
25	5325	6406
26	1080	1081
27	835	6236
28	322	6083
29	3780	3781
30	1620	7021
31	1488	5089
32	7045	7046
33	4808	5545
34	6444	6445
35	1380	2581
36	728	2229
37	2238	6859
38	1500	2221
39	2580	2581
40	2820	2821
41	3120	4021
42	4380	4381
43	4620	5101
44	5460	5461
45	5700	5701
46	6000	6301
47	248	249
48	1037	6918
49	907	2468
50	3187	3188
51	3967	4748
52	5467	5468
53	6247	7028
54	984	2409
55	3608	3609
56	1034	6615
57	1666	2867
58	3226	3227
59	3526	4427
60	4786	4787
61	5086	5987
62	6346	6347
63	6646	6947
64	2100	4501
65	180	6121
66	6438	6439
67	1839	6940
68	1952	6273
69	2160	2401
70	2820	2821
71	3060	4501
72	4680	4681
73	4920	6361
74	6540	6541
75	6780	7021
76	780	1981
77	2580	4381
78	4800	6901
79	1440	1681
80	1980	2881
81	3240	3241
82	3480	3961
83	4320	4321
84	4560	4561
85	4860	5761
86	6120	6121
87	6360	6841
88	7140	7141
89	1200	1801
90	2220	2221
91	2400	2401
92	2820	2821
93	3000	3001
94	3420	3421
95	3600	3601
96	3960	3961
97	4020	4021
98	4380	4381
99	4620	4621
100	4800	5161
101	5400	5401
102	5580	5581
103	5820	5821
104	6000	6361
105	6600	6601
106	6780	6781
107	7020	7021
108	7200	7201
109	1680	2401
110	3060	4381
111	5100	5101
112	5760	7081
113	884	7185
114	2322	6643
115	1169	7170
116	1195	2276
117	2695	3536
118	3895	4616
119	5035	5876
120	6235	6956
121	2174	3375
122	3734	3735
123	4034	4935
124	5294	5295
125	5594	6495
126	6854	6855
127	7154	7155
128	333	1534
129	2133	3934
130	4353	4354
131	4533	4534
132	5133	5134
133	5553	6814
134	0	1201
135	6600	6601
136	6900	6901
137	641	1362
138	2021	3342
139	4061	4062
140	4721	6042
141	6761	6762
142	1808	2109
143	2528	2529
144	2768	4209
145	4388	4389
146	4628	6069
147	6248	6249
148	6488	6969
149	1590	6631
150	1471	3032
151	3751	3752
152	4531	5312
153	6031	6032
154	6811	6812
155	2195	3396
156	4295	5196
157	1831	5552
158	1820	2901
159	3320	4161
160	4520	5241
161	5660	6501
162	6860	6861
163	4338	5539
164	1918	5879
165	3780	3781
166	1042	6803
167	679	1940
168	3139	3140
169	967	6068
170	6967	6968
171	5613	6574
172	3254	3255
173	411	4732
174	5991	5992
175	130	6431
176	1614	7015
177	554	5355
178	244	1685
179	2764	3845
180	4684	6365
181	7176	7177
182	1059	5020
183	6819	6820
184	1448	3549
185	5708	5709
186	699	2500
187	3399	5200
188	804	6805
189	3326	3327
190	1616	7017
191	1500	1501
192	196	4997
193	4448	5709
194	616	2057
195	3376	6017
196	2160	6361
197	2242	6443
198	1131	5452
199	6711	6712
200	423	1324
201	2729	2730
202	3629	3630
203	5429	5430
204	600	2701
205	2311	6092
206	98	6699
207	1300	5801
208	1599	6100
209	6999	7000
210	663	6184
211	926	4527
212	6291	6292
213	209	6810
214	123	4590
215	1363	6644
216	1970	5571
217	240	2041
218	2340	2341
219	3240	5041
220	6240	6241
221	2084	6285
