7235	6	1.0	902424	2421	2122	2215	1510	1019010
7973	4	1.0	902424	2413	1312	1219012
7801	3	1.0	902424	2413	1319013
7651	5	1.0	902424	2421	2122	2215	1519015
7623	3	1.0	902424	2421	2119021
7711	4	1.0	902424	2421	2122	2219022
7541	3	1.0	902424	2423	2319023
7733	7	1.0	902424	2421	2120	2018	187	78	819008
7847	3	1.0	90011	12	219002
7611	3	1.0	90011	13	319003
7859	4	1.0	90011	13	34	419004
7901	4	1.0	90011	12	26	619006
7765	6	1.0	90011	12	26	68	87	719007
7473	5	1.0	90011	12	26	68	819008
7721	6	1.0	90011	13	34	45	59	919009
7701	7	1.0	90011	13	34	45	59	910	1019010
7361	5	1.0	90011	13	34	411	1119011
7953	4	1.0	90011	13	312	1219012
7451	5	1.0	90011	13	312	1213	1319013
7935	6	1.0	90011	13	34	411	1114	1419014
8035	7	1.0	90011	13	34	411	1114	1415	1519015
7921	6	1.0	90011	12	26	68	816	1619016
7999	7	1.0	90011	12	26	68	816	1617	1719017
7571	7	1.0	90011	12	26	68	87	718	1819018
7457	8	1.0	90011	12	26	68	816	1617	1719	1919019
7319	8	1.0	90011	12	26	68	87	718	1820	2019020
7379	7	1.0	90011	13	312	1213	1324	2421	2119021
7557	8	1.0	90011	13	312	1213	1324	2421	2122	2219022
7923	7	1.0	90011	13	312	1213	1324	2423	2319023
7709	6	1.0	90011	13	312	1213	1324	2419024
7693	3	1.0	90022	21	119001
7813	5	1.0	90022	26	65	54	419004
8083	3	1.0	90022	26	619006
8017	5	1.0	90022	26	68	87	719007
7945	4	1.0	90022	26	68	819008
7723	5	1.0	90022	26	65	59	919009
7599	6	1.0	90022	26	68	816	1610	1019010
7825	6	1.0	90022	26	65	54	411	1119011
8011	5	1.0	90022	21	13	312	1219012
7249	6	1.0	90022	21	13	312	1213	1319013
7705	7	1.0	90022	26	65	54	411	1114	1419014
8001	8	1.0	90022	26	68	816	1617	1719	1915	1519015
7575	5	1.0	90022	26	68	816	1619016
7663	6	1.0	90022	26	68	816	1617	1719017
7653	7	1.0	90022	26	68	816	1617	1719	1919019
7221	7	1.0	90022	26	68	87	718	1820	2019020
7387	8	1.0	90022	26	68	87	718	1820	2022	2219022
8063	3	1.0	90033	31	119001
8025	3	1.0	90033	34	419004
8067	5	1.0	90033	34	45	56	619006
8045	7	1.0	90033	34	45	56	68	87	719007
7703	6	1.0	90033	34	45	56	68	819008
8059	5	1.0	90033	34	45	59	919009
7891	6	1.0	90033	34	45	59	910	1019010
8005	4	1.0	90033	312	1211	1119011
7931	3	1.0	90033	312	1219012
7933	4	1.0	90033	312	1213	1319013
7621	5	1.0	90033	312	1211	1114	1419014
7579	6	1.0	90033	312	1211	1114	1415	1519015
7955	7	1.0	90033	34	45	56	68	816	1619016
8021	8	1.0	90033	34	45	56	68	816	1617	1719017
7687	7	1.0	90033	312	1213	1324	2421	2122	2219022
8039	6	1.0	90033	312	1213	1324	2423	2319023
7679	4	1.0	90044	43	31	119001
7849	5	1.0	90044	45	56	62	219002
8007	3	1.0	90044	43	319003
7589	4	1.0	90044	45	56	619006
7515	6	1.0	90044	45	56	68	87	719007
7201	5	1.0	90044	45	56	68	819008
7739	4	1.0	90044	45	59	919009
7595	5	1.0	90044	45	59	910	1019010
7531	3	1.0	90044	411	1119011
7713	4	1.0	90044	43	312	1219012
7347	5	1.0	90044	43	312	1213	1319013
7865	4	1.0	90044	411	1114	1419014
7967	5	1.0	90044	411	1114	1415	1519015
7727	6	1.0	90044	45	56	68	816	1619016
7987	7	1.0	90044	45	56	68	816	1617	1719017
7495	8	1.0	90044	45	56	68	816	1617	1719	1919019
7341	8	1.0	90044	45	56	68	87	718	1820	2019020
7853	7	1.0	90044	43	312	1213	1324	2421	2119021
7755	6	1.0	90044	411	1114	1423	2322	2219022
7369	5	1.0	90044	411	1114	1423	2319023
7251	6	1.0	90044	43	312	1213	1324	2419024
7429	4	1.0	90055	59	910	1019010
7885	5	1.0	90055	54	411	1114	1419014
7879	7	1.0	90055	59	910	1015	1522	2221	2119021
7543	4	1.0	90066	62	21	119001
8043	3	1.0	90066	62	219002
8069	5	1.0	90066	65	54	43	319003
7601	4	1.0	90066	65	54	419004
7975	4	1.0	90066	68	87	719007
7299	3	1.0	90066	68	819008
7961	4	1.0	90066	65	59	919009
7291	5	1.0	90066	68	816	1610	1019010
7527	5	1.0	90066	65	54	411	1119011
8055	6	1.0	90066	65	54	43	312	1219012
7697	7	1.0	90066	65	54	43	312	1213	1319013
7655	6	1.0	90066	65	54	411	1114	1419014
7827	7	1.0	90066	68	816	1617	1719	1915	1519015
7669	4	1.0	90066	68	816	1619016
7649	5	1.0	90066	68	816	1617	1719017
7959	6	1.0	90066	68	816	1617	1719	1919019
7573	6	1.0	90066	68	87	718	1820	2019020
8089	7	1.0	90066	68	87	718	1820	2021	2119021
7481	7	1.0	90066	68	87	718	1820	2022	2219022
7607	8	1.0	90066	68	87	718	1820	2022	2223	2319023
7729	8	1.0	90066	68	87	718	1820	2021	2124	2419024
7565	6	1.0	90077	78	86	62	21	119001
7995	5	1.0	90077	78	86	62	219002
8087	7	1.0	90077	78	86	65	54	43	319003
8077	6	1.0	90077	78	86	65	54	419004
7857	4	1.0	90077	78	86	619006
7615	3	1.0	90077	78	819008
7939	6	1.0	90077	718	1816	1610	109	919009
7799	5	1.0	90077	718	1816	1610	1019010
8015	6	1.0	90077	718	1816	1610	1011	1119011
7951	8	1.0	90077	78	86	65	54	43	312	1219012
8033	7	1.0	90077	718	1820	2021	2124	2413	1319013
8009	8	1.0	90077	718	1816	1617	1719	1915	1514	1419014
7293	7	1.0	90077	718	1816	1617	1719	1915	1519015
7425	4	1.0	90077	718	1816	1619016
7519	5	1.0	90077	718	1816	1617	1719017
7501	6	1.0	90077	718	1816	1617	1719	1919019
7253	4	1.0	90077	718	1820	2019020
7837	5	1.0	90077	718	1820	2021	2119021
7981	5	1.0	90077	718	1820	2022	2219022
7767	6	1.0	90077	718	1820	2022	2223	2319023
7915	5	1.0	90088	86	62	21	119001
7311	4	1.0	90088	86	62	219002
8061	6	1.0	90088	86	65	54	43	319003
7453	5	1.0	90088	86	65	54	419004
7431	4	1.0	90088	86	65	519005
7381	3	1.0	90088	86	619006
7805	3	1.0	90088	87	719007
7947	3	1.0	90088	89	919009
7759	4	1.0	90088	816	1610	1019010
7887	5	1.0	90088	816	1610	1011	1119011
7635	7	1.0	90088	86	65	54	43	312	1219012
7867	8	1.0	90088	86	65	54	43	312	1213	1319013
7949	7	1.0	90088	816	1617	1719	1915	1514	1419014
7965	6	1.0	90088	816	1617	1719	1915	1519015
7343	3	1.0	90088	816	1619016
7691	4	1.0	90088	816	1617	1719017
7699	5	1.0	90088	816	1617	1719	1919019
7689	5	1.0	90088	87	718	1820	2019020
7979	6	1.0	90088	87	718	1820	2021	2119021
8047	6	1.0	90088	87	718	1820	2022	2219022
7881	7	1.0	90088	87	718	1820	2022	2223	2319023
7991	7	1.0	90088	87	718	1820	2021	2124	2419024
7643	6	1.0	90099	95	54	43	31	119001
7511	5	1.0	90099	95	56	62	219002
8091	5	1.0	90099	95	54	43	319003
7617	4	1.0	90099	95	54	419004
7919	4	1.0	90099	95	56	619006
7977	6	1.0	90099	910	1016	1618	187	719007
7447	3	1.0	90099	98	819008
7339	3	1.0	90099	910	1019010
7279	4	1.0	90099	910	1011	1119011
7807	5	1.0	90099	910	1011	1112	1219012
7743	6	1.0	90099	910	1011	1112	1213	1319013
7215	5	1.0	90099	910	1011	1114	1419014
7371	4	1.0	90099	910	1015	1519015
7763	4	1.0	90099	910	1016	1619016
7255	5	1.0	90099	910	1016	1617	1719017
7797	6	1.0	90099	910	1016	1617	1719	1919019
7517	6	1.0	90099	910	1016	1618	1820	2019020
7941	6	1.0	90099	910	1015	1522	2221	2119021
7257	5	1.0	90099	910	1015	1522	2219022
7963	6	1.0	90099	910	1011	1114	1423	2319023
7909	7	1.0	90099	910	1015	1522	2221	2124	2419024
7283	7	1.0	901010	109	95	54	43	31	119001
8029	6	1.0	901010	1016	168	86	62	219002
7223	6	1.0	901010	109	95	54	43	319003
7419	5	1.0	901010	109	95	54	419004
7285	4	1.0	901010	109	95	519005
7563	5	1.0	901010	1016	168	86	619006
7771	5	1.0	901010	1016	1618	187	719007
7389	4	1.0	901010	1016	168	819008
7259	3	1.0	901010	109	919009
7383	3	1.0	901010	1011	1119011
7489	4	1.0	901010	1011	1112	1219012
7441	5	1.0	901010	1011	1112	1213	1319013
7217	4	1.0	901010	1011	1114	1419014
7349	3	1.0	901010	1015	1519015
7667	3	1.0	901010	1016	1619016
7345	4	1.0	901010	1016	1617	1719017
7321	5	1.0	901010	1016	1617	1719	1919019
7301	5	1.0	901010	1016	1618	1820	2019020
7303	5	1.0	901010	1015	1522	2221	2119021
7581	4	1.0	901010	1015	1522	2219022
7305	5	1.0	901010	1015	1522	2223	2319023
7351	6	1.0	901010	1015	1522	2221	2124	2419024
7843	5	1.0	901111	114	43	31	119001
7657	6	1.0	901111	114	45	56	62	219002
7533	4	1.0	901111	114	43	319003
7597	3	1.0	901111	114	419004
7809	5	1.0	901111	114	45	56	619006
7811	6	1.0	901111	1110	1016	1618	187	719007
7261	5	1.0	901111	1110	1016	168	819008
7783	4	1.0	901111	1110	109	919009
7267	3	1.0	901111	1110	1019010
7465	3	1.0	901111	1112	1219012
7841	4	1.0	901111	1112	1213	1319013
7769	3	1.0	901111	1114	1419014
7421	4	1.0	901111	1114	1415	1519015
7893	4	1.0	901111	1110	1016	1619016
7391	5	1.0	901111	1110	1016	1617	1719017
7535	5	1.0	901111	1114	1415	1519	1919019
7665	6	1.0	901111	1114	1415	1519	1920	2019020
7761	6	1.0	901111	1114	1423	2324	2421	2119021
7433	5	1.0	901111	1114	1415	1522	2219022
7403	4	1.0	901111	1114	1423	2319023
7281	5	1.0	901111	1114	1423	2324	2419024
7903	4	1.0	901212	123	31	119001
8003	5	1.0	901212	123	31	12	219002
8081	3	1.0	901212	123	319003
7779	4	1.0	901212	123	34	419004
7443	5	1.0	901212	123	34	45	519005
7773	6	1.0	901212	123	34	45	56	619006
8075	8	1.0	901212	123	34	45	56	68	87	719007
7411	7	1.0	901212	123	34	45	56	68	819008
7861	5	1.0	901212	1211	1110	109	919009
7659	4	1.0	901212	1211	1110	1019010
7521	3	1.0	901212	1211	1119011
7591	3	1.0	901212	1213	1319013
7683	4	1.0	901212	1211	1114	1419014
7785	5	1.0	901212	1211	1114	1415	1519015
7313	5	1.0	901212	1211	1110	1016	1619016
8031	6	1.0	901212	1211	1110	1016	1617	1719017
7637	6	1.0	901212	1211	1110	1016	1618	1819018
7895	6	1.0	901212	1211	1114	1415	1519	1919019
7707	6	1.0	901212	1213	1324	2421	2120	2019020
7817	5	1.0	901212	1213	1324	2421	2119021
7937	6	1.0	901212	1213	1324	2421	2122	2219022
7925	5	1.0	901212	1213	1324	2423	2319023
7671	4	1.0	901212	1213	1324	2419024
7335	5	1.0	901313	1312	123	31	119001
7969	6	1.0	901313	1312	123	31	12	219002
7373	4	1.0	901313	1312	123	319003
7423	5	1.0	901313	1312	123	34	419004
7795	7	1.0	901313	1312	123	34	45	56	619006
7593	7	1.0	901313	1324	2421	2120	2018	187	719007
8057	8	1.0	901313	1312	123	34	45	56	68	819008
7317	6	1.0	901313	1312	1211	1110	109	919009
7395	5	1.0	901313	1312	1211	1110	1019010
7545	4	1.0	901313	1312	1211	1119011
7547	3	1.0	901313	1312	1219012
7741	5	1.0	901313	1324	2423	2314	1419014
7787	6	1.0	901313	1324	2421	2122	2215	1519015
7491	6	1.0	901313	1312	1211	1110	1016	1619016
7829	8	1.0	901313	1324	2421	2122	2215	1519	1917	1719017
8027	7	1.0	901313	1324	2421	2122	2215	1519	1919019
8019	5	1.0	901313	1324	2421	2120	2019020
7647	4	1.0	901313	1324	2421	2119021
7625	5	1.0	901313	1324	2421	2122	2219022
7203	4	1.0	901313	1324	2423	2319023
7631	3	1.0	901313	1324	2419024
7781	6	1.0	901414	1411	1112	123	31	119001
7551	7	1.0	901414	1411	114	45	56	62	219002
7823	5	1.0	901414	1411	1112	123	319003
7353	4	1.0	901414	1411	114	419004
7855	6	1.0	901414	1411	114	45	56	619006
7899	8	1.0	901414	1415	1519	1917	1716	1618	187	719007
7363	7	1.0	901414	1415	1519	1917	1716	168	819008
7583	5	1.0	901414	1411	1110	109	919009
7537	4	1.0	901414	1411	1110	1019010
7365	3	1.0	901414	1411	1119011
7225	4	1.0	901414	1411	1112	1219012
7397	5	1.0	901414	1423	2324	2413	1319013
7673	3	1.0	901414	1415	1519015
7493	6	1.0	901414	1415	1519	1917	1716	1619016
7219	5	1.0	901414	1415	1519	1917	1719017
7603	4	1.0	901414	1415	1519	1919019
7427	5	1.0	901414	1415	1519	1920	2019020
7553	5	1.0	901414	1423	2324	2421	2119021
7355	4	1.0	901414	1415	1522	2219022
7393	3	1.0	901414	1423	2319023
7839	4	1.0	901414	1423	2324	2419024
7897	7	1.0	901515	1514	1411	1112	123	31	119001
8013	8	1.0	901515	1519	1917	1716	168	86	62	219002
8073	6	1.0	901515	1514	1411	1112	123	319003
7469	5	1.0	901515	1514	1411	114	419004
8023	7	1.0	901515	1519	1917	1716	168	86	619006
7439	7	1.0	901515	1519	1917	1716	1618	187	719007
7475	6	1.0	901515	1519	1917	1716	168	819008
7745	4	1.0	901515	1510	109	919009
7295	3	1.0	901515	1510	1019010
7263	4	1.0	901515	1514	1411	1119011
7753	5	1.0	901515	1514	1411	1112	1219012
7985	6	1.0	901515	1522	2221	2124	2413	1319013
7661	3	1.0	901515	1514	1419014
7307	5	1.0	901515	1519	1917	1716	1619016
7227	4	1.0	901515	1519	1917	1719017
7715	6	1.0	901515	1519	1917	1716	1618	1819018
7529	3	1.0	901515	1519	1919019
7445	4	1.0	901515	1519	1920	2019020
7749	4	1.0	901515	1522	2221	2119021
7461	3	1.0	901515	1522	2219022
7833	4	1.0	901515	1522	2223	2319023
7851	5	1.0	901515	1522	2221	2124	2419024
7845	6	1.0	901616	168	86	62	21	119001
7873	5	1.0	901616	168	86	62	219002
7675	7	1.0	901616	168	86	65	54	43	319003
7555	6	1.0	901616	168	86	65	54	419004
7609	4	1.0	901616	168	86	619006
7367	4	1.0	901616	1618	187	719007
7377	3	1.0	901616	168	819008
7735	4	1.0	901616	1610	109	919009
7487	3	1.0	901616	1610	1019010
7523	4	1.0	901616	1610	1011	1119011
7605	5	1.0	901616	1610	1011	1112	1219012
7911	6	1.0	901616	1610	1011	1112	1213	1319013
7731	6	1.0	901616	1617	1719	1915	1514	1419014
7315	5	1.0	901616	1617	1719	1915	1519015
7559	3	1.0	901616	1617	1719017
7413	3	1.0	901616	1618	1819018
7269	4	1.0	901616	1617	1719	1919019
7309	4	1.0	901616	1618	1820	2019020
7399	7	1.0	901616	1617	1719	1915	1522	2221	2119021
7213	6	1.0	901616	1617	1719	1915	1522	2219022
7229	7	1.0	901616	1617	1719	1915	1522	2223	2319023
8071	7	1.0	901717	1716	168	86	62	21	119001
7875	6	1.0	901717	1716	168	86	62	219002
7271	8	1.0	901717	1716	168	86	65	54	43	319003
7757	7	1.0	901717	1716	168	86	65	54	419004
7415	5	1.0	901717	1716	168	86	619006
7639	5	1.0	901717	1716	1618	187	719007
7273	4	1.0	901717	1716	168	819008
7323	5	1.0	901717	1716	1610	109	919009
7577	4	1.0	901717	1716	1610	1019010
7613	5	1.0	901717	1716	1610	1011	1119011
7567	6	1.0	901717	1716	1610	1011	1112	1219012
7791	8	1.0	901717	1719	1915	1522	2221	2124	2413	1319013
7587	5	1.0	901717	1719	1915	1514	1419014
7737	4	1.0	901717	1719	1915	1519015
7357	3	1.0	901717	1716	1619016
7417	3	1.0	901717	1719	1919019
7503	4	1.0	901717	1719	1920	2019020
7633	6	1.0	901717	1719	1915	1522	2221	2119021
7405	5	1.0	901717	1719	1915	1522	2219022
7325	6	1.0	901717	1719	1915	1522	2223	2319023
7287	7	1.0	901717	1719	1915	1522	2221	2124	2419024
7407	5	1.0	901818	1816	1610	109	919009
7483	6	1.0	901818	1816	1610	1011	1112	1219012
7569	7	1.0	901818	187	78	86	62	21	119001
7409	5	1.0	901818	1816	1617	1719	1919019
8037	8	1.0	901919	1917	1716	168	86	62	21	119001
8085	7	1.0	901919	1917	1716	168	86	62	219002
7877	8	1.0	901919	1917	1716	168	86	65	54	419004
8065	6	1.0	901919	1917	1716	168	86	619006
7681	6	1.0	901919	1917	1716	1618	187	719007
7525	5	1.0	901919	1917	1716	168	819008
7989	6	1.0	901919	1917	1716	1610	109	919009
7337	5	1.0	901919	1917	1716	1610	1019010
7449	5	1.0	901919	1915	1514	1411	1119011
7929	8	1.0	901919	1915	1522	2221	2124	2413	1312	1219012
7883	7	1.0	901919	1915	1522	2221	2124	2413	1319013
7435	4	1.0	901919	1915	1514	1419014
7717	3	1.0	901919	1915	1519015
7401	4	1.0	901919	1917	1716	1619016
7331	3	1.0	901919	1917	1719017
7777	3	1.0	901919	1920	2019020
8049	5	1.0	901919	1915	1522	2221	2119021
7275	4	1.0	901919	1915	1522	2219022
7619	5	1.0	901919	1915	1522	2223	2319023
7561	6	1.0	901919	1915	1522	2221	2124	2419024
7819	8	1.0	902020	2018	187	78	86	62	21	119001
7775	7	1.0	902020	2018	187	78	86	62	219002
7983	8	1.0	902020	2018	187	78	86	65	54	419004
7627	6	1.0	902020	2018	187	78	86	619006
7289	4	1.0	902020	2018	187	719007
7237	5	1.0	902020	2018	187	78	819008
7497	6	1.0	902020	2018	1816	1610	109	919009
7205	5	1.0	902020	2018	1816	1610	1019010
7463	6	1.0	902020	2019	1915	1514	1411	1119011
7793	6	1.0	902020	2021	2124	2413	1312	1219012
7725	5	1.0	902020	2021	2124	2413	1319013
7539	5	1.0	902020	2019	1915	1514	1419014
7695	4	1.0	902020	2019	1915	1519015
7277	4	1.0	902020	2018	1816	1619016
7509	4	1.0	902020	2019	1917	1719017
7297	3	1.0	902020	2019	1919019
7905	3	1.0	902020	2021	2119021
7471	3	1.0	902020	2022	2219022
7199	4	1.0	902020	2022	2223	2319023
7685	4	1.0	902020	2021	2124	2419024
8051	7	1.0	902121	2124	2413	1312	123	31	119001
7943	7	1.0	902121	2124	2413	1312	123	34	419004
7513	7	1.0	902121	2120	2018	187	78	86	619006
8053	5	1.0	902121	2120	2018	187	719007
7803	6	1.0	902121	2120	2018	187	78	819008
7477	6	1.0	902121	2122	2215	1510	109	919009
7231	5	1.0	902121	2122	2215	1510	1019010
7333	6	1.0	902121	2124	2423	2314	1411	1119011
7437	5	1.0	902121	2124	2413	1312	1219012
7869	4	1.0	902121	2124	2413	1319013
7957	5	1.0	902121	2124	2423	2314	1419014
7467	4	1.0	902121	2122	2215	1519015
7719	7	1.0	902121	2122	2215	1519	1917	1716	1619016
7243	6	1.0	902121	2122	2215	1519	1917	1719017
7207	5	1.0	902121	2122	2215	1519	1919019
7375	3	1.0	902121	2120	2019020
7209	3	1.0	902121	2122	2219022
7479	4	1.0	902121	2124	2423	2319023
7385	3	1.0	902121	2124	2419024
7265	8	1.0	902222	2221	2124	2413	1312	123	31	119001
7815	8	1.0	902222	2220	2018	187	78	86	62	219002
8041	7	1.0	902222	2221	2124	2413	1312	123	319003
7641	6	1.0	902222	2223	2314	1411	114	419004
7863	7	1.0	902222	2220	2018	187	78	86	619006
7245	5	1.0	902222	2220	2018	187	719007
7507	6	1.0	902222	2220	2018	187	78	819008
7997	5	1.0	902222	2215	1510	109	919009
7455	4	1.0	902222	2215	1510	1019010
7549	5	1.0	902222	2223	2314	1411	1119011
7889	6	1.0	902222	2221	2124	2413	1312	1219012
7747	5	1.0	902222	2221	2124	2413	1319013
7629	4	1.0	902222	2223	2314	1419014
7499	3	1.0	902222	2215	1519015
7459	6	1.0	902222	2215	1519	1917	1716	1619016
7907	5	1.0	902222	2215	1519	1917	1719017
7927	4	1.0	902222	2215	1519	1919019
7233	3	1.0	902222	2220	2019020
7359	3	1.0	902222	2221	2119021
7505	3	1.0	902222	2223	2319023
7211	4	1.0	902222	2221	2124	2419024
7913	7	1.0	902323	2324	2413	1312	123	31	119001
8079	6	1.0	902323	2324	2413	1312	123	319003
7329	5	1.0	902323	2314	1411	114	419004
7917	7	1.0	902323	2314	1411	114	45	56	619006
7677	6	1.0	902323	2322	2220	2018	187	719007
7821	7	1.0	902323	2322	2220	2018	187	78	819008
7971	6	1.0	902323	2314	1411	1110	109	919009
7327	5	1.0	902323	2314	1411	1110	1019010
7239	4	1.0	902323	2314	1411	1119011
7993	5	1.0	902323	2324	2413	1312	1219012
7789	4	1.0	902323	2324	2413	1319013
7645	3	1.0	902323	2314	1419014
7831	4	1.0	902323	2322	2215	1519015
7485	7	1.0	902323	2322	2215	1519	1917	1716	1619016
7247	6	1.0	902323	2322	2215	1519	1917	1719017
7835	5	1.0	902323	2322	2220	2018	1819018
7241	5	1.0	902323	2322	2215	1519	1919019
7871	4	1.0	902323	2322	2220	2019020
7751	4	1.0	902323	2324	2421	2119021
7585	3	1.0	902323	2322	2219022
