id	type	origin	dest	dtime	vot
164	121	1	5	34	17.153370532523887
184	121	1	5	50	11.554484195508396
23	121	1	5	57	11.189966485973866
13	121	1	5	65	32.262071131583895
30	121	1	5	68	42.8248954920562
198	121	1	5	78	34.562393555454356
158	121	1	5	83	23.035562487177252
18	121	1	5	87	6.2900798019262645
189	121	1	5	98	28.53641543381318
21	121	1	5	100	47.46973605907038
190	121	1	5	108	86.40028935041556
173	121	1	5	109	17.74278174816743
14	121	1	5	114	20.525798454662496
5	121	1	5	115	32.94024940127484
19	121	1	5	115	21.711330534191376
183	121	1	5	119	7.5447629671216285
169	121	1	5	129	32.70413252861387
33	121	1	5	135	6.404727790398734
38	121	1	5	186	0.4461974879553524
193	121	1	5	225	6.950226155481177
154	121	1	5	231	23.34524373255927
37	121	1	5	246	22.056836343615835
182	121	1	5	247	11.094098844246522
32	121	1	5	248	4.395580119883733
197	121	1	5	260	3.1414202882702837
163	121	1	5	262	32.15748757727253
172	121	1	5	271	9.914333397410143
16	121	1	5	272	25.711532854043863
28	121	1	5	272	0.9670576118997007
188	121	1	5	288	6.3993768815586405
15	121	1	5	296	12.907133232649832
159	121	1	5	302	12.393400266478235
20	121	1	5	305	7.662563558026827
174	121	1	5	327	14.477578234369053
40	121	1	5	330	36.10430413603879
178	121	1	5	331	50.776289008657415
34	121	1	5	347	92.49037465789749
8	121	1	5	374	11.783967948994675
27	121	1	5	374	1.2284632953315824
10	121	1	5	376	10.681607066719884
200	121	1	5	377	21.039321691293374
22	121	1	5	384	25.328416365405964
44	121	1	5	385	8.108125378782525
17	121	1	5	406	7.262034096291404
168	121	1	5	413	13.32915546326261
170	121	1	5	417	1.898830027252081
199	121	1	5	427	4.0615165088225424
175	121	1	5	431	52.298168103170795
160	121	1	5	434	2.8161864180154956
29	121	1	5	438	16.872122001534056
49	121	1	5	438	5.709703353014268
171	121	1	5	458	9.124242377502707
9	121	1	5	459	3.412492709201221
185	121	1	5	473	8.168907400365834
25	121	1	5	474	6.106539882185638
186	121	1	5	474	22.97686321868528
192	121	1	5	477	18.787327877780903
191	121	1	5	536	10.72453149327532
194	121	1	5	540	19.260201140144023
6	121	1	5	542	14.540141575230582
162	121	1	5	577	0.7246469615673738
35	121	1	5	584	4.86977531663428
156	121	1	5	589	15.313372204014055
177	121	1	5	607	33.596356669682905
166	121	1	5	623	13.145523663099869
180	121	1	5	623	83.38934230302681
39	121	1	5	628	10.625568258749478
181	121	1	5	629	9.66433540101989
46	121	1	5	632	21.227423192063398
155	121	1	5	635	80.95578959766425
196	121	1	5	637	13.073637457474513
165	121	1	5	640	27.485537154455848
3	121	1	5	649	9.469431915183009
48	121	1	5	651	14.949879776530203
153	121	1	5	676	29.97703993513953
31	121	1	5	688	38.783567870643836
12	121	1	5	691	31.79838574192041
179	121	1	5	706	8.855464267142949
152	121	1	5	720	17.68069149096398
1	121	1	5	758	17.050873036960876
187	121	1	5	758	9.831175235098844
24	121	1	5	760	2.8581669786001545
11	121	1	5	771	103.5808076902391
42	121	1	5	776	10.042515940054143
157	121	1	5	778	94.21623161428549
45	121	1	5	782	17.808487137220684
2	121	1	5	785	15.918114280496873
195	121	1	5	791	39.33796279313408
36	121	1	5	808	43.3097430932532
176	121	1	5	812	0.06341011876453738
167	121	1	5	813	0.0018944276545558346
7	121	1	5	825	27.62922183802941
161	121	1	5	835	35.90268800202616
151	121	1	5	857	12.186097151282627
26	121	1	5	865	3.4853561560607953
43	121	1	5	872	74.15739225472137
4	121	1	5	883	21.688581692563883
50	121	1	5	889	1.5102909862417286
47	121	1	5	891	32.61902688398486
41	121	1	5	894	5.105285658360791
249	121	1	5	902	48.88757163593227
216	121	1	5	909	52.09234934789948
71	121	1	5	919	27.423293278666243
90	121	1	5	922	4.42006034885807
219	121	1	5	936	5.1428733893234595
236	121	1	5	952	29.536184258746
215	121	1	5	965	49.65149232825221
74	121	1	5	972	39.719088514893244
68	121	1	5	977	39.09961009129801
227	121	1	5	991	38.44022190382136
233	121	1	5	1001	29.228188036601193
57	121	1	5	1012	4.609119490247315
243	121	1	5	1034	3.1935875150958344
66	121	1	5	1035	1.2662659196401433
60	121	1	5	1068	11.72319936075224
225	121	1	5	1091	1.8334022477937024
73	121	1	5	1096	15.164606012857519
220	121	1	5	1100	11.494576709369474
76	121	1	5	1112	37.451626182166926
224	121	1	5	1121	15.5612946009174
86	121	1	5	1133	26.109062355683182
96	121	1	5	1168	4.271400576019094
63	121	1	5	1170	18.062810133568405
210	121	1	5	1172	9.950817921595533
77	121	1	5	1178	81.44058901263712
75	121	1	5	1182	10.969296962915013
88	121	1	5	1182	36.781262857278975
99	121	1	5	1191	26.41185280743534
218	121	1	5	1192	10.159202418139746
206	121	1	5	1194	2.6235902783236416
58	121	1	5	1201	0.6272821505754275
82	121	1	5	1201	25.295142041009374
245	121	1	5	1216	13.390385385500057
212	121	1	5	1229	2.3879406615481864
209	121	1	5	1230	0.5168346541607522
222	121	1	5	1235	4.776386979283012
55	121	1	5	1252	3.059816942267581
59	121	1	5	1254	12.011301000400929
250	121	1	5	1282	56.73763242627726
83	121	1	5	1287	2.588330431406199
240	121	1	5	1294	30.15233679634205
246	121	1	5	1296	16.24259622502025
85	121	1	5	1303	11.94568548917926
79	121	1	5	1318	2.2840504094401757
207	121	1	5	1320	14.115220168034773
221	121	1	5	1323	7.4753179355004145
92	121	1	5	1327	21.421111518407468
239	121	1	5	1327	9.66845063720341
247	121	1	5	1328	14.905438411825338
228	121	1	5	1362	4.763491502127407
232	121	1	5	1366	23.072179974666533
223	121	1	5	1367	10.502549332541363
214	121	1	5	1374	46.62643800492962
89	121	1	5	1380	28.02071954329948
211	121	1	5	1387	25.787768934869767
69	121	1	5	1397	55.39480500396854
241	121	1	5	1402	21.393704153299883
234	121	1	5	1409	5.843974679080266
72	121	1	5	1418	14.345480382909077
204	121	1	5	1420	20.323973111006662
98	121	1	5	1422	7.968486126263306
78	121	1	5	1436	11.896595462305257
203	121	1	5	1450	21.86334381545502
70	121	1	5	1453	18.324902315793558
244	121	1	5	1458	48.253188717323404
208	121	1	5	1463	80.87336895733193
213	121	1	5	1471	15.225945275727478
61	121	1	5	1472	3.8281272381620166
81	121	1	5	1476	55.43716169946655
95	121	1	5	1482	34.34402994766104
51	121	1	5	1485	18.689913971125225
54	121	1	5	1489	25.799210317579156
238	121	1	5	1505	7.070921646638495
84	121	1	5	1512	10.01189849015779
91	121	1	5	1512	23.129098652693596
229	121	1	5	1524	23.741093147370457
94	121	1	5	1530	20.82653338277584
205	121	1	5	1540	30.412465945811153
217	121	1	5	1547	41.47037453753923
93	121	1	5	1561	23.646441884924137
53	121	1	5	1571	7.497865630167448
226	121	1	5	1578	6.298303950551761
64	121	1	5	1591	17.238459722835575
202	121	1	5	1592	9.095769206535518
100	121	1	5	1603	5.865744280093245
87	121	1	5	1604	7.01570695416668
248	121	1	5	1618	14.235521618106084
67	121	1	5	1643	25.97052242911718
52	121	1	5	1651	19.86634370923209
56	121	1	5	1654	10.770568617250916
235	121	1	5	1661	1.4686017636482958
231	121	1	5	1672	39.085306445836906
242	121	1	5	1678	18.268130820211407
65	121	1	5	1685	6.801038811178646
97	121	1	5	1690	4.46734620575321
62	121	1	5	1696	22.0215541000611
80	121	1	5	1711	12.081455875871892
237	121	1	5	1769	63.20170890490489
201	121	1	5	1772	24.668932954388726
230	121	1	5	1793	31.373379246568838
279	121	1	5	1817	30.312173916850657
104	121	1	5	1818	3.033902150688857
277	121	1	5	1834	15.749941452347207
120	121	1	5	1842	3.523237546433204
256	121	1	5	1847	36.99709951828405
122	121	1	5	1848	12.98901255535084
127	121	1	5	1862	81.22679419833352
129	121	1	5	1865	17.62921551512039
292	121	1	5	1874	54.23280439614439
146	121	1	5	1910	16.12831769062824
266	121	1	5	1927	14.284127362783133
136	121	1	5	1928	64.03557871705233
103	121	1	5	1929	26.656738820731153
263	121	1	5	1940	20.623252408494764
128	121	1	5	1944	2.2433096577867953
270	121	1	5	1949	20.835808273171395
287	121	1	5	1953	34.06386181270527
150	121	1	5	1955	15.068004264783182
265	121	1	5	1960	7.002796687450928
273	121	1	5	1961	28.770472509290595
105	121	1	5	1964	2.3285200516923665
148	121	1	5	1974	60.1631637624047
135	121	1	5	1982	18.349084853262823
286	121	1	5	1987	24.915144702604593
147	121	1	5	2000	41.23618363547058
262	121	1	5	2002	6.215597275575057
149	121	1	5	2005	2.0725960108722554
132	121	1	5	2010	6.5271901939484644
119	121	1	5	2014	1.4791883747957786
259	121	1	5	2019	12.474555096858529
294	121	1	5	2020	2.1061910981869096
112	121	1	5	2021	79.45349355498372
110	121	1	5	2034	1.5531037075388425
134	121	1	5	2064	25.511307270927233
254	121	1	5	2071	1.8434710530439333
281	121	1	5	2074	75.82783778645205
115	121	1	5	2097	20.195461375423786
295	121	1	5	2097	10.512990024198325
133	121	1	5	2108	2.827549079206819
274	121	1	5	2113	8.600759752270994
140	121	1	5	2141	0.22309737253817066
138	121	1	5	2151	26.10291857383871
252	121	1	5	2163	98.75167553582128
267	121	1	5	2163	61.46788424551353
107	121	1	5	2165	16.183371168347048
124	121	1	5	2168	77.31005397051686
109	121	1	5	2179	8.774930443414313
261	121	1	5	2180	15.263965609531402
131	121	1	5	2182	6.647722424757379
289	121	1	5	2200	26.51234808157627
106	121	1	5	2206	105.26839292196834
113	121	1	5	2248	10.466295071715702
125	121	1	5	2260	123.06947101228864
121	121	1	5	2266	29.51260135540194
111	121	1	5	2268	30.596979622592546
137	121	1	5	2279	2.0669028548343538
283	121	1	5	2279	9.373876982940391
114	121	1	5	2289	26.87068659259633
300	121	1	5	2293	22.17810701926423
260	121	1	5	2297	5.55056797441138
276	121	1	5	2319	25.69308869078058
123	121	1	5	2321	60.95157219370805
143	121	1	5	2323	4.002965710156945
102	121	1	5	2325	66.2451619528915
299	121	1	5	2337	6.62035925044997
257	121	1	5	2358	44.3942474414743
271	121	1	5	2358	22.056541773538335
272	121	1	5	2366	77.54744752290802
291	121	1	5	2368	135.39395586528897
101	121	1	5	2370	37.9191702343742
108	121	1	5	2382	0.8633805050004093
258	121	1	5	2382	81.22748406778811
264	121	1	5	2390	12.566002016482477
255	121	1	5	2408	0.6267345530418937
285	121	1	5	2410	9.332192951176937
118	121	1	5	2411	41.35859659654389
130	121	1	5	2416	12.318039720912122
142	121	1	5	2428	34.272867032451266
144	121	1	5	2429	10.46573298488739
278	121	1	5	2449	15.103810011025072
139	121	1	5	2463	61.66848652967317
290	121	1	5	2469	1.967823306372537
296	121	1	5	2473	46.422117182395276
269	121	1	5	2536	63.95126510782893
253	121	1	5	2537	11.532575326321686
117	121	1	5	2563	17.583629213868615
297	121	1	5	2564	2.0963606209517542
141	121	1	5	2592	21.486031474127373
284	121	1	5	2605	23.56497126060584
288	121	1	5	2611	65.17057675507775
293	121	1	5	2611	14.531082173335232
126	121	1	5	2612	4.21480640560058
282	121	1	5	2621	24.494644445802614
268	121	1	5	2624	17.46025542113681
145	121	1	5	2625	6.14302915008621
275	121	1	5	2646	16.64559617461053
298	121	1	5	2653	19.72566321485378
116	121	1	5	2673	7.284866570689252
251	121	1	5	2675	70.70025070277944
280	121	1	5	2687	50.50381636398048
