id	type	origin	dest	dtime	vot
155	121	1	5	5	80.95578959766425
46	111	1	5	11	21.227423192063398
176	121	1	5	38	0.06341011876453738
170	121	1	5	47	1.898830027252081
167	121	1	5	55	0.0018944276545558346
41	111	1	5	68	5.105285658360791
182	121	1	5	76	11.094098844246522
3	111	1	5	78	9.469431915183009
21	111	1	5	93	47.46973605907038
27	111	1	5	93	1.2284632953315824
2	111	1	5	102	15.918114280496873
161	121	1	5	114	35.90268800202616
1	111	1	5	135	17.050873036960876
42	111	1	5	150	10.042515940054143
175	121	1	5	157	52.298168103170795
183	121	1	5	158	7.5447629671216285
152	121	1	5	160	17.68069149096398
184	121	1	5	163	11.554484195508396
198	121	1	5	164	34.562393555454356
160	121	1	5	172	2.8161864180154956
40	111	1	5	174	36.10430413603879
187	121	1	5	178	9.831175235098844
44	111	1	5	181	8.108125378782525
28	111	1	5	182	0.9670576118997007
12	111	1	5	183	31.79838574192041
8	111	1	5	187	11.783967948994675
197	121	1	5	202	3.1414202882702837
26	111	1	5	207	3.4853561560607953
19	111	1	5	226	21.711330534191376
163	121	1	5	226	32.15748757727253
18	111	1	5	255	6.2900798019262645
5	111	1	5	267	32.94024940127484
156	121	1	5	280	15.313372204014055
23	111	1	5	286	11.189966485973866
193	121	1	5	290	6.950226155481177
36	111	1	5	294	43.3097430932532
25	111	1	5	304	6.106539882185638
165	121	1	5	304	27.485537154455848
6	111	1	5	314	14.540141575230582
20	111	1	5	324	7.662563558026827
174	121	1	5	351	14.477578234369053
199	121	1	5	358	4.0615165088225424
181	121	1	5	362	9.66433540101989
35	111	1	5	367	4.86977531663428
16	111	1	5	379	25.711532854043863
178	121	1	5	389	50.776289008657415
185	121	1	5	420	8.168907400365834
38	111	1	5	448	0.4461974879553524
50	111	1	5	454	1.5102909862417286
11	111	1	5	460	103.5808076902391
173	121	1	5	462	17.74278174816743
189	121	1	5	473	28.53641543381318
47	111	1	5	477	32.61902688398486
7	111	1	5	494	27.62922183802941
164	121	1	5	503	17.153370532523887
45	111	1	5	507	17.808487137220684
14	111	1	5	513	20.525798454662496
191	121	1	5	523	10.72453149327532
39	111	1	5	556	10.625568258749478
49	111	1	5	566	5.709703353014268
48	111	1	5	582	14.949879776530203
172	121	1	5	591	9.914333397410143
159	121	1	5	631	12.393400266478235
169	121	1	5	634	32.70413252861387
33	111	1	5	653	6.404727790398734
37	111	1	5	658	22.056836343615835
186	121	1	5	661	22.97686321868528
10	111	1	5	662	10.681607066719884
171	121	1	5	670	9.124242377502707
30	111	1	5	671	42.8248954920562
32	111	1	5	681	4.395580119883733
17	111	1	5	692	7.262034096291404
153	121	1	5	700	29.97703993513953
151	121	1	5	708	12.186097151282627
192	121	1	5	715	18.787327877780903
194	121	1	5	726	19.260201140144023
188	121	1	5	729	6.3993768815586405
9	111	1	5	733	3.412492709201221
29	111	1	5	733	16.872122001534056
180	121	1	5	733	83.38934230302681
43	111	1	5	746	74.15739225472137
162	121	1	5	749	0.7246469615673738
177	121	1	5	758	33.596356669682905
4	111	1	5	767	21.688581692563883
196	121	1	5	767	13.073637457474513
34	111	1	5	792	92.49037465789749
190	121	1	5	802	86.40028935041556
158	121	1	5	811	23.035562487177252
179	121	1	5	813	8.855464267142949
200	121	1	5	815	21.039321691293374
157	121	1	5	829	94.21623161428549
195	121	1	5	847	39.33796279313408
24	111	1	5	849	2.8581669786001545
22	111	1	5	856	25.328416365405964
31	111	1	5	871	38.783567870643836
168	121	1	5	874	13.32915546326261
13	111	1	5	876	32.262071131583895
154	121	1	5	876	23.34524373255927
15	111	1	5	878	12.907133232649832
166	121	1	5	898	13.145523663099869
86	111	1	5	904	26.109062355683182
91	111	1	5	917	23.129098652693596
83	111	1	5	927	2.588330431406199
96	111	1	5	953	4.271400576019094
54	111	1	5	963	25.799210317579156
209	121	1	5	993	0.5168346541607522
204	121	1	5	998	20.323973111006662
232	121	1	5	1014	23.072179974666533
60	111	1	5	1024	11.72319936075224
52	111	1	5	1028	19.86634370923209
65	111	1	5	1044	6.801038811178646
67	111	1	5	1057	25.97052242911718
69	111	1	5	1060	55.39480500396854
248	121	1	5	1061	14.235521618106084
235	121	1	5	1065	1.4686017636482958
70	111	1	5	1070	18.324902315793558
75	111	1	5	1075	10.969296962915013
64	111	1	5	1080	17.238459722835575
250	121	1	5	1081	56.73763242627726
71	111	1	5	1092	27.423293278666243
77	111	1	5	1108	81.44058901263712
222	121	1	5	1116	4.776386979283012
214	121	1	5	1123	46.62643800492962
63	111	1	5	1131	18.062810133568405
94	111	1	5	1149	20.82653338277584
223	121	1	5	1154	10.502549332541363
207	121	1	5	1155	14.115220168034773
210	121	1	5	1158	9.950817921595533
57	111	1	5	1169	4.609119490247315
89	111	1	5	1178	28.02071954329948
84	111	1	5	1180	10.01189849015779
56	111	1	5	1194	10.770568617250916
238	121	1	5	1197	7.070921646638495
249	121	1	5	1200	48.88757163593227
234	121	1	5	1205	5.843974679080266
236	121	1	5	1216	29.536184258746
203	121	1	5	1217	21.86334381545502
233	121	1	5	1233	29.228188036601193
80	111	1	5	1237	12.081455875871892
229	121	1	5	1242	23.741093147370457
202	121	1	5	1246	9.095769206535518
226	121	1	5	1247	6.298303950551761
82	111	1	5	1256	25.295142041009374
85	111	1	5	1261	11.94568548917926
244	121	1	5	1261	48.253188717323404
208	121	1	5	1263	80.87336895733193
216	121	1	5	1273	52.09234934789948
206	121	1	5	1277	2.6235902783236416
215	121	1	5	1301	49.65149232825221
211	121	1	5	1322	25.787768934869767
201	121	1	5	1323	24.668932954388726
239	121	1	5	1325	9.66845063720341
72	111	1	5	1343	14.345480382909077
92	111	1	5	1351	21.421111518407468
51	111	1	5	1387	18.689913971125225
98	111	1	5	1402	7.968486126263306
95	111	1	5	1419	34.34402994766104
230	121	1	5	1430	31.373379246568838
221	121	1	5	1433	7.4753179355004145
93	111	1	5	1444	23.646441884924137
55	111	1	5	1449	3.059816942267581
76	111	1	5	1460	37.451626182166926
212	121	1	5	1477	2.3879406615481864
58	111	1	5	1480	0.6272821505754275
81	111	1	5	1497	55.43716169946655
205	121	1	5	1501	30.412465945811153
73	111	1	5	1508	15.164606012857519
59	111	1	5	1518	12.011301000400929
66	111	1	5	1542	1.2662659196401433
247	121	1	5	1544	14.905438411825338
88	111	1	5	1547	36.781262857278975
227	121	1	5	1556	38.44022190382136
78	111	1	5	1557	11.896595462305257
220	121	1	5	1573	11.494576709369474
97	111	1	5	1574	4.46734620575321
68	111	1	5	1577	39.09961009129801
99	111	1	5	1585	26.41185280743534
90	111	1	5	1590	4.42006034885807
242	121	1	5	1597	18.268130820211407
61	111	1	5	1599	3.8281272381620166
219	121	1	5	1614	5.1428733893234595
213	121	1	5	1615	15.225945275727478
241	121	1	5	1617	21.393704153299883
100	111	1	5	1624	5.865744280093245
240	121	1	5	1624	30.15233679634205
87	111	1	5	1670	7.01570695416668
79	111	1	5	1696	2.2840504094401757
74	111	1	5	1700	39.719088514893244
246	121	1	5	1712	16.24259622502025
225	121	1	5	1720	1.8334022477937024
53	111	1	5	1732	7.497865630167448
243	121	1	5	1736	3.1935875150958344
218	121	1	5	1741	10.159202418139746
224	121	1	5	1746	15.5612946009174
217	121	1	5	1770	41.47037453753923
231	121	1	5	1771	39.085306445836906
62	111	1	5	1775	22.0215541000611
237	121	1	5	1785	63.20170890490489
228	121	1	5	1786	4.763491502127407
245	121	1	5	1798	13.390385385500057
142	111	1	5	1800	34.272867032451266
261	121	1	5	1802	15.263965609531402
102	111	1	5	1808	66.2451619528915
105	111	1	5	1817	2.3285200516923665
114	111	1	5	1820	26.87068659259633
129	111	1	5	1828	17.62921551512039
266	121	1	5	1848	14.284127362783133
137	111	1	5	1852	2.0669028548343538
265	121	1	5	1865	7.002796687450928
133	111	1	5	1867	2.827549079206819
280	121	1	5	1885	50.50381636398048
264	121	1	5	1894	12.566002016482477
104	111	1	5	1898	3.033902150688857
254	121	1	5	1903	1.8434710530439333
284	121	1	5	1910	23.56497126060584
294	121	1	5	1918	2.1061910981869096
286	121	1	5	1921	24.915144702604593
259	121	1	5	1923	12.474555096858529
116	111	1	5	1931	7.284866570689252
274	121	1	5	1942	8.600759752270994
268	121	1	5	1948	17.46025542113681
271	121	1	5	1953	22.056541773538335
145	111	1	5	1982	6.14302915008621
269	121	1	5	1986	63.95126510782893
289	121	1	5	2001	26.51234808157627
115	111	1	5	2015	20.195461375423786
132	111	1	5	2020	6.5271901939484644
135	111	1	5	2026	18.349084853262823
279	121	1	5	2026	30.312173916850657
295	121	1	5	2031	10.512990024198325
300	121	1	5	2033	22.17810701926423
141	111	1	5	2047	21.486031474127373
257	121	1	5	2047	44.3942474414743
252	121	1	5	2055	98.75167553582128
297	121	1	5	2065	2.0963606209517542
277	121	1	5	2072	15.749941452347207
127	111	1	5	2077	81.22679419833352
150	111	1	5	2087	15.068004264783182
134	111	1	5	2102	25.511307270927233
122	111	1	5	2103	12.98901255535084
296	121	1	5	2134	46.422117182395276
121	111	1	5	2149	29.51260135540194
113	111	1	5	2150	10.466295071715702
139	111	1	5	2183	61.66848652967317
103	111	1	5	2186	26.656738820731153
281	121	1	5	2201	75.82783778645205
126	111	1	5	2215	4.21480640560058
272	121	1	5	2218	77.54744752290802
288	121	1	5	2231	65.17057675507775
149	111	1	5	2243	2.0725960108722554
287	121	1	5	2250	34.06386181270527
112	111	1	5	2256	79.45349355498372
125	111	1	5	2260	123.06947101228864
253	121	1	5	2265	11.532575326321686
109	111	1	5	2273	8.774930443414313
123	111	1	5	2282	60.95157219370805
130	111	1	5	2283	12.318039720912122
144	111	1	5	2284	10.46573298488739
148	111	1	5	2294	60.1631637624047
251	121	1	5	2301	70.70025070277944
124	111	1	5	2305	77.31005397051686
299	121	1	5	2324	6.62035925044997
128	111	1	5	2350	2.2433096577867953
278	121	1	5	2350	15.103810011025072
292	121	1	5	2350	54.23280439614439
143	111	1	5	2354	4.002965710156945
120	111	1	5	2364	3.523237546433204
285	121	1	5	2365	9.332192951176937
276	121	1	5	2392	25.69308869078058
110	111	1	5	2398	1.5531037075388425
111	111	1	5	2398	30.596979622592546
108	111	1	5	2399	0.8633805050004093
258	121	1	5	2408	81.22748406778811
293	121	1	5	2445	14.531082173335232
101	111	1	5	2459	37.9191702343742
275	121	1	5	2464	16.64559617461053
283	121	1	5	2468	9.373876982940391
147	111	1	5	2491	41.23618363547058
256	121	1	5	2507	36.99709951828405
146	111	1	5	2509	16.12831769062824
118	111	1	5	2514	41.35859659654389
282	121	1	5	2518	24.494644445802614
298	121	1	5	2523	19.72566321485378
262	121	1	5	2555	6.215597275575057
290	121	1	5	2561	1.967823306372537
255	121	1	5	2568	0.6267345530418937
138	111	1	5	2604	26.10291857383871
263	121	1	5	2610	20.623252408494764
131	111	1	5	2627	6.647722424757379
119	111	1	5	2629	1.4791883747957786
107	111	1	5	2631	16.183371168347048
267	121	1	5	2638	61.46788424551353
140	111	1	5	2643	0.22309737253817066
291	121	1	5	2659	135.39395586528897
117	111	1	5	2660	17.583629213868615
273	121	1	5	2665	28.770472509290595
106	111	1	5	2668	105.26839292196834
260	121	1	5	2673	5.55056797441138
270	121	1	5	2690	20.835808273171395
136	111	1	5	2695	64.03557871705233
