2314	0	246.63636363636363	900	249.864406779661	1800	240.46153846153845	2700	0.0	3600	0.0	4500	0.0	5400	0.0	6300	0.0	7200	0.0	8100	0.0	9000	0.0	9900	0.0	10800	0.0	11700	0.0	12600	0.0	13500	0.0	14400	0.0	15300	0.0	16200	0.0	17100	0.0	18000	0.0	18900	0.0	19800	0.0	20700	0.0	21600	0.0	22500	0.0	23400	0.0	24300	0.0	25200	0.0	26100	0.0	27000	0.0	27900	0.0	28800	0.0	29700	0.0	30600	0.0	31500	0.0	32400	0.0	33300	0.0	34200	0.0	35100	0.0	36000	0.0
12	0	364.56	900	362.8965517241379	1800	360.0	2700	0.0	3600	0.0	4500	0.0	5400	0.0	6300	0.0	7200	0.0	8100	0.0	9000	0.0	9900	0.0	10800	0.0	11700	0.0	12600	0.0	13500	0.0	14400	0.0	15300	0.0	16200	0.0	17100	0.0	18000	0.0	18900	0.0	19800	0.0	20700	0.0	21600	0.0	22500	0.0	23400	0.0	24300	0.0	25200	0.0	26100	0.0	27000	0.0	27900	0.0	28800	0.0	29700	0.0	30600	0.0	31500	0.0	32400	0.0	33300	0.0	34200	0.0	35100	0.0	36000	0.0
13	0	240.11764705882354	900	240.0	1800	240.0	2700	0.0	3600	0.0	4500	0.0	5400	0.0	6300	0.0	7200	0.0	8100	0.0	9000	0.0	9900	0.0	10800	0.0	11700	0.0	12600	0.0	13500	0.0	14400	0.0	15300	0.0	16200	0.0	17100	0.0	18000	0.0	18900	0.0	19800	0.0	20700	0.0	21600	0.0	22500	0.0	23400	0.0	24300	0.0	25200	0.0	26100	0.0	27000	0.0	27900	0.0	28800	0.0	29700	0.0	30600	0.0	31500	0.0	32400	0.0	33300	0.0	34200	0.0	35100	0.0	36000	0.0
2322	0	242.9	900	242.625	1800	241.2	2700	0.0	3600	0.0	4500	0.0	5400	0.0	6300	0.0	7200	0.0	8100	0.0	9000	0.0	9900	0.0	10800	0.0	11700	0.0	12600	0.0	13500	0.0	14400	0.0	15300	0.0	16200	0.0	17100	0.0	18000	0.0	18900	0.0	19800	0.0	20700	0.0	21600	0.0	22500	0.0	23400	0.0	24300	0.0	25200	0.0	26100	0.0	27000	0.0	27900	0.0	28800	0.0	29700	0.0	30600	0.0	31500	0.0	32400	0.0	33300	0.0	34200	0.0	35100	0.0	36000	0.0
901919	0	7.864077669902913	900	7.823529411764706	1800	6.0	2700	0.0	3600	0.0	4500	0.0	5400	0.0	6300	0.0	7200	0.0	8100	0.0	9000	0.0	9900	0.0	10800	0.0	11700	0.0	12600	0.0	13500	0.0	14400	0.0	15300	0.0	16200	0.0	17100	0.0	18000	0.0	18900	0.0	19800	0.0	20700	0.0	21600	0.0	22500	0.0	23400	0.0	24300	0.0	25200	0.0	26100	0.0	27000	0.0	27900	0.0	28800	0.0	29700	0.0	30600	0.0	31500	0.0	32400	0.0	33300	0.0	34200	0.0	35100	0.0	36000	0.0
1419014	0	6.0	900	6.0	1800	6.0	2700	6.0	3600	0.0	4500	0.0	5400	0.0	6300	0.0	7200	0.0	8100	0.0	9000	0.0	9900	0.0	10800	0.0	11700	0.0	12600	0.0	13500	0.0	14400	0.0	15300	0.0	16200	0.0	17100	0.0	18000	0.0	18900	0.0	19800	0.0	20700	0.0	21600	0.0	22500	0.0	23400	0.0	24300	0.0	25200	0.0	26100	0.0	27000	0.0	27900	0.0	28800	0.0	29700	0.0	30600	0.0	31500	0.0	32400	0.0	33300	0.0	34200	0.0	35100	0.0	36000	0.0
2324	0	123.42857142857143	900	122.83333333333333	1800	121.33333333333333	2700	0.0	3600	0.0	4500	0.0	5400	0.0	6300	0.0	7200	0.0	8100	0.0	9000	0.0	9900	0.0	10800	0.0	11700	0.0	12600	0.0	13500	0.0	14400	0.0	15300	0.0	16200	0.0	17100	0.0	18000	0.0	18900	0.0	19800	0.0	20700	0.0	21600	0.0	22500	0.0	23400	0.0	24300	0.0	25200	0.0	26100	0.0	27000	0.0	27900	0.0	28800	0.0	29700	0.0	30600	0.0	31500	0.0	32400	0.0	33300	0.0	34200	0.0	35100	0.0	36000	0.0
21	0	360.0	900	360.0	1800	360.0	2700	360.0	3600	0.0	4500	0.0	5400	0.0	6300	0.0	7200	0.0	8100	0.0	9000	0.0	9900	0.0	10800	0.0	11700	0.0	12600	0.0	13500	0.0	14400	0.0	15300	0.0	16200	0.0	17100	0.0	18000	0.0	18900	0.0	19800	0.0	20700	0.0	21600	0.0	22500	0.0	23400	0.0	24300	0.0	25200	0.0	26100	0.0	27000	0.0	27900	0.0	28800	0.0	29700	0.0	30600	0.0	31500	0.0	32400	0.0	33300	0.0	34200	0.0	35100	0.0	36000	0.0
902424	0	10.258064516129032	900	10.380952380952381	1800	0.0	2700	0.0	3600	0.0	4500	0.0	5400	0.0	6300	0.0	7200	0.0	8100	0.0	9000	0.0	9900	0.0	10800	0.0	11700	0.0	12600	0.0	13500	0.0	14400	0.0	15300	0.0	16200	0.0	17100	0.0	18000	0.0	18900	0.0	19800	0.0	20700	0.0	21600	0.0	22500	0.0	23400	0.0	24300	0.0	25200	0.0	26100	0.0	27000	0.0	27900	0.0	28800	0.0	29700	0.0	30600	0.0	31500	0.0	32400	0.0	33300	0.0	34200	0.0	35100	0.0	36000	0.0
1816	0	211.93939393939394	900	210.05128205128204	1800	183.47368421052633	2700	0.0	3600	0.0	4500	0.0	5400	0.0	6300	0.0	7200	0.0	8100	0.0	9000	0.0	9900	0.0	10800	0.0	11700	0.0	12600	0.0	13500	0.0	14400	0.0	15300	0.0	16200	0.0	17100	0.0	18000	0.0	18900	0.0	19800	0.0	20700	0.0	21600	0.0	22500	0.0	23400	0.0	24300	0.0	25200	0.0	26100	0.0	27000	0.0	27900	0.0	28800	0.0	29700	0.0	30600	0.0	31500	0.0	32400	0.0	33300	0.0	34200	0.0	35100	0.0	36000	0.0
26	0	395.7391304347826	900	449.06666666666666	1800	305.14285714285717	2700	0.0	3600	0.0	4500	0.0	5400	0.0	6300	0.0	7200	0.0	8100	0.0	9000	0.0	9900	0.0	10800	0.0	11700	0.0	12600	0.0	13500	0.0	14400	0.0	15300	0.0	16200	0.0	17100	0.0	18000	0.0	18900	0.0	19800	0.0	20700	0.0	21600	0.0	22500	0.0	23400	0.0	24300	0.0	25200	0.0	26100	0.0	27000	0.0	27900	0.0	28800	0.0	29700	0.0	30600	0.0	31500	0.0	32400	0.0	33300	0.0	34200	0.0	35100	0.0	36000	0.0
1820	0	240.44117647058823	900	241.79381443298968	1800	240.30769230769232	2700	240.0	3600	0.0	4500	0.0	5400	0.0	6300	0.0	7200	0.0	8100	0.0	9000	0.0	9900	0.0	10800	0.0	11700	0.0	12600	0.0	13500	0.0	14400	0.0	15300	0.0	16200	0.0	17100	0.0	18000	0.0	18900	0.0	19800	0.0	20700	0.0	21600	0.0	22500	0.0	23400	0.0	24300	0.0	25200	0.0	26100	0.0	27000	0.0	27900	0.0	28800	0.0	29700	0.0	30600	0.0	31500	0.0	32400	0.0	33300	0.0	34200	0.0	35100	0.0	36000	0.0
31	0	240.0	900	240.0	1800	240.0	2700	240.0	3600	0.0	4500	0.0	5400	0.0	6300	0.0	7200	0.0	8100	0.0	9000	0.0	9900	0.0	10800	0.0	11700	0.0	12600	0.0	13500	0.0	14400	0.0	15300	0.0	16200	0.0	17100	0.0	18000	0.0	18900	0.0	19800	0.0	20700	0.0	21600	0.0	22500	0.0	23400	0.0	24300	0.0	25200	0.0	26100	0.0	27000	0.0	27900	0.0	28800	0.0	29700	0.0	30600	0.0	31500	0.0	32400	0.0	33300	0.0	34200	0.0	35100	0.0	36000	0.0
319003	0	6.0	900	6.0	1800	6.0	2700	6.0	3600	0.0	4500	0.0	5400	0.0	6300	0.0	7200	0.0	8100	0.0	9000	0.0	9900	0.0	10800	0.0	11700	0.0	12600	0.0	13500	0.0	14400	0.0	15300	0.0	16200	0.0	17100	0.0	18000	0.0	18900	0.0	19800	0.0	20700	0.0	21600	0.0	22500	0.0	23400	0.0	24300	0.0	25200	0.0	26100	0.0	27000	0.0	27900	0.0	28800	0.0	29700	0.0	30600	0.0	31500	0.0	32400	0.0	33300	0.0	34200	0.0	35100	0.0	36000	0.0
1312	0	180.6067415730337	900	180.4	1800	180.375	2700	0.0	3600	0.0	4500	0.0	5400	0.0	6300	0.0	7200	0.0	8100	0.0	9000	0.0	9900	0.0	10800	0.0	11700	0.0	12600	0.0	13500	0.0	14400	0.0	15300	0.0	16200	0.0	17100	0.0	18000	0.0	18900	0.0	19800	0.0	20700	0.0	21600	0.0	22500	0.0	23400	0.0	24300	0.0	25200	0.0	26100	0.0	27000	0.0	27900	0.0	28800	0.0	29700	0.0	30600	0.0	31500	0.0	32400	0.0	33300	0.0	34200	0.0	35100	0.0	36000	0.0
34	0	240.32142857142858	900	240.25	1800	240.27272727272728	2700	0.0	3600	0.0	4500	0.0	5400	0.0	6300	0.0	7200	0.0	8100	0.0	9000	0.0	9900	0.0	10800	0.0	11700	0.0	12600	0.0	13500	0.0	14400	0.0	15300	0.0	16200	0.0	17100	0.0	18000	0.0	18900	0.0	19800	0.0	20700	0.0	21600	0.0	22500	0.0	23400	0.0	24300	0.0	25200	0.0	26100	0.0	27000	0.0	27900	0.0	28800	0.0	29700	0.0	30600	0.0	31500	0.0	32400	0.0	33300	0.0	34200	0.0	35100	0.0	36000	0.0
43	0	240.0	900	240.0	1800	240.0	2700	0.0	3600	0.0	4500	0.0	5400	0.0	6300	0.0	7200	0.0	8100	0.0	9000	0.0	9900	0.0	10800	0.0	11700	0.0	12600	0.0	13500	0.0	14400	0.0	15300	0.0	16200	0.0	17100	0.0	18000	0.0	18900	0.0	19800	0.0	20700	0.0	21600	0.0	22500	0.0	23400	0.0	24300	0.0	25200	0.0	26100	0.0	27000	0.0	27900	0.0	28800	0.0	29700	0.0	30600	0.0	31500	0.0	32400	0.0	33300	0.0	34200	0.0	35100	0.0	36000	0.0
901414	0	16.300884955752213	900	29.896551724137932	1800	0.0	2700	0.0	3600	0.0	4500	0.0	5400	0.0	6300	0.0	7200	0.0	8100	0.0	9000	0.0	9900	0.0	10800	0.0	11700	0.0	12600	0.0	13500	0.0	14400	0.0	15300	0.0	16200	0.0	17100	0.0	18000	0.0	18900	0.0	19800	0.0	20700	0.0	21600	0.0	22500	0.0	23400	0.0	24300	0.0	25200	0.0	26100	0.0	27000	0.0	27900	0.0	28800	0.0	29700	0.0	30600	0.0	31500	0.0	32400	0.0	33300	0.0	34200	0.0	35100	0.0	36000	0.0
1324	0	366.7741935483871	900	578.4	1800	250.23529411764707	2700	0.0	3600	0.0	4500	0.0	5400	0.0	6300	0.0	7200	0.0	8100	0.0	9000	0.0	9900	0.0	10800	0.0	11700	0.0	12600	0.0	13500	0.0	14400	0.0	15300	0.0	16200	0.0	17100	0.0	18000	0.0	18900	0.0	19800	0.0	20700	0.0	21600	0.0	22500	0.0	23400	0.0	24300	0.0	25200	0.0	26100	0.0	27000	0.0	27900	0.0	28800	0.0	29700	0.0	30600	0.0	31500	0.0	32400	0.0	33300	0.0	34200	0.0	35100	0.0	36000	0.0
45	0	121.45945945945945	900	122.88	1800	121.0909090909091	2700	0.0	3600	0.0	4500	0.0	5400	0.0	6300	0.0	7200	0.0	8100	0.0	9000	0.0	9900	0.0	10800	0.0	11700	0.0	12600	0.0	13500	0.0	14400	0.0	15300	0.0	16200	0.0	17100	0.0	18000	0.0	18900	0.0	19800	0.0	20700	0.0	21600	0.0	22500	0.0	23400	0.0	24300	0.0	25200	0.0	26100	0.0	27000	0.0	27900	0.0	28800	0.0	29700	0.0	30600	0.0	31500	0.0	32400	0.0	33300	0.0	34200	0.0	35100	0.0	36000	0.0
2219022	0	6.0	900	6.0	1800	6.0	2700	6.0	3600	0.0	4500	0.0	5400	0.0	6300	0.0	7200	0.0	8100	0.0	9000	0.0	9900	0.0	10800	0.0	11700	0.0	12600	0.0	13500	0.0	14400	0.0	15300	0.0	16200	0.0	17100	0.0	18000	0.0	18900	0.0	19800	0.0	20700	0.0	21600	0.0	22500	0.0	23400	0.0	24300	0.0	25200	0.0	26100	0.0	27000	0.0	27900	0.0	28800	0.0	29700	0.0	30600	0.0	31500	0.0	32400	0.0	33300	0.0	34200	0.0	35100	0.0	36000	0.0
816	0	307.3734939759036	900	311.3142857142857	1800	311.35135135135135	2700	0.0	3600	0.0	4500	0.0	5400	0.0	6300	0.0	7200	0.0	8100	0.0	9000	0.0	9900	0.0	10800	0.0	11700	0.0	12600	0.0	13500	0.0	14400	0.0	15300	0.0	16200	0.0	17100	0.0	18000	0.0	18900	0.0	19800	0.0	20700	0.0	21600	0.0	22500	0.0	23400	0.0	24300	0.0	25200	0.0	26100	0.0	27000	0.0	27900	0.0	28800	0.0	29700	0.0	30600	0.0	31500	0.0	32400	0.0	33300	0.0	34200	0.0	35100	0.0	36000	0.0
1119011	0	6.0	900	6.0	1800	6.0	2700	6.0	3600	0.0	4500	0.0	5400	0.0	6300	0.0	7200	0.0	8100	0.0	9000	0.0	9900	0.0	10800	0.0	11700	0.0	12600	0.0	13500	0.0	14400	0.0	15300	0.0	16200	0.0	17100	0.0	18000	0.0	18900	0.0	19800	0.0	20700	0.0	21600	0.0	22500	0.0	23400	0.0	24300	0.0	25200	0.0	26100	0.0	27000	0.0	27900	0.0	28800	0.0	29700	0.0	30600	0.0	31500	0.0	32400	0.0	33300	0.0	34200	0.0	35100	0.0	36000	0.0
54	0	120.59016393442623	900	120.55813953488372	1800	120.65454545454546	2700	120.0	3600	120.0	4500	0.0	5400	0.0	6300	0.0	7200	0.0	8100	0.0	9000	0.0	9900	0.0	10800	0.0	11700	0.0	12600	0.0	13500	0.0	14400	0.0	15300	0.0	16200	0.0	17100	0.0	18000	0.0	18900	0.0	19800	0.0	20700	0.0	21600	0.0	22500	0.0	23400	0.0	24300	0.0	25200	0.0	26100	0.0	27000	0.0	27900	0.0	28800	0.0	29700	0.0	30600	0.0	31500	0.0	32400	0.0	33300	0.0	34200	0.0	35100	0.0	36000	0.0
1919019	0	6.0	900	6.0	1800	6.0	2700	6.0	3600	0.0	4500	0.0	5400	0.0	6300	0.0	7200	0.0	8100	0.0	9000	0.0	9900	0.0	10800	0.0	11700	0.0	12600	0.0	13500	0.0	14400	0.0	15300	0.0	16200	0.0	17100	0.0	18000	0.0	18900	0.0	19800	0.0	20700	0.0	21600	0.0	22500	0.0	23400	0.0	24300	0.0	25200	0.0	26100	0.0	27000	0.0	27900	0.0	28800	0.0	29700	0.0	30600	0.0	31500	0.0	32400	0.0	33300	0.0	34200	0.0	35100	0.0	36000	0.0
312	0	240.6122448979592	900	241.26315789473685	1800	240.0	2700	0.0	3600	0.0	4500	0.0	5400	0.0	6300	0.0	7200	0.0	8100	0.0	9000	0.0	9900	0.0	10800	0.0	11700	0.0	12600	0.0	13500	0.0	14400	0.0	15300	0.0	16200	0.0	17100	0.0	18000	0.0	18900	0.0	19800	0.0	20700	0.0	21600	0.0	22500	0.0	23400	0.0	24300	0.0	25200	0.0	26100	0.0	27000	0.0	27900	0.0	28800	0.0	29700	0.0	30600	0.0	31500	0.0	32400	0.0	33300	0.0	34200	0.0	35100	0.0	36000	0.0
56	0	268.2857142857143	900	270.41379310344826	1800	248.90322580645162	2700	0.0	3600	0.0	4500	0.0	5400	0.0	6300	0.0	7200	0.0	8100	0.0	9000	0.0	9900	0.0	10800	0.0	11700	0.0	12600	0.0	13500	0.0	14400	0.0	15300	0.0	16200	0.0	17100	0.0	18000	0.0	18900	0.0	19800	0.0	20700	0.0	21600	0.0	22500	0.0	23400	0.0	24300	0.0	25200	0.0	26100	0.0	27000	0.0	27900	0.0	28800	0.0	29700	0.0	30600	0.0	31500	0.0	32400	0.0	33300	0.0	34200	0.0	35100	0.0	36000	0.0
59	0	302.4761904761905	900	302.0833333333333	1800	300.0	2700	0.0	3600	0.0	4500	0.0	5400	0.0	6300	0.0	7200	0.0	8100	0.0	9000	0.0	9900	0.0	10800	0.0	11700	0.0	12600	0.0	13500	0.0	14400	0.0	15300	0.0	16200	0.0	17100	0.0	18000	0.0	18900	0.0	19800	0.0	20700	0.0	21600	0.0	22500	0.0	23400	0.0	24300	0.0	25200	0.0	26100	0.0	27000	0.0	27900	0.0	28800	0.0	29700	0.0	30600	0.0	31500	0.0	32400	0.0	33300	0.0	34200	0.0	35100	0.0	36000	0.0
62	0	301.15384615384613	900	301.95	1800	301.6216216216216	2700	300.0	3600	0.0	4500	300.0	5400	0.0	6300	0.0	7200	0.0	8100	0.0	9000	0.0	9900	0.0	10800	0.0	11700	0.0	12600	0.0	13500	0.0	14400	0.0	15300	0.0	16200	0.0	17100	0.0	18000	0.0	18900	0.0	19800	0.0	20700	0.0	21600	0.0	22500	0.0	23400	0.0	24300	0.0	25200	0.0	26100	0.0	27000	0.0	27900	0.0	28800	0.0	29700	0.0	30600	0.0	31500	0.0	32400	0.0	33300	0.0	34200	0.0	35100	0.0	36000	0.0
65	0	243.06382978723406	900	242.61818181818182	1800	243.2	2700	240.0	3600	240.0	4500	0.0	5400	0.0	6300	0.0	7200	0.0	8100	0.0	9000	0.0	9900	0.0	10800	0.0	11700	0.0	12600	0.0	13500	0.0	14400	0.0	15300	0.0	16200	0.0	17100	0.0	18000	0.0	18900	0.0	19800	0.0	20700	0.0	21600	0.0	22500	0.0	23400	0.0	24300	0.0	25200	0.0	26100	0.0	27000	0.0	27900	0.0	28800	0.0	29700	0.0	30600	0.0	31500	0.0	32400	0.0	33300	0.0	34200	0.0	35100	0.0	36000	0.0
902222	0	8.707692307692307	900	13.16326530612245	1800	0.0	2700	0.0	3600	0.0	4500	0.0	5400	0.0	6300	0.0	7200	0.0	8100	0.0	9000	0.0	9900	0.0	10800	0.0	11700	0.0	12600	0.0	13500	0.0	14400	0.0	15300	0.0	16200	0.0	17100	0.0	18000	0.0	18900	0.0	19800	0.0	20700	0.0	21600	0.0	22500	0.0	23400	0.0	24300	0.0	25200	0.0	26100	0.0	27000	0.0	27900	0.0	28800	0.0	29700	0.0	30600	0.0	31500	0.0	32400	0.0	33300	0.0	34200	0.0	35100	0.0	36000	0.0
68	0	128.925	900	132.26548672566372	1800	127.52727272727273	2700	123.0	3600	0.0	4500	0.0	5400	0.0	6300	0.0	7200	0.0	8100	0.0	9000	0.0	9900	0.0	10800	0.0	11700	0.0	12600	0.0	13500	0.0	14400	0.0	15300	0.0	16200	0.0	17100	0.0	18000	0.0	18900	0.0	19800	0.0	20700	0.0	21600	0.0	22500	0.0	23400	0.0	24300	0.0	25200	0.0	26100	0.0	27000	0.0	27900	0.0	28800	0.0	29700	0.0	30600	0.0	31500	0.0	32400	0.0	33300	0.0	34200	0.0	35100	0.0	36000	0.0
2120	0	362.2105263157895	900	361.6	1800	362.0	2700	0.0	3600	0.0	4500	0.0	5400	0.0	6300	0.0	7200	0.0	8100	0.0	9000	0.0	9900	0.0	10800	0.0	11700	0.0	12600	0.0	13500	0.0	14400	0.0	15300	0.0	16200	0.0	17100	0.0	18000	0.0	18900	0.0	19800	0.0	20700	0.0	21600	0.0	22500	0.0	23400	0.0	24300	0.0	25200	0.0	26100	0.0	27000	0.0	27900	0.0	28800	0.0	29700	0.0	30600	0.0	31500	0.0	32400	0.0	33300	0.0	34200	0.0	35100	0.0	36000	0.0
1610	0	246.47058823529412	900	250.9090909090909	1800	250.9090909090909	2700	248.0	3600	0.0	4500	0.0	5400	0.0	6300	0.0	7200	0.0	8100	0.0	9000	0.0	9900	0.0	10800	0.0	11700	0.0	12600	0.0	13500	0.0	14400	0.0	15300	0.0	16200	0.0	17100	0.0	18000	0.0	18900	0.0	19800	0.0	20700	0.0	21600	0.0	22500	0.0	23400	0.0	24300	0.0	25200	0.0	26100	0.0	27000	0.0	27900	0.0	28800	0.0	29700	0.0	30600	0.0	31500	0.0	32400	0.0	33300	0.0	34200	0.0	35100	0.0	36000	0.0
2122	0	133.62962962962962	900	144.06451612903226	1800	123.76744186046511	2700	120.0	3600	0.0	4500	0.0	5400	0.0	6300	0.0	7200	0.0	8100	0.0	9000	0.0	9900	0.0	10800	0.0	11700	0.0	12600	0.0	13500	0.0	14400	0.0	15300	0.0	16200	0.0	17100	0.0	18000	0.0	18900	0.0	19800	0.0	20700	0.0	21600	0.0	22500	0.0	23400	0.0	24300	0.0	25200	0.0	26100	0.0	27000	0.0	27900	0.0	28800	0.0	29700	0.0	30600	0.0	31500	0.0	32400	0.0	33300	0.0	34200	0.0	35100	0.0	36000	0.0
2124	0	188.4	900	197.38636363636363	1800	184.8	2700	184.0	3600	0.0	4500	0.0	5400	0.0	6300	0.0	7200	0.0	8100	0.0	9000	0.0	9900	0.0	10800	0.0	11700	0.0	12600	0.0	13500	0.0	14400	0.0	15300	0.0	16200	0.0	17100	0.0	18000	0.0	18900	0.0	19800	0.0	20700	0.0	21600	0.0	22500	0.0	23400	0.0	24300	0.0	25200	0.0	26100	0.0	27000	0.0	27900	0.0	28800	0.0	29700	0.0	30600	0.0	31500	0.0	32400	0.0	33300	0.0	34200	0.0	35100	0.0	36000	0.0
819008	0	6.0	900	6.0	1800	6.0	2700	6.0	3600	6.0	4500	6.0	5400	0.0	6300	0.0	7200	0.0	8100	0.0	9000	0.0	9900	0.0	10800	0.0	11700	0.0	12600	0.0	13500	0.0	14400	0.0	15300	0.0	16200	0.0	17100	0.0	18000	0.0	18900	0.0	19800	0.0	20700	0.0	21600	0.0	22500	0.0	23400	0.0	24300	0.0	25200	0.0	26100	0.0	27000	0.0	27900	0.0	28800	0.0	29700	0.0	30600	0.0	31500	0.0	32400	0.0	33300	0.0	34200	0.0	35100	0.0	36000	0.0
2119021	0	6.0	900	6.0	1800	6.0	2700	6.0	3600	0.0	4500	0.0	5400	0.0	6300	0.0	7200	0.0	8100	0.0	9000	0.0	9900	0.0	10800	0.0	11700	0.0	12600	0.0	13500	0.0	14400	0.0	15300	0.0	16200	0.0	17100	0.0	18000	0.0	18900	0.0	19800	0.0	20700	0.0	21600	0.0	22500	0.0	23400	0.0	24300	0.0	25200	0.0	26100	0.0	27000	0.0	27900	0.0	28800	0.0	29700	0.0	30600	0.0	31500	0.0	32400	0.0	33300	0.0	34200	0.0	35100	0.0	36000	0.0
78	0	205.6271186440678	900	258.4235294117647	1800	182.54545454545453	2700	0.0	3600	0.0	4500	0.0	5400	0.0	6300	0.0	7200	0.0	8100	0.0	9000	0.0	9900	0.0	10800	0.0	11700	0.0	12600	0.0	13500	0.0	14400	0.0	15300	0.0	16200	0.0	17100	0.0	18000	0.0	18900	0.0	19800	0.0	20700	0.0	21600	0.0	22500	0.0	23400	0.0	24300	0.0	25200	0.0	26100	0.0	27000	0.0	27900	0.0	28800	0.0	29700	0.0	30600	0.0	31500	0.0	32400	0.0	33300	0.0	34200	0.0	35100	0.0	36000	0.0
1619016	0	6.0	900	6.0	1800	6.0	2700	6.0	3600	6.0	4500	6.0	5400	0.0	6300	0.0	7200	0.0	8100	0.0	9000	0.0	9900	0.0	10800	0.0	11700	0.0	12600	0.0	13500	0.0	14400	0.0	15300	0.0	16200	0.0	17100	0.0	18000	0.0	18900	0.0	19800	0.0	20700	0.0	21600	0.0	22500	0.0	23400	0.0	24300	0.0	25200	0.0	26100	0.0	27000	0.0	27900	0.0	28800	0.0	29700	0.0	30600	0.0	31500	0.0	32400	0.0	33300	0.0	34200	0.0	35100	0.0	36000	0.0
1617	0	143.57575757575756	900	201.57251908396947	1800	307.9646017699115	2700	162.64285714285714	3600	0.0	4500	0.0	5400	0.0	6300	0.0	7200	0.0	8100	0.0	9000	0.0	9900	0.0	10800	0.0	11700	0.0	12600	0.0	13500	0.0	14400	0.0	15300	0.0	16200	0.0	17100	0.0	18000	0.0	18900	0.0	19800	0.0	20700	0.0	21600	0.0	22500	0.0	23400	0.0	24300	0.0	25200	0.0	26100	0.0	27000	0.0	27900	0.0	28800	0.0	29700	0.0	30600	0.0	31500	0.0	32400	0.0	33300	0.0	34200	0.0	35100	0.0	36000	0.0
901212	0	9.853211009174313	900	7.5675675675675675	1800	0.0	2700	0.0	3600	0.0	4500	0.0	5400	0.0	6300	0.0	7200	0.0	8100	0.0	9000	0.0	9900	0.0	10800	0.0	11700	0.0	12600	0.0	13500	0.0	14400	0.0	15300	0.0	16200	0.0	17100	0.0	18000	0.0	18900	0.0	19800	0.0	20700	0.0	21600	0.0	22500	0.0	23400	0.0	24300	0.0	25200	0.0	26100	0.0	27000	0.0	27900	0.0	28800	0.0	29700	0.0	30600	0.0	31500	0.0	32400	0.0	33300	0.0	34200	0.0	35100	0.0	36000	0.0
1618	0	180.0	900	180.0	1800	180.0	2700	180.0	3600	180.0	4500	0.0	5400	0.0	6300	0.0	7200	0.0	8100	0.0	9000	0.0	9900	0.0	10800	0.0	11700	0.0	12600	0.0	13500	0.0	14400	0.0	15300	0.0	16200	0.0	17100	0.0	18000	0.0	18900	0.0	19800	0.0	20700	0.0	21600	0.0	22500	0.0	23400	0.0	24300	0.0	25200	0.0	26100	0.0	27000	0.0	27900	0.0	28800	0.0	29700	0.0	30600	0.0	31500	0.0	32400	0.0	33300	0.0	34200	0.0	35100	0.0	36000	0.0
86	0	135.26582278481013	900	222.66101694915255	1800	221.1	2700	121.5	3600	123.0	4500	0.0	5400	0.0	6300	0.0	7200	0.0	8100	0.0	9000	0.0	9900	0.0	10800	0.0	11700	0.0	12600	0.0	13500	0.0	14400	0.0	15300	0.0	16200	0.0	17100	0.0	18000	0.0	18900	0.0	19800	0.0	20700	0.0	21600	0.0	22500	0.0	23400	0.0	24300	0.0	25200	0.0	26100	0.0	27000	0.0	27900	0.0	28800	0.0	29700	0.0	30600	0.0	31500	0.0	32400	0.0	33300	0.0	34200	0.0	35100	0.0	36000	0.0
1110	0	302.109375	900	301.94117647058823	1800	300.96	2700	0.0	3600	0.0	4500	0.0	5400	0.0	6300	0.0	7200	0.0	8100	0.0	9000	0.0	9900	0.0	10800	0.0	11700	0.0	12600	0.0	13500	0.0	14400	0.0	15300	0.0	16200	0.0	17100	0.0	18000	0.0	18900	0.0	19800	0.0	20700	0.0	21600	0.0	22500	0.0	23400	0.0	24300	0.0	25200	0.0	26100	0.0	27000	0.0	27900	0.0	28800	0.0	29700	0.0	30600	0.0	31500	0.0	32400	0.0	33300	0.0	34200	0.0	35100	0.0	36000	0.0
87	0	180.28125	900	180.24	1800	180.0	2700	0.0	3600	0.0	4500	0.0	5400	0.0	6300	0.0	7200	0.0	8100	0.0	9000	0.0	9900	0.0	10800	0.0	11700	0.0	12600	0.0	13500	0.0	14400	0.0	15300	0.0	16200	0.0	17100	0.0	18000	0.0	18900	0.0	19800	0.0	20700	0.0	21600	0.0	22500	0.0	23400	0.0	24300	0.0	25200	0.0	26100	0.0	27000	0.0	27900	0.0	28800	0.0	29700	0.0	30600	0.0	31500	0.0	32400	0.0	33300	0.0	34200	0.0	35100	0.0	36000	0.0
1112	0	363.7142857142857	900	363.86301369863014	1800	361.4117647058824	2700	362.0	3600	0.0	4500	0.0	5400	0.0	6300	0.0	7200	0.0	8100	0.0	9000	0.0	9900	0.0	10800	0.0	11700	0.0	12600	0.0	13500	0.0	14400	0.0	15300	0.0	16200	0.0	17100	0.0	18000	0.0	18900	0.0	19800	0.0	20700	0.0	21600	0.0	22500	0.0	23400	0.0	24300	0.0	25200	0.0	26100	0.0	27000	0.0	27900	0.0	28800	0.0	29700	0.0	30600	0.0	31500	0.0	32400	0.0	33300	0.0	34200	0.0	35100	0.0	36000	0.0
901717	0	68.60732984293193	900	244.0212765957447	1800	0.0	2700	0.0	3600	0.0	4500	0.0	5400	0.0	6300	0.0	7200	0.0	8100	0.0	9000	0.0	9900	0.0	10800	0.0	11700	0.0	12600	0.0	13500	0.0	14400	0.0	15300	0.0	16200	0.0	17100	0.0	18000	0.0	18900	0.0	19800	0.0	20700	0.0	21600	0.0	22500	0.0	23400	0.0	24300	0.0	25200	0.0	26100	0.0	27000	0.0	27900	0.0	28800	0.0	29700	0.0	30600	0.0	31500	0.0	32400	0.0	33300	0.0	34200	0.0	35100	0.0	36000	0.0
89	0	602.0	900	600.0	1800	0.0	2700	0.0	3600	0.0	4500	0.0	5400	0.0	6300	0.0	7200	0.0	8100	0.0	9000	0.0	9900	0.0	10800	0.0	11700	0.0	12600	0.0	13500	0.0	14400	0.0	15300	0.0	16200	0.0	17100	0.0	18000	0.0	18900	0.0	19800	0.0	20700	0.0	21600	0.0	22500	0.0	23400	0.0	24300	0.0	25200	0.0	26100	0.0	27000	0.0	27900	0.0	28800	0.0	29700	0.0	30600	0.0	31500	0.0	32400	0.0	33300	0.0	34200	0.0	35100	0.0	36000	0.0
1114	0	247.57142857142858	900	261.57798165137615	1800	246.85714285714286	2700	0.0	3600	0.0	4500	0.0	5400	0.0	6300	0.0	7200	0.0	8100	0.0	9000	0.0	9900	0.0	10800	0.0	11700	0.0	12600	0.0	13500	0.0	14400	0.0	15300	0.0	16200	0.0	17100	0.0	18000	0.0	18900	0.0	19800	0.0	20700	0.0	21600	0.0	22500	0.0	23400	0.0	24300	0.0	25200	0.0	26100	0.0	27000	0.0	27900	0.0	28800	0.0	29700	0.0	30600	0.0	31500	0.0	32400	0.0	33300	0.0	34200	0.0	35100	0.0	36000	0.0
519005	0	6.0	900	6.0	1800	6.0	2700	0.0	3600	0.0	4500	0.0	5400	0.0	6300	0.0	7200	0.0	8100	0.0	9000	0.0	9900	0.0	10800	0.0	11700	0.0	12600	0.0	13500	0.0	14400	0.0	15300	0.0	16200	0.0	17100	0.0	18000	0.0	18900	0.0	19800	0.0	20700	0.0	21600	0.0	22500	0.0	23400	0.0	24300	0.0	25200	0.0	26100	0.0	27000	0.0	27900	0.0	28800	0.0	29700	0.0	30600	0.0	31500	0.0	32400	0.0	33300	0.0	34200	0.0	35100	0.0	36000	0.0
95	0	300.8135593220339	900	303.86301369863014	1800	301.09090909090907	2700	0.0	3600	0.0	4500	0.0	5400	0.0	6300	0.0	7200	0.0	8100	0.0	9000	0.0	9900	0.0	10800	0.0	11700	0.0	12600	0.0	13500	0.0	14400	0.0	15300	0.0	16200	0.0	17100	0.0	18000	0.0	18900	0.0	19800	0.0	20700	0.0	21600	0.0	22500	0.0	23400	0.0	24300	0.0	25200	0.0	26100	0.0	27000	0.0	27900	0.0	28800	0.0	29700	0.0	30600	0.0	31500	0.0	32400	0.0	33300	0.0	34200	0.0	35100	0.0	36000	0.0
98	0	600.0	900	601.5	1800	0.0	2700	0.0	3600	0.0	4500	0.0	5400	0.0	6300	0.0	7200	0.0	8100	0.0	9000	0.0	9900	0.0	10800	0.0	11700	0.0	12600	0.0	13500	0.0	14400	0.0	15300	0.0	16200	0.0	17100	0.0	18000	0.0	18900	0.0	19800	0.0	20700	0.0	21600	0.0	22500	0.0	23400	0.0	24300	0.0	25200	0.0	26100	0.0	27000	0.0	27900	0.0	28800	0.0	29700	0.0	30600	0.0	31500	0.0	32400	0.0	33300	0.0	34200	0.0	35100	0.0	36000	0.0
109	0	180.4817518248175	900	180.16107382550337	1800	180.0	2700	180.0	3600	0.0	4500	0.0	5400	0.0	6300	0.0	7200	0.0	8100	0.0	9000	0.0	9900	0.0	10800	0.0	11700	0.0	12600	0.0	13500	0.0	14400	0.0	15300	0.0	16200	0.0	17100	0.0	18000	0.0	18900	0.0	19800	0.0	20700	0.0	21600	0.0	22500	0.0	23400	0.0	24300	0.0	25200	0.0	26100	0.0	27000	0.0	27900	0.0	28800	0.0	29700	0.0	30600	0.0	31500	0.0	32400	0.0	33300	0.0	34200	0.0	35100	0.0	36000	0.0
2413	0	241.22727272727272	900	242.8421052631579	1800	240.46153846153845	2700	240.0	3600	0.0	4500	0.0	5400	0.0	6300	0.0	7200	0.0	8100	0.0	9000	0.0	9900	0.0	10800	0.0	11700	0.0	12600	0.0	13500	0.0	14400	0.0	15300	0.0	16200	0.0	17100	0.0	18000	0.0	18900	0.0	19800	0.0	20700	0.0	21600	0.0	22500	0.0	23400	0.0	24300	0.0	25200	0.0	26100	0.0	27000	0.0	27900	0.0	28800	0.0	29700	0.0	30600	0.0	31500	0.0	32400	0.0	33300	0.0	34200	0.0	35100	0.0	36000	0.0
1319013	0	6.0	900	6.0	1800	6.0	2700	6.0	3600	6.0	4500	0.0	5400	0.0	6300	0.0	7200	0.0	8100	0.0	9000	0.0	9900	0.0	10800	0.0	11700	0.0	12600	0.0	13500	0.0	14400	0.0	15300	0.0	16200	0.0	17100	0.0	18000	0.0	18900	0.0	19800	0.0	20700	0.0	21600	0.0	22500	0.0	23400	0.0	24300	0.0	25200	0.0	26100	0.0	27000	0.0	27900	0.0	28800	0.0	29700	0.0	30600	0.0	31500	0.0	32400	0.0	33300	0.0	34200	0.0	35100	0.0	36000	0.0
114	0	362.90909090909093	900	363.75	1800	361.2	2700	0.0	3600	0.0	4500	0.0	5400	0.0	6300	0.0	7200	0.0	8100	0.0	9000	0.0	9900	0.0	10800	0.0	11700	0.0	12600	0.0	13500	0.0	14400	0.0	15300	0.0	16200	0.0	17100	0.0	18000	0.0	18900	0.0	19800	0.0	20700	0.0	21600	0.0	22500	0.0	23400	0.0	24300	0.0	25200	0.0	26100	0.0	27000	0.0	27900	0.0	28800	0.0	29700	0.0	30600	0.0	31500	0.0	32400	0.0	33300	0.0	34200	0.0	35100	0.0	36000	0.0
2419024	0	6.0	900	6.0	1800	6.0	2700	6.0	3600	0.0	4500	0.0	5400	0.0	6300	0.0	7200	0.0	8100	0.0	9000	0.0	9900	0.0	10800	0.0	11700	0.0	12600	0.0	13500	0.0	14400	0.0	15300	0.0	16200	0.0	17100	0.0	18000	0.0	18900	0.0	19800	0.0	20700	0.0	21600	0.0	22500	0.0	23400	0.0	24300	0.0	25200	0.0	26100	0.0	27000	0.0	27900	0.0	28800	0.0	29700	0.0	30600	0.0	31500	0.0	32400	0.0	33300	0.0	34200	0.0	35100	0.0	36000	0.0
2421	0	195.7058823529412	900	345.7826086956522	1800	238.83333333333334	2700	0.0	3600	0.0	4500	0.0	5400	0.0	6300	0.0	7200	0.0	8100	0.0	9000	0.0	9900	0.0	10800	0.0	11700	0.0	12600	0.0	13500	0.0	14400	0.0	15300	0.0	16200	0.0	17100	0.0	18000	0.0	18900	0.0	19800	0.0	20700	0.0	21600	0.0	22500	0.0	23400	0.0	24300	0.0	25200	0.0	26100	0.0	27000	0.0	27900	0.0	28800	0.0	29700	0.0	30600	0.0	31500	0.0	32400	0.0	33300	0.0	34200	0.0	35100	0.0	36000	0.0
2423	0	121.42857142857143	900	121.6923076923077	1800	122.11764705882354	2700	0.0	3600	0.0	4500	0.0	5400	0.0	6300	0.0	7200	0.0	8100	0.0	9000	0.0	9900	0.0	10800	0.0	11700	0.0	12600	0.0	13500	0.0	14400	0.0	15300	0.0	16200	0.0	17100	0.0	18000	0.0	18900	0.0	19800	0.0	20700	0.0	21600	0.0	22500	0.0	23400	0.0	24300	0.0	25200	0.0	26100	0.0	27000	0.0	27900	0.0	28800	0.0	29700	0.0	30600	0.0	31500	0.0	32400	0.0	33300	0.0	34200	0.0	35100	0.0	36000	0.0
219002	0	6.0	900	6.0	1800	6.0	2700	6.0	3600	0.0	4500	6.0	5400	0.0	6300	0.0	7200	0.0	8100	0.0	9000	0.0	9900	0.0	10800	0.0	11700	0.0	12600	0.0	13500	0.0	14400	0.0	15300	0.0	16200	0.0	17100	0.0	18000	0.0	18900	0.0	19800	0.0	20700	0.0	21600	0.0	22500	0.0	23400	0.0	24300	0.0	25200	0.0	26100	0.0	27000	0.0	27900	0.0	28800	0.0	29700	0.0	30600	0.0	31500	0.0	32400	0.0	33300	0.0	34200	0.0	35100	0.0	36000	0.0
123	0	240.12244897959184	900	240.0	1800	240.0	2700	0.0	3600	0.0	4500	0.0	5400	0.0	6300	0.0	7200	0.0	8100	0.0	9000	0.0	9900	0.0	10800	0.0	11700	0.0	12600	0.0	13500	0.0	14400	0.0	15300	0.0	16200	0.0	17100	0.0	18000	0.0	18900	0.0	19800	0.0	20700	0.0	21600	0.0	22500	0.0	23400	0.0	24300	0.0	25200	0.0	26100	0.0	27000	0.0	27900	0.0	28800	0.0	29700	0.0	30600	0.0	31500	0.0	32400	0.0	33300	0.0	34200	0.0	35100	0.0	36000	0.0
1915	0	200.45217391304348	900	189.26865671641792	1800	180.54545454545453	2700	180.0	3600	0.0	4500	0.0	5400	0.0	6300	0.0	7200	0.0	8100	0.0	9000	0.0	9900	0.0	10800	0.0	11700	0.0	12600	0.0	13500	0.0	14400	0.0	15300	0.0	16200	0.0	17100	0.0	18000	0.0	18900	0.0	19800	0.0	20700	0.0	21600	0.0	22500	0.0	23400	0.0	24300	0.0	25200	0.0	26100	0.0	27000	0.0	27900	0.0	28800	0.0	29700	0.0	30600	0.0	31500	0.0	32400	0.0	33300	0.0	34200	0.0	35100	0.0	36000	0.0
1917	0	1113.84	900	1370.3	1800	1439.35	2700	1487.8333333333333	3600	0.0	4500	0.0	5400	0.0	6300	0.0	7200	0.0	8100	0.0	9000	0.0	9900	0.0	10800	0.0	11700	0.0	12600	0.0	13500	0.0	14400	0.0	15300	0.0	16200	0.0	17100	0.0	18000	0.0	18900	0.0	19800	0.0	20700	0.0	21600	0.0	22500	0.0	23400	0.0	24300	0.0	25200	0.0	26100	0.0	27000	0.0	27900	0.0	28800	0.0	29700	0.0	30600	0.0	31500	0.0	32400	0.0	33300	0.0	34200	0.0	35100	0.0	36000	0.0
1920	0	241.04347826086956	900	241.56521739130434	1800	241.15384615384616	2700	242.66666666666666	3600	0.0	4500	0.0	5400	0.0	6300	0.0	7200	0.0	8100	0.0	9000	0.0	9900	0.0	10800	0.0	11700	0.0	12600	0.0	13500	0.0	14400	0.0	15300	0.0	16200	0.0	17100	0.0	18000	0.0	18900	0.0	19800	0.0	20700	0.0	21600	0.0	22500	0.0	23400	0.0	24300	0.0	25200	0.0	26100	0.0	27000	0.0	27900	0.0	28800	0.0	29700	0.0	30600	0.0	31500	0.0	32400	0.0	33300	0.0	34200	0.0	35100	0.0	36000	0.0
1411	0	255.29032258064515	900	321.44347826086954	1800	283.77777777777777	2700	0.0	3600	0.0	4500	0.0	5400	0.0	6300	0.0	7200	0.0	8100	0.0	9000	0.0	9900	0.0	10800	0.0	11700	0.0	12600	0.0	13500	0.0	14400	0.0	15300	0.0	16200	0.0	17100	0.0	18000	0.0	18900	0.0	19800	0.0	20700	0.0	21600	0.0	22500	0.0	23400	0.0	24300	0.0	25200	0.0	26100	0.0	27000	0.0	27900	0.0	28800	0.0	29700	0.0	30600	0.0	31500	0.0	32400	0.0	33300	0.0	34200	0.0	35100	0.0	36000	0.0
901515	0	6.42603550295858	900	6.568047337278107	1800	6.0	2700	0.0	3600	0.0	4500	0.0	5400	0.0	6300	0.0	7200	0.0	8100	0.0	9000	0.0	9900	0.0	10800	0.0	11700	0.0	12600	0.0	13500	0.0	14400	0.0	15300	0.0	16200	0.0	17100	0.0	18000	0.0	18900	0.0	19800	0.0	20700	0.0	21600	0.0	22500	0.0	23400	0.0	24300	0.0	25200	0.0	26100	0.0	27000	0.0	27900	0.0	28800	0.0	29700	0.0	30600	0.0	31500	0.0	32400	0.0	33300	0.0	34200	0.0	35100	0.0	36000	0.0
1415	0	301.5	900	308.11764705882354	1800	300.57142857142856	2700	0.0	3600	0.0	4500	0.0	5400	0.0	6300	0.0	7200	0.0	8100	0.0	9000	0.0	9900	0.0	10800	0.0	11700	0.0	12600	0.0	13500	0.0	14400	0.0	15300	0.0	16200	0.0	17100	0.0	18000	0.0	18900	0.0	19800	0.0	20700	0.0	21600	0.0	22500	0.0	23400	0.0	24300	0.0	25200	0.0	26100	0.0	27000	0.0	27900	0.0	28800	0.0	29700	0.0	30600	0.0	31500	0.0	32400	0.0	33300	0.0	34200	0.0	35100	0.0	36000	0.0
902020	0	7.1020408163265305	900	6.644295302013423	1800	0.0	2700	0.0	3600	0.0	4500	0.0	5400	0.0	6300	0.0	7200	0.0	8100	0.0	9000	0.0	9900	0.0	10800	0.0	11700	0.0	12600	0.0	13500	0.0	14400	0.0	15300	0.0	16200	0.0	17100	0.0	18000	0.0	18900	0.0	19800	0.0	20700	0.0	21600	0.0	22500	0.0	23400	0.0	24300	0.0	25200	0.0	26100	0.0	27000	0.0	27900	0.0	28800	0.0	29700	0.0	30600	0.0	31500	0.0	32400	0.0	33300	0.0	34200	0.0	35100	0.0	36000	0.0
2319023	0	6.0	900	6.0	1800	6.0	2700	6.0	3600	0.0	4500	0.0	5400	0.0	6300	0.0	7200	0.0	8100	0.0	9000	0.0	9900	0.0	10800	0.0	11700	0.0	12600	0.0	13500	0.0	14400	0.0	15300	0.0	16200	0.0	17100	0.0	18000	0.0	18900	0.0	19800	0.0	20700	0.0	21600	0.0	22500	0.0	23400	0.0	24300	0.0	25200	0.0	26100	0.0	27000	0.0	27900	0.0	28800	0.0	29700	0.0	30600	0.0	31500	0.0	32400	0.0	33300	0.0	34200	0.0	35100	0.0	36000	0.0
1019010	0	6.0	900	6.0	1800	6.0	2700	6.0	3600	0.0	4500	0.0	5400	0.0	6300	0.0	7200	0.0	8100	0.0	9000	0.0	9900	0.0	10800	0.0	11700	0.0	12600	0.0	13500	0.0	14400	0.0	15300	0.0	16200	0.0	17100	0.0	18000	0.0	18900	0.0	19800	0.0	20700	0.0	21600	0.0	22500	0.0	23400	0.0	24300	0.0	25200	0.0	26100	0.0	27000	0.0	27900	0.0	28800	0.0	29700	0.0	30600	0.0	31500	0.0	32400	0.0	33300	0.0	34200	0.0	35100	0.0	36000	0.0
910	0	184.44604316546761	900	189.6727272727273	1800	180.0	2700	0.0	3600	0.0	4500	0.0	5400	0.0	6300	0.0	7200	0.0	8100	0.0	9000	0.0	9900	0.0	10800	0.0	11700	0.0	12600	0.0	13500	0.0	14400	0.0	15300	0.0	16200	0.0	17100	0.0	18000	0.0	18900	0.0	19800	0.0	20700	0.0	21600	0.0	22500	0.0	23400	0.0	24300	0.0	25200	0.0	26100	0.0	27000	0.0	27900	0.0	28800	0.0	29700	0.0	30600	0.0	31500	0.0	32400	0.0	33300	0.0	34200	0.0	35100	0.0	36000	0.0
1423	0	243.83333333333334	900	246.625	1800	240.0	2700	0.0	3600	0.0	4500	0.0	5400	0.0	6300	0.0	7200	0.0	8100	0.0	9000	0.0	9900	0.0	10800	0.0	11700	0.0	12600	0.0	13500	0.0	14400	0.0	15300	0.0	16200	0.0	17100	0.0	18000	0.0	18900	0.0	19800	0.0	20700	0.0	21600	0.0	22500	0.0	23400	0.0	24300	0.0	25200	0.0	26100	0.0	27000	0.0	27900	0.0	28800	0.0	29700	0.0	30600	0.0	31500	0.0	32400	0.0	33300	0.0	34200	0.0	35100	0.0	36000	0.0
1819018	0	6.0	900	6.0	1800	6.0	2700	6.0	3600	6.0	4500	0.0	5400	0.0	6300	0.0	7200	0.0	8100	0.0	9000	0.0	9900	0.0	10800	0.0	11700	0.0	12600	0.0	13500	0.0	14400	0.0	15300	0.0	16200	0.0	17100	0.0	18000	0.0	18900	0.0	19800	0.0	20700	0.0	21600	0.0	22500	0.0	23400	0.0	24300	0.0	25200	0.0	26100	0.0	27000	0.0	27900	0.0	28800	0.0	29700	0.0	30600	0.0	31500	0.0	32400	0.0	33300	0.0	34200	0.0	35100	0.0	36000	0.0
719007	0	6.0	900	6.0	1800	6.0	2700	6.0	3600	6.0	4500	6.0	5400	0.0	6300	0.0	7200	0.0	8100	0.0	9000	0.0	9900	0.0	10800	0.0	11700	0.0	12600	0.0	13500	0.0	14400	0.0	15300	0.0	16200	0.0	17100	0.0	18000	0.0	18900	0.0	19800	0.0	20700	0.0	21600	0.0	22500	0.0	23400	0.0	24300	0.0	25200	0.0	26100	0.0	27000	0.0	27900	0.0	28800	0.0	29700	0.0	30600	0.0	31500	0.0	32400	0.0	33300	0.0	34200	0.0	35100	0.0	36000	0.0
90011	0	6.0	900	6.0	1800	6.0	2700	0.0	3600	0.0	4500	0.0	5400	0.0	6300	0.0	7200	0.0	8100	0.0	9000	0.0	9900	0.0	10800	0.0	11700	0.0	12600	0.0	13500	0.0	14400	0.0	15300	0.0	16200	0.0	17100	0.0	18000	0.0	18900	0.0	19800	0.0	20700	0.0	21600	0.0	22500	0.0	23400	0.0	24300	0.0	25200	0.0	26100	0.0	27000	0.0	27900	0.0	28800	0.0	29700	0.0	30600	0.0	31500	0.0	32400	0.0	33300	0.0	34200	0.0	35100	0.0	36000	0.0
411	0	440.7	900	467.29411764705884	1800	364.15384615384613	2700	0.0	3600	0.0	4500	0.0	5400	0.0	6300	0.0	7200	0.0	8100	0.0	9000	0.0	9900	0.0	10800	0.0	11700	0.0	12600	0.0	13500	0.0	14400	0.0	15300	0.0	16200	0.0	17100	0.0	18000	0.0	18900	0.0	19800	0.0	20700	0.0	21600	0.0	22500	0.0	23400	0.0	24300	0.0	25200	0.0	26100	0.0	27000	0.0	27900	0.0	28800	0.0	29700	0.0	30600	0.0	31500	0.0	32400	0.0	33300	0.0	34200	0.0	35100	0.0	36000	0.0
901010	0	42.35294117647059	900	168.04972375690608	1800	6.0	2700	0.0	3600	0.0	4500	0.0	5400	0.0	6300	0.0	7200	0.0	8100	0.0	9000	0.0	9900	0.0	10800	0.0	11700	0.0	12600	0.0	13500	0.0	14400	0.0	15300	0.0	16200	0.0	17100	0.0	18000	0.0	18900	0.0	19800	0.0	20700	0.0	21600	0.0	22500	0.0	23400	0.0	24300	0.0	25200	0.0	26100	0.0	27000	0.0	27900	0.0	28800	0.0	29700	0.0	30600	0.0	31500	0.0	32400	0.0	33300	0.0	34200	0.0	35100	0.0	36000	0.0
2215	0	182.25503355704697	900	183.91304347826087	1800	180.4090909090909	2700	0.0	3600	0.0	4500	0.0	5400	0.0	6300	0.0	7200	0.0	8100	0.0	9000	0.0	9900	0.0	10800	0.0	11700	0.0	12600	0.0	13500	0.0	14400	0.0	15300	0.0	16200	0.0	17100	0.0	18000	0.0	18900	0.0	19800	0.0	20700	0.0	21600	0.0	22500	0.0	23400	0.0	24300	0.0	25200	0.0	26100	0.0	27000	0.0	27900	0.0	28800	0.0	29700	0.0	30600	0.0	31500	0.0	32400	0.0	33300	0.0	34200	0.0	35100	0.0	36000	0.0
90022	0	7.090909090909091	900	7.636363636363637	1800	0.0	2700	0.0	3600	0.0	4500	0.0	5400	0.0	6300	0.0	7200	0.0	8100	0.0	9000	0.0	9900	0.0	10800	0.0	11700	0.0	12600	0.0	13500	0.0	14400	0.0	15300	0.0	16200	0.0	17100	0.0	18000	0.0	18900	0.0	19800	0.0	20700	0.0	21600	0.0	22500	0.0	23400	0.0	24300	0.0	25200	0.0	26100	0.0	27000	0.0	27900	0.0	28800	0.0	29700	0.0	30600	0.0	31500	0.0	32400	0.0	33300	0.0	34200	0.0	35100	0.0	36000	0.0
168	0	307.30434782608694	900	308.2325581395349	1800	302.8888888888889	2700	302.3333333333333	3600	301.3333333333333	4500	0.0	5400	0.0	6300	0.0	7200	0.0	8100	0.0	9000	0.0	9900	0.0	10800	0.0	11700	0.0	12600	0.0	13500	0.0	14400	0.0	15300	0.0	16200	0.0	17100	0.0	18000	0.0	18900	0.0	19800	0.0	20700	0.0	21600	0.0	22500	0.0	23400	0.0	24300	0.0	25200	0.0	26100	0.0	27000	0.0	27900	0.0	28800	0.0	29700	0.0	30600	0.0	31500	0.0	32400	0.0	33300	0.0	34200	0.0	35100	0.0	36000	0.0
2220	0	302.17021276595744	900	301.88235294117646	1800	300.6666666666667	2700	0.0	3600	0.0	4500	0.0	5400	0.0	6300	0.0	7200	0.0	8100	0.0	9000	0.0	9900	0.0	10800	0.0	11700	0.0	12600	0.0	13500	0.0	14400	0.0	15300	0.0	16200	0.0	17100	0.0	18000	0.0	18900	0.0	19800	0.0	20700	0.0	21600	0.0	22500	0.0	23400	0.0	24300	0.0	25200	0.0	26100	0.0	27000	0.0	27900	0.0	28800	0.0	29700	0.0	30600	0.0	31500	0.0	32400	0.0	33300	0.0	34200	0.0	35100	0.0	36000	0.0
2221	0	128.58461538461538	900	232.24528301886792	1800	203.69230769230768	2700	121.2	3600	0.0	4500	0.0	5400	0.0	6300	0.0	7200	0.0	8100	0.0	9000	0.0	9900	0.0	10800	0.0	11700	0.0	12600	0.0	13500	0.0	14400	0.0	15300	0.0	16200	0.0	17100	0.0	18000	0.0	18900	0.0	19800	0.0	20700	0.0	21600	0.0	22500	0.0	23400	0.0	24300	0.0	25200	0.0	26100	0.0	27000	0.0	27900	0.0	28800	0.0	29700	0.0	30600	0.0	31500	0.0	32400	0.0	33300	0.0	34200	0.0	35100	0.0	36000	0.0
1710	0	0.0	900	0.0	1800	0.0	2700	0.0	3600	0.0	4500	0.0	5400	0.0	6300	0.0	7200	0.0	8100	0.0	9000	0.0	9900	0.0	10800	0.0	11700	0.0	12600	0.0	13500	0.0	14400	0.0	15300	0.0	16200	0.0	17100	0.0	18000	0.0	18900	0.0	19800	0.0	20700	0.0	21600	0.0	22500	0.0	23400	0.0	24300	0.0	25200	0.0	26100	0.0	27000	0.0	27900	0.0	28800	0.0	29700	0.0	30600	0.0	31500	0.0	32400	0.0	33300	0.0	34200	0.0	35100	0.0	36000	0.0
2223	0	246.44444444444446	900	263.57142857142856	1800	241.2	2700	240.0	3600	0.0	4500	0.0	5400	0.0	6300	0.0	7200	0.0	8100	0.0	9000	0.0	9900	0.0	10800	0.0	11700	0.0	12600	0.0	13500	0.0	14400	0.0	15300	0.0	16200	0.0	17100	0.0	18000	0.0	18900	0.0	19800	0.0	20700	0.0	21600	0.0	22500	0.0	23400	0.0	24300	0.0	25200	0.0	26100	0.0	27000	0.0	27900	0.0	28800	0.0	29700	0.0	30600	0.0	31500	0.0	32400	0.0	33300	0.0	34200	0.0	35100	0.0	36000	0.0
90033	0	6.0	900	6.0	1800	0.0	2700	0.0	3600	0.0	4500	0.0	5400	0.0	6300	0.0	7200	0.0	8100	0.0	9000	0.0	9900	0.0	10800	0.0	11700	0.0	12600	0.0	13500	0.0	14400	0.0	15300	0.0	16200	0.0	17100	0.0	18000	0.0	18900	0.0	19800	0.0	20700	0.0	21600	0.0	22500	0.0	23400	0.0	24300	0.0	25200	0.0	26100	0.0	27000	0.0	27900	0.0	28800	0.0	29700	0.0	30600	0.0	31500	0.0	32400	0.0	33300	0.0	34200	0.0	35100	0.0	36000	0.0
1519015	0	6.0	900	6.0	1800	6.0	2700	6.0	3600	0.0	4500	0.0	5400	0.0	6300	0.0	7200	0.0	8100	0.0	9000	0.0	9900	0.0	10800	0.0	11700	0.0	12600	0.0	13500	0.0	14400	0.0	15300	0.0	16200	0.0	17100	0.0	18000	0.0	18900	0.0	19800	0.0	20700	0.0	21600	0.0	22500	0.0	23400	0.0	24300	0.0	25200	0.0	26100	0.0	27000	0.0	27900	0.0	28800	0.0	29700	0.0	30600	0.0	31500	0.0	32400	0.0	33300	0.0	34200	0.0	35100	0.0	36000	0.0
1716	0	169.87826086956522	900	331.8151260504202	1800	200.61818181818182	2700	122.44067796610169	3600	121.88888888888889	4500	0.0	5400	0.0	6300	0.0	7200	0.0	8100	0.0	9000	0.0	9900	0.0	10800	0.0	11700	0.0	12600	0.0	13500	0.0	14400	0.0	15300	0.0	16200	0.0	17100	0.0	18000	0.0	18900	0.0	19800	0.0	20700	0.0	21600	0.0	22500	0.0	23400	0.0	24300	0.0	25200	0.0	26100	0.0	27000	0.0	27900	0.0	28800	0.0	29700	0.0	30600	0.0	31500	0.0	32400	0.0	33300	0.0	34200	0.0	35100	0.0	36000	0.0
1719	0	132.0	900	160.55	1800	168.06060606060606	2700	122.66666666666667	3600	0.0	4500	0.0	5400	0.0	6300	0.0	7200	0.0	8100	0.0	9000	0.0	9900	0.0	10800	0.0	11700	0.0	12600	0.0	13500	0.0	14400	0.0	15300	0.0	16200	0.0	17100	0.0	18000	0.0	18900	0.0	19800	0.0	20700	0.0	21600	0.0	22500	0.0	23400	0.0	24300	0.0	25200	0.0	26100	0.0	27000	0.0	27900	0.0	28800	0.0	29700	0.0	30600	0.0	31500	0.0	32400	0.0	33300	0.0	34200	0.0	35100	0.0	36000	0.0
901818	0	6.0	900	6.0	1800	0.0	2700	0.0	3600	0.0	4500	0.0	5400	0.0	6300	0.0	7200	0.0	8100	0.0	9000	0.0	9900	0.0	10800	0.0	11700	0.0	12600	0.0	13500	0.0	14400	0.0	15300	0.0	16200	0.0	17100	0.0	18000	0.0	18900	0.0	19800	0.0	20700	0.0	21600	0.0	22500	0.0	23400	0.0	24300	0.0	25200	0.0	26100	0.0	27000	0.0	27900	0.0	28800	0.0	29700	0.0	30600	0.0	31500	0.0	32400	0.0	33300	0.0	34200	0.0	35100	0.0	36000	0.0
419004	0	6.0	900	6.0	1800	6.0	2700	6.0	3600	6.0	4500	0.0	5400	0.0	6300	0.0	7200	0.0	8100	0.0	9000	0.0	9900	0.0	10800	0.0	11700	0.0	12600	0.0	13500	0.0	14400	0.0	15300	0.0	16200	0.0	17100	0.0	18000	0.0	18900	0.0	19800	0.0	20700	0.0	21600	0.0	22500	0.0	23400	0.0	24300	0.0	25200	0.0	26100	0.0	27000	0.0	27900	0.0	28800	0.0	29700	0.0	30600	0.0	31500	0.0	32400	0.0	33300	0.0	34200	0.0	35100	0.0	36000	0.0
1211	0	453.85714285714283	900	645.9375	1800	574.3636363636364	2700	0.0	3600	0.0	4500	0.0	5400	0.0	6300	0.0	7200	0.0	8100	0.0	9000	0.0	9900	0.0	10800	0.0	11700	0.0	12600	0.0	13500	0.0	14400	0.0	15300	0.0	16200	0.0	17100	0.0	18000	0.0	18900	0.0	19800	0.0	20700	0.0	21600	0.0	22500	0.0	23400	0.0	24300	0.0	25200	0.0	26100	0.0	27000	0.0	27900	0.0	28800	0.0	29700	0.0	30600	0.0	31500	0.0	32400	0.0	33300	0.0	34200	0.0	35100	0.0	36000	0.0
187	0	120.26470588235294	900	120.25862068965517	1800	120.20689655172414	2700	120.0	3600	120.0	4500	0.0	5400	0.0	6300	0.0	7200	0.0	8100	0.0	9000	0.0	9900	0.0	10800	0.0	11700	0.0	12600	0.0	13500	0.0	14400	0.0	15300	0.0	16200	0.0	17100	0.0	18000	0.0	18900	0.0	19800	0.0	20700	0.0	21600	0.0	22500	0.0	23400	0.0	24300	0.0	25200	0.0	26100	0.0	27000	0.0	27900	0.0	28800	0.0	29700	0.0	30600	0.0	31500	0.0	32400	0.0	33300	0.0	34200	0.0	35100	0.0	36000	0.0
1213	0	187.6875	900	183.0	1800	180.13636363636363	2700	180.0	3600	180.0	4500	0.0	5400	0.0	6300	0.0	7200	0.0	8100	0.0	9000	0.0	9900	0.0	10800	0.0	11700	0.0	12600	0.0	13500	0.0	14400	0.0	15300	0.0	16200	0.0	17100	0.0	18000	0.0	18900	0.0	19800	0.0	20700	0.0	21600	0.0	22500	0.0	23400	0.0	24300	0.0	25200	0.0	26100	0.0	27000	0.0	27900	0.0	28800	0.0	29700	0.0	30600	0.0	31500	0.0	32400	0.0	33300	0.0	34200	0.0	35100	0.0	36000	0.0
90044	0	6.645161290322581	900	6.6947368421052635	1800	0.0	2700	0.0	3600	0.0	4500	0.0	5400	0.0	6300	0.0	7200	0.0	8100	0.0	9000	0.0	9900	0.0	10800	0.0	11700	0.0	12600	0.0	13500	0.0	14400	0.0	15300	0.0	16200	0.0	17100	0.0	18000	0.0	18900	0.0	19800	0.0	20700	0.0	21600	0.0	22500	0.0	23400	0.0	24300	0.0	25200	0.0	26100	0.0	27000	0.0	27900	0.0	28800	0.0	29700	0.0	30600	0.0	31500	0.0	32400	0.0	33300	0.0	34200	0.0	35100	0.0	36000	0.0
902323	0	9.203389830508474	900	9.391304347826088	1800	0.0	2700	0.0	3600	0.0	4500	0.0	5400	0.0	6300	0.0	7200	0.0	8100	0.0	9000	0.0	9900	0.0	10800	0.0	11700	0.0	12600	0.0	13500	0.0	14400	0.0	15300	0.0	16200	0.0	17100	0.0	18000	0.0	18900	0.0	19800	0.0	20700	0.0	21600	0.0	22500	0.0	23400	0.0	24300	0.0	25200	0.0	26100	0.0	27000	0.0	27900	0.0	28800	0.0	29700	0.0	30600	0.0	31500	0.0	32400	0.0	33300	0.0	34200	0.0	35100	0.0	36000	0.0
90055	0	6.125	900	6.125	1800	0.0	2700	0.0	3600	0.0	4500	0.0	5400	0.0	6300	0.0	7200	0.0	8100	0.0	9000	0.0	9900	0.0	10800	0.0	11700	0.0	12600	0.0	13500	0.0	14400	0.0	15300	0.0	16200	0.0	17100	0.0	18000	0.0	18900	0.0	19800	0.0	20700	0.0	21600	0.0	22500	0.0	23400	0.0	24300	0.0	25200	0.0	26100	0.0	27000	0.0	27900	0.0	28800	0.0	29700	0.0	30600	0.0	31500	0.0	32400	0.0	33300	0.0	34200	0.0	35100	0.0	36000	0.0
901313	0	7.157894736842105	900	7.322033898305085	1800	6.0	2700	0.0	3600	0.0	4500	0.0	5400	0.0	6300	0.0	7200	0.0	8100	0.0	9000	0.0	9900	0.0	10800	0.0	11700	0.0	12600	0.0	13500	0.0	14400	0.0	15300	0.0	16200	0.0	17100	0.0	18000	0.0	18900	0.0	19800	0.0	20700	0.0	21600	0.0	22500	0.0	23400	0.0	24300	0.0	25200	0.0	26100	0.0	27000	0.0	27900	0.0	28800	0.0	29700	0.0	30600	0.0	31500	0.0	32400	0.0	33300	0.0	34200	0.0	35100	0.0	36000	0.0
718	0	120.0	900	120.10909090909091	1800	120.0	2700	120.0	3600	0.0	4500	0.0	5400	0.0	6300	0.0	7200	0.0	8100	0.0	9000	0.0	9900	0.0	10800	0.0	11700	0.0	12600	0.0	13500	0.0	14400	0.0	15300	0.0	16200	0.0	17100	0.0	18000	0.0	18900	0.0	19800	0.0	20700	0.0	21600	0.0	22500	0.0	23400	0.0	24300	0.0	25200	0.0	26100	0.0	27000	0.0	27900	0.0	28800	0.0	29700	0.0	30600	0.0	31500	0.0	32400	0.0	33300	0.0	34200	0.0	35100	0.0	36000	0.0
2019020	0	6.0	900	6.0	1800	6.0	2700	6.0	3600	0.0	4500	0.0	5400	0.0	6300	0.0	7200	0.0	8100	0.0	9000	0.0	9900	0.0	10800	0.0	11700	0.0	12600	0.0	13500	0.0	14400	0.0	15300	0.0	16200	0.0	17100	0.0	18000	0.0	18900	0.0	19800	0.0	20700	0.0	21600	0.0	22500	0.0	23400	0.0	24300	0.0	25200	0.0	26100	0.0	27000	0.0	27900	0.0	28800	0.0	29700	0.0	30600	0.0	31500	0.0	32400	0.0	33300	0.0	34200	0.0	35100	0.0	36000	0.0
90066	0	9.142857142857142	900	7.967213114754099	1800	6.0	2700	0.0	3600	0.0	4500	0.0	5400	0.0	6300	0.0	7200	0.0	8100	0.0	9000	0.0	9900	0.0	10800	0.0	11700	0.0	12600	0.0	13500	0.0	14400	0.0	15300	0.0	16200	0.0	17100	0.0	18000	0.0	18900	0.0	19800	0.0	20700	0.0	21600	0.0	22500	0.0	23400	0.0	24300	0.0	25200	0.0	26100	0.0	27000	0.0	27900	0.0	28800	0.0	29700	0.0	30600	0.0	31500	0.0	32400	0.0	33300	0.0	34200	0.0	35100	0.0	36000	0.0
1219012	0	6.0	900	6.0	1800	6.0	2700	6.0	3600	6.0	4500	0.0	5400	0.0	6300	0.0	7200	0.0	8100	0.0	9000	0.0	9900	0.0	10800	0.0	11700	0.0	12600	0.0	13500	0.0	14400	0.0	15300	0.0	16200	0.0	17100	0.0	18000	0.0	18900	0.0	19800	0.0	20700	0.0	21600	0.0	22500	0.0	23400	0.0	24300	0.0	25200	0.0	26100	0.0	27000	0.0	27900	0.0	28800	0.0	29700	0.0	30600	0.0	31500	0.0	32400	0.0	33300	0.0	34200	0.0	35100	0.0	36000	0.0
119001	0	6.0	900	6.0	1800	6.0	2700	6.0	3600	6.0	4500	0.0	5400	0.0	6300	0.0	7200	0.0	8100	0.0	9000	0.0	9900	0.0	10800	0.0	11700	0.0	12600	0.0	13500	0.0	14400	0.0	15300	0.0	16200	0.0	17100	0.0	18000	0.0	18900	0.0	19800	0.0	20700	0.0	21600	0.0	22500	0.0	23400	0.0	24300	0.0	25200	0.0	26100	0.0	27000	0.0	27900	0.0	28800	0.0	29700	0.0	30600	0.0	31500	0.0	32400	0.0	33300	0.0	34200	0.0	35100	0.0	36000	0.0
90077	0	6.612244897959184	900	6.804123711340206	1800	0.0	2700	0.0	3600	0.0	4500	0.0	5400	0.0	6300	0.0	7200	0.0	8100	0.0	9000	0.0	9900	0.0	10800	0.0	11700	0.0	12600	0.0	13500	0.0	14400	0.0	15300	0.0	16200	0.0	17100	0.0	18000	0.0	18900	0.0	19800	0.0	20700	0.0	21600	0.0	22500	0.0	23400	0.0	24300	0.0	25200	0.0	26100	0.0	27000	0.0	27900	0.0	28800	0.0	29700	0.0	30600	0.0	31500	0.0	32400	0.0	33300	0.0	34200	0.0	35100	0.0	36000	0.0
2018	0	240.0	900	240.04724409448818	1800	240.0	2700	0.0	3600	0.0	4500	0.0	5400	0.0	6300	0.0	7200	0.0	8100	0.0	9000	0.0	9900	0.0	10800	0.0	11700	0.0	12600	0.0	13500	0.0	14400	0.0	15300	0.0	16200	0.0	17100	0.0	18000	0.0	18900	0.0	19800	0.0	20700	0.0	21600	0.0	22500	0.0	23400	0.0	24300	0.0	25200	0.0	26100	0.0	27000	0.0	27900	0.0	28800	0.0	29700	0.0	30600	0.0	31500	0.0	32400	0.0	33300	0.0	34200	0.0	35100	0.0	36000	0.0
2019	0	262.0975609756098	900	247.3170731707317	1800	0.0	2700	0.0	3600	0.0	4500	0.0	5400	0.0	6300	0.0	7200	0.0	8100	0.0	9000	0.0	9900	0.0	10800	0.0	11700	0.0	12600	0.0	13500	0.0	14400	0.0	15300	0.0	16200	0.0	17100	0.0	18000	0.0	18900	0.0	19800	0.0	20700	0.0	21600	0.0	22500	0.0	23400	0.0	24300	0.0	25200	0.0	26100	0.0	27000	0.0	27900	0.0	28800	0.0	29700	0.0	30600	0.0	31500	0.0	32400	0.0	33300	0.0	34200	0.0	35100	0.0	36000	0.0
902121	0	8.620689655172415	900	8.318181818181818	1800	0.0	2700	0.0	3600	0.0	4500	0.0	5400	0.0	6300	0.0	7200	0.0	8100	0.0	9000	0.0	9900	0.0	10800	0.0	11700	0.0	12600	0.0	13500	0.0	14400	0.0	15300	0.0	16200	0.0	17100	0.0	18000	0.0	18900	0.0	19800	0.0	20700	0.0	21600	0.0	22500	0.0	23400	0.0	24300	0.0	25200	0.0	26100	0.0	27000	0.0	27900	0.0	28800	0.0	29700	0.0	30600	0.0	31500	0.0	32400	0.0	33300	0.0	34200	0.0	35100	0.0	36000	0.0
2021	0	362.57142857142856	900	364.0	1800	360.0	2700	0.0	3600	0.0	4500	0.0	5400	0.0	6300	0.0	7200	0.0	8100	0.0	9000	0.0	9900	0.0	10800	0.0	11700	0.0	12600	0.0	13500	0.0	14400	0.0	15300	0.0	16200	0.0	17100	0.0	18000	0.0	18900	0.0	19800	0.0	20700	0.0	21600	0.0	22500	0.0	23400	0.0	24300	0.0	25200	0.0	26100	0.0	27000	0.0	27900	0.0	28800	0.0	29700	0.0	30600	0.0	31500	0.0	32400	0.0	33300	0.0	34200	0.0	35100	0.0	36000	0.0
1510	0	360.0	900	360.0	1800	360.0	2700	0.0	3600	0.0	4500	0.0	5400	0.0	6300	0.0	7200	0.0	8100	0.0	9000	0.0	9900	0.0	10800	0.0	11700	0.0	12600	0.0	13500	0.0	14400	0.0	15300	0.0	16200	0.0	17100	0.0	18000	0.0	18900	0.0	19800	0.0	20700	0.0	21600	0.0	22500	0.0	23400	0.0	24300	0.0	25200	0.0	26100	0.0	27000	0.0	27900	0.0	28800	0.0	29700	0.0	30600	0.0	31500	0.0	32400	0.0	33300	0.0	34200	0.0	35100	0.0	36000	0.0
2022	0	307.61538461538464	900	304.8292682926829	1800	301.84615384615387	2700	0.0	3600	0.0	4500	0.0	5400	0.0	6300	0.0	7200	0.0	8100	0.0	9000	0.0	9900	0.0	10800	0.0	11700	0.0	12600	0.0	13500	0.0	14400	0.0	15300	0.0	16200	0.0	17100	0.0	18000	0.0	18900	0.0	19800	0.0	20700	0.0	21600	0.0	22500	0.0	23400	0.0	24300	0.0	25200	0.0	26100	0.0	27000	0.0	27900	0.0	28800	0.0	29700	0.0	30600	0.0	31500	0.0	32400	0.0	33300	0.0	34200	0.0	35100	0.0	36000	0.0
90088	0	12.507692307692308	900	17.426470588235293	1800	6.0	2700	0.0	3600	0.0	4500	0.0	5400	0.0	6300	0.0	7200	0.0	8100	0.0	9000	0.0	9900	0.0	10800	0.0	11700	0.0	12600	0.0	13500	0.0	14400	0.0	15300	0.0	16200	0.0	17100	0.0	18000	0.0	18900	0.0	19800	0.0	20700	0.0	21600	0.0	22500	0.0	23400	0.0	24300	0.0	25200	0.0	26100	0.0	27000	0.0	27900	0.0	28800	0.0	29700	0.0	30600	0.0	31500	0.0	32400	0.0	33300	0.0	34200	0.0	35100	0.0	36000	0.0
1514	0	302.4782608695652	900	301.7142857142857	1800	300.3	2700	306.0	3600	0.0	4500	0.0	5400	0.0	6300	0.0	7200	0.0	8100	0.0	9000	0.0	9900	0.0	10800	0.0	11700	0.0	12600	0.0	13500	0.0	14400	0.0	15300	0.0	16200	0.0	17100	0.0	18000	0.0	18900	0.0	19800	0.0	20700	0.0	21600	0.0	22500	0.0	23400	0.0	24300	0.0	25200	0.0	26100	0.0	27000	0.0	27900	0.0	28800	0.0	29700	0.0	30600	0.0	31500	0.0	32400	0.0	33300	0.0	34200	0.0	35100	0.0	36000	0.0
1519	0	457.9236641221374	900	930.6589595375723	1800	803.7894736842105	2700	180.0	3600	0.0	4500	0.0	5400	0.0	6300	0.0	7200	0.0	8100	0.0	9000	0.0	9900	0.0	10800	0.0	11700	0.0	12600	0.0	13500	0.0	14400	0.0	15300	0.0	16200	0.0	17100	0.0	18000	0.0	18900	0.0	19800	0.0	20700	0.0	21600	0.0	22500	0.0	23400	0.0	24300	0.0	25200	0.0	26100	0.0	27000	0.0	27900	0.0	28800	0.0	29700	0.0	30600	0.0	31500	0.0	32400	0.0	33300	0.0	34200	0.0	35100	0.0	36000	0.0
919009	0	6.0	900	6.0	1800	6.0	2700	6.0	3600	6.0	4500	0.0	5400	0.0	6300	0.0	7200	0.0	8100	0.0	9000	0.0	9900	0.0	10800	0.0	11700	0.0	12600	0.0	13500	0.0	14400	0.0	15300	0.0	16200	0.0	17100	0.0	18000	0.0	18900	0.0	19800	0.0	20700	0.0	21600	0.0	22500	0.0	23400	0.0	24300	0.0	25200	0.0	26100	0.0	27000	0.0	27900	0.0	28800	0.0	29700	0.0	30600	0.0	31500	0.0	32400	0.0	33300	0.0	34200	0.0	35100	0.0	36000	0.0
1522	0	195.82222222222222	900	192.21428571428572	1800	182.3855421686747	2700	181.84615384615384	3600	0.0	4500	0.0	5400	0.0	6300	0.0	7200	0.0	8100	0.0	9000	0.0	9900	0.0	10800	0.0	11700	0.0	12600	0.0	13500	0.0	14400	0.0	15300	0.0	16200	0.0	17100	0.0	18000	0.0	18900	0.0	19800	0.0	20700	0.0	21600	0.0	22500	0.0	23400	0.0	24300	0.0	25200	0.0	26100	0.0	27000	0.0	27900	0.0	28800	0.0	29700	0.0	30600	0.0	31500	0.0	32400	0.0	33300	0.0	34200	0.0	35100	0.0	36000	0.0
90099	0	6.425196850393701	900	6.5	1800	6.0	2700	0.0	3600	0.0	4500	0.0	5400	0.0	6300	0.0	7200	0.0	8100	0.0	9000	0.0	9900	0.0	10800	0.0	11700	0.0	12600	0.0	13500	0.0	14400	0.0	15300	0.0	16200	0.0	17100	0.0	18000	0.0	18900	0.0	19800	0.0	20700	0.0	21600	0.0	22500	0.0	23400	0.0	24300	0.0	25200	0.0	26100	0.0	27000	0.0	27900	0.0	28800	0.0	29700	0.0	30600	0.0	31500	0.0	32400	0.0	33300	0.0	34200	0.0	35100	0.0	36000	0.0
1011	0	304.06299212598424	900	304.63448275862066	1800	301.16129032258067	2700	300.0	3600	0.0	4500	0.0	5400	0.0	6300	0.0	7200	0.0	8100	0.0	9000	0.0	9900	0.0	10800	0.0	11700	0.0	12600	0.0	13500	0.0	14400	0.0	15300	0.0	16200	0.0	17100	0.0	18000	0.0	18900	0.0	19800	0.0	20700	0.0	21600	0.0	22500	0.0	23400	0.0	24300	0.0	25200	0.0	26100	0.0	27000	0.0	27900	0.0	28800	0.0	29700	0.0	30600	0.0	31500	0.0	32400	0.0	33300	0.0	34200	0.0	35100	0.0	36000	0.0
1719017	0	6.0	900	6.0	1800	6.0	2700	6.0	3600	6.0	4500	0.0	5400	0.0	6300	0.0	7200	0.0	8100	0.0	9000	0.0	9900	0.0	10800	0.0	11700	0.0	12600	0.0	13500	0.0	14400	0.0	15300	0.0	16200	0.0	17100	0.0	18000	0.0	18900	0.0	19800	0.0	20700	0.0	21600	0.0	22500	0.0	23400	0.0	24300	0.0	25200	0.0	26100	0.0	27000	0.0	27900	0.0	28800	0.0	29700	0.0	30600	0.0	31500	0.0	32400	0.0	33300	0.0	34200	0.0	35100	0.0	36000	0.0
1015	0	361.94444444444446	900	361.2396694214876	1800	360.0	2700	0.0	3600	0.0	4500	0.0	5400	0.0	6300	0.0	7200	0.0	8100	0.0	9000	0.0	9900	0.0	10800	0.0	11700	0.0	12600	0.0	13500	0.0	14400	0.0	15300	0.0	16200	0.0	17100	0.0	18000	0.0	18900	0.0	19800	0.0	20700	0.0	21600	0.0	22500	0.0	23400	0.0	24300	0.0	25200	0.0	26100	0.0	27000	0.0	27900	0.0	28800	0.0	29700	0.0	30600	0.0	31500	0.0	32400	0.0	33300	0.0	34200	0.0	35100	0.0	36000	0.0
619006	0	6.0	900	6.0	1800	6.0	2700	6.0	3600	6.0	4500	0.0	5400	0.0	6300	0.0	7200	0.0	8100	0.0	9000	0.0	9900	0.0	10800	0.0	11700	0.0	12600	0.0	13500	0.0	14400	0.0	15300	0.0	16200	0.0	17100	0.0	18000	0.0	18900	0.0	19800	0.0	20700	0.0	21600	0.0	22500	0.0	23400	0.0	24300	0.0	25200	0.0	26100	0.0	27000	0.0	27900	0.0	28800	0.0	29700	0.0	30600	0.0	31500	0.0	32400	0.0	33300	0.0	34200	0.0	35100	0.0	36000	0.0
1016	0	297.6	900	542.9752066115702	1800	682.0645161290323	2700	459.0	3600	0.0	4500	0.0	5400	0.0	6300	0.0	7200	0.0	8100	0.0	9000	0.0	9900	0.0	10800	0.0	11700	0.0	12600	0.0	13500	0.0	14400	0.0	15300	0.0	16200	0.0	17100	0.0	18000	0.0	18900	0.0	19800	0.0	20700	0.0	21600	0.0	22500	0.0	23400	0.0	24300	0.0	25200	0.0	26100	0.0	27000	0.0	27900	0.0	28800	0.0	29700	0.0	30600	0.0	31500	0.0	32400	0.0	33300	0.0	34200	0.0	35100	0.0	36000	0.0
1017	0	0.0	900	0.0	1800	0.0	2700	0.0	3600	0.0	4500	0.0	5400	0.0	6300	0.0	7200	0.0	8100	0.0	9000	0.0	9900	0.0	10800	0.0	11700	0.0	12600	0.0	13500	0.0	14400	0.0	15300	0.0	16200	0.0	17100	0.0	18000	0.0	18900	0.0	19800	0.0	20700	0.0	21600	0.0	22500	0.0	23400	0.0	24300	0.0	25200	0.0	26100	0.0	27000	0.0	27900	0.0	28800	0.0	29700	0.0	30600	0.0	31500	0.0	32400	0.0	33300	0.0	34200	0.0	35100	0.0	36000	0.0
901111	0	9.842696629213483	900	12.606741573033707	1800	0.0	2700	0.0	3600	0.0	4500	0.0	5400	0.0	6300	0.0	7200	0.0	8100	0.0	9000	0.0	9900	0.0	10800	0.0	11700	0.0	12600	0.0	13500	0.0	14400	0.0	15300	0.0	16200	0.0	17100	0.0	18000	0.0	18900	0.0	19800	0.0	20700	0.0	21600	0.0	22500	0.0	23400	0.0	24300	0.0	25200	0.0	26100	0.0	27000	0.0	27900	0.0	28800	0.0	29700	0.0	30600	0.0	31500	0.0	32400	0.0	33300	0.0	34200	0.0	35100	0.0	36000	0.0
901616	0	296.8543689320388	900	556.7655502392345	1800	690.0	2700	0.0	3600	0.0	4500	0.0	5400	0.0	6300	0.0	7200	0.0	8100	0.0	9000	0.0	9900	0.0	10800	0.0	11700	0.0	12600	0.0	13500	0.0	14400	0.0	15300	0.0	16200	0.0	17100	0.0	18000	0.0	18900	0.0	19800	0.0	20700	0.0	21600	0.0	22500	0.0	23400	0.0	24300	0.0	25200	0.0	26100	0.0	27000	0.0	27900	0.0	28800	0.0	29700	0.0	30600	0.0	31500	0.0	32400	0.0	33300	0.0	34200	0.0	35100	0.0	36000	0.0
