5800	6	1.0	902424	2421	2122	2215	1510	1019010
6408	4	1.0	902424	2413	1312	1219012
6236	3	1.0	902424	2413	1319013
6246	5	1.0	902424	2421	2122	2215	1519015
6272	3	1.0	902424	2421	2119021
6190	4	1.0	902424	2421	2122	2219022
5892	3	1.0	902424	2423	2319023
6196	7	1.0	902424	2421	2120	2018	187	78	819008
6068	3	1.0	90011	12	219002
6632	3	1.0	90011	13	319003
6440	4	1.0	90011	13	34	419004
5802	4	1.0	90011	12	26	619006
5786	6	1.0	90011	12	26	68	87	719007
6336	5	1.0	90011	12	26	68	819008
6058	6	1.0	90011	13	34	45	59	919009
6210	7	1.0	90011	13	34	45	59	910	1019010
6224	5	1.0	90011	13	34	411	1119011
6354	4	1.0	90011	13	312	1219012
6036	5	1.0	90011	13	312	1213	1319013
6654	6	1.0	90011	13	34	411	1114	1419014
6616	7	1.0	90011	13	34	411	1114	1415	1519015
6592	6	1.0	90011	12	26	68	816	1619016
5882	7	1.0	90011	12	26	68	816	1617	1719017
5828	7	1.0	90011	12	26	68	87	718	1819018
6254	8	1.0	90011	12	26	68	816	1617	1719	1919019
5980	8	1.0	90011	12	26	68	87	718	1820	2019020
6566	7	1.0	90011	13	312	1213	1324	2421	2119021
6604	8	1.0	90011	13	312	1213	1324	2421	2122	2219022
6260	7	1.0	90011	13	312	1213	1324	2423	2319023
6086	6	1.0	90011	13	312	1213	1324	2419024
6358	3	1.0	90022	21	119001
6456	5	1.0	90022	26	65	54	419004
6384	3	1.0	90022	26	619006
6570	5	1.0	90022	26	68	87	719007
6528	4	1.0	90022	26	68	819008
6452	5	1.0	90022	26	65	59	919009
6600	6	1.0	90022	26	68	816	1610	1019010
6040	6	1.0	90022	26	65	54	411	1119011
5920	5	1.0	90022	21	13	312	1219012
6460	6	1.0	90022	21	13	312	1213	1319013
6536	7	1.0	90022	26	65	54	411	1114	1419014
6128	8	1.0	90022	26	68	816	1617	1719	1915	1519015
6364	5	1.0	90022	26	68	816	1619016
6120	6	1.0	90022	26	68	816	1617	1719017
6180	7	1.0	90022	26	68	816	1617	1719	1919019
6494	7	1.0	90022	26	68	87	718	1820	2019020
6512	8	1.0	90022	26	68	87	718	1820	2022	2219022
6576	3	1.0	90033	31	119001
6650	3	1.0	90033	34	419004
6478	7	1.0	90033	34	45	56	68	87	719007
5872	6	1.0	90033	34	45	56	68	819008
6660	5	1.0	90033	34	45	59	919009
6200	6	1.0	90033	34	45	59	910	1019010
6130	4	1.0	90033	312	1211	1119011
6656	3	1.0	90033	312	1219012
6672	4	1.0	90033	312	1213	1319013
6658	5	1.0	90033	312	1211	1114	1419014
6628	6	1.0	90033	312	1211	1114	1415	1519015
6102	7	1.0	90033	34	45	56	68	816	1619016
5928	8	1.0	90033	34	45	56	68	816	1617	1719017
6554	7	1.0	90033	312	1213	1324	2421	2122	2219022
6508	6	1.0	90033	312	1213	1324	2423	2319023
6114	4	1.0	90044	43	31	119001
6608	5	1.0	90044	45	56	62	219002
7087	3	1.0	90044	43	319003
6082	4	1.0	90044	45	56	619006
6154	6	1.0	90044	45	56	68	87	719007
6314	5	1.0	90044	45	56	68	819008
6344	4	1.0	90044	45	59	919009
5894	5	1.0	90044	45	59	910	1019010
5970	3	1.0	90044	411	1119011
6098	4	1.0	90044	43	312	1219012
5854	5	1.0	90044	43	312	1213	1319013
5946	4	1.0	90044	411	1114	1419014
6502	5	1.0	90044	411	1114	1415	1519015
6160	6	1.0	90044	45	56	68	816	1619016
6226	7	1.0	90044	45	56	68	816	1617	1719017
6578	8	1.0	90044	45	56	68	816	1617	1719	1919019
6294	8	1.0	90044	45	56	68	87	718	1820	2019020
6338	7	1.0	90044	43	312	1213	1324	2421	2119021
6524	6	1.0	90044	411	1114	1423	2322	2219022
6520	5	1.0	90044	411	1114	1423	2319023
6264	6	1.0	90044	43	312	1213	1324	2419024
6006	4	1.0	90055	59	910	1019010
5804	5	1.0	90055	54	411	1114	1419014
6232	7	1.0	90055	59	910	1015	1522	2221	2119021
6614	4	1.0	90066	62	21	119001
6324	3	1.0	90066	62	219002
6612	5	1.0	90066	65	54	43	319003
6092	4	1.0	90066	65	54	419004
5836	4	1.0	90066	68	87	719007
6340	3	1.0	90066	68	819008
6620	4	1.0	90066	65	59	919009
6060	5	1.0	90066	68	816	1610	1019010
6550	5	1.0	90066	65	54	411	1119011
6530	6	1.0	90066	65	54	43	312	1219012
6480	7	1.0	90066	65	54	43	312	1213	1319013
6464	6	1.0	90066	65	54	411	1114	1419014
6418	7	1.0	90066	68	816	1617	1719	1915	1519015
6018	4	1.0	90066	68	816	1619016
6182	5	1.0	90066	68	816	1617	1719017
6652	6	1.0	90066	68	816	1617	1719	1919019
6560	6	1.0	90066	68	87	718	1820	2019020
6380	7	1.0	90066	68	87	718	1820	2021	2119021
6386	7	1.0	90066	68	87	718	1820	2022	2219022
6634	8	1.0	90066	68	87	718	1820	2022	2223	2319023
6426	8	1.0	90066	68	87	718	1820	2021	2124	2419024
6328	6	1.0	90077	78	86	62	21	119001
6642	5	1.0	90077	78	86	62	219002
6670	7	1.0	90077	78	86	65	54	43	319003
6276	6	1.0	90077	78	86	65	54	419004
6414	4	1.0	90077	78	86	619006
5874	3	1.0	90077	78	819008
6094	6	1.0	90077	718	1816	1610	109	919009
6072	5	1.0	90077	718	1816	1610	1019010
6248	6	1.0	90077	718	1816	1610	1011	1119011
6638	8	1.0	90077	78	86	65	54	43	312	1219012
5982	7	1.0	90077	718	1820	2021	2124	2413	1319013
6664	8	1.0	90077	718	1816	1617	1719	1915	1514	1419014
6162	7	1.0	90077	718	1816	1617	1719	1915	1519015
6152	4	1.0	90077	718	1816	1619016
5964	5	1.0	90077	718	1816	1617	1719017
6610	6	1.0	90077	718	1816	1617	1719	1919019
5998	4	1.0	90077	718	1820	2019020
6430	5	1.0	90077	718	1820	2021	2119021
6266	5	1.0	90077	718	1820	2022	2219022
5966	6	1.0	90077	718	1820	2022	2223	2319023
5984	5	1.0	90088	86	62	21	119001
6584	4	1.0	90088	86	62	219002
6542	6	1.0	90088	86	65	54	43	319003
6580	5	1.0	90088	86	65	54	419004
6218	4	1.0	90088	86	65	519005
5868	3	1.0	90088	86	619006
6064	3	1.0	90088	87	719007
6192	3	1.0	90088	89	919009
6546	4	1.0	90088	816	1610	1019010
6376	5	1.0	90088	816	1610	1011	1119011
6030	7	1.0	90088	86	65	54	43	312	1219012
6362	8	1.0	90088	86	65	54	43	312	1213	1319013
6548	7	1.0	90088	816	1617	1719	1915	1514	1419014
6458	6	1.0	90088	816	1617	1719	1915	1519015
6132	3	1.0	90088	816	1619016
5968	4	1.0	90088	816	1617	1719017
6318	5	1.0	90088	816	1617	1719	1919019
6188	5	1.0	90088	87	718	1820	2019020
6588	6	1.0	90088	87	718	1820	2021	2119021
6080	6	1.0	90088	87	718	1820	2022	2219022
6602	7	1.0	90088	87	718	1820	2022	2223	2319023
6206	7	1.0	90088	87	718	1820	2021	2124	2419024
6562	6	1.0	90099	95	54	43	31	119001
6032	5	1.0	90099	95	56	62	219002
6582	5	1.0	90099	95	54	43	319003
6360	4	1.0	90099	95	54	419004
6138	4	1.0	90099	95	56	619006
6518	6	1.0	90099	910	1016	1618	187	719007
6410	3	1.0	90099	98	819008
5862	3	1.0	90099	910	1019010
6238	4	1.0	90099	910	1011	1119011
6020	5	1.0	90099	910	1011	1112	1219012
6630	6	1.0	90099	910	1011	1112	1213	1319013
6366	5	1.0	90099	910	1011	1114	1419014
6270	4	1.0	90099	910	1015	1519015
6506	4	1.0	90099	910	1016	1619016
6514	5	1.0	90099	910	1016	1617	1719017
6240	6	1.0	90099	910	1016	1617	1719	1919019
6556	6	1.0	90099	910	1016	1618	1820	2019020
6388	6	1.0	90099	910	1015	1522	2221	2119021
6228	5	1.0	90099	910	1015	1522	2219022
6378	6	1.0	90099	910	1011	1114	1423	2319023
6116	7	1.0	90099	910	1015	1522	2221	2124	2419024
5974	7	1.0	901010	109	95	54	43	31	119001
6374	6	1.0	901010	1016	168	86	62	219002
6558	6	1.0	901010	109	95	54	43	319003
5994	5	1.0	901010	109	95	54	419004
6024	4	1.0	901010	109	95	519005
6488	5	1.0	901010	1016	168	86	619006
5788	5	1.0	901010	1016	1618	187	719007
6038	4	1.0	901010	1016	168	819008
5912	3	1.0	901010	109	919009
5916	3	1.0	901010	1011	1119011
6158	4	1.0	901010	1011	1112	1219012
5830	5	1.0	901010	1011	1112	1213	1319013
6234	4	1.0	901010	1011	1114	1419014
5864	3	1.0	901010	1015	1519015
5850	3	1.0	901010	1016	1619016
5840	4	1.0	901010	1016	1617	1719017
5896	5	1.0	901010	1016	1617	1719	1919019
6056	5	1.0	901010	1016	1618	1820	2019020
5934	5	1.0	901010	1015	1522	2221	2119021
5950	4	1.0	901010	1015	1522	2219022
6434	5	1.0	901010	1015	1522	2223	2319023
6230	6	1.0	901010	1015	1522	2221	2124	2419024
6598	5	1.0	901111	114	43	31	119001
6432	6	1.0	901111	114	45	56	62	219002
6640	4	1.0	901111	114	43	319003
6216	3	1.0	901111	114	419004
6342	5	1.0	901111	114	45	56	619006
6306	6	1.0	901111	1110	1016	1618	187	719007
6422	5	1.0	901111	1110	1016	168	819008
6428	4	1.0	901111	1110	109	919009
5842	3	1.0	901111	1110	1019010
6468	3	1.0	901111	1112	1219012
6084	4	1.0	901111	1112	1213	1319013
5948	3	1.0	901111	1114	1419014
6000	4	1.0	901111	1114	1415	1519015
5960	4	1.0	901111	1110	1016	1619016
6368	5	1.0	901111	1110	1016	1617	1719017
6296	5	1.0	901111	1114	1415	1519	1919019
6274	6	1.0	901111	1114	1415	1519	1920	2019020
6444	6	1.0	901111	1114	1423	2324	2421	2119021
6268	5	1.0	901111	1114	1415	1522	2219022
5866	4	1.0	901111	1114	1423	2319023
5952	5	1.0	901111	1114	1423	2324	2419024
5922	4	1.0	901212	123	31	119001
6626	5	1.0	901212	123	31	12	219002
6624	3	1.0	901212	123	319003
6144	4	1.0	901212	123	34	419004
6492	5	1.0	901212	123	34	45	519005
6396	6	1.0	901212	123	34	45	56	619006
6510	8	1.0	901212	123	34	45	56	68	87	719007
6540	7	1.0	901212	123	34	45	56	68	819008
6498	5	1.0	901212	1211	1110	109	919009
5852	4	1.0	901212	1211	1110	1019010
5812	3	1.0	901212	1211	1119011
5972	3	1.0	901212	1213	1319013
5898	4	1.0	901212	1211	1114	1419014
6212	5	1.0	901212	1211	1114	1415	1519015
6420	5	1.0	901212	1211	1110	1016	1619016
6104	6	1.0	901212	1211	1110	1016	1617	1719017
6290	6	1.0	901212	1211	1110	1016	1618	1819018
6622	6	1.0	901212	1211	1114	1415	1519	1919019
6594	6	1.0	901212	1213	1324	2421	2120	2019020
6586	5	1.0	901212	1213	1324	2421	2119021
6356	6	1.0	901212	1213	1324	2421	2122	2219022
6526	5	1.0	901212	1213	1324	2423	2319023
6590	4	1.0	901212	1213	1324	2419024
6308	5	1.0	901313	1312	123	31	119001
6668	6	1.0	901313	1312	123	31	12	219002
6122	4	1.0	901313	1312	123	319003
6044	5	1.0	901313	1312	123	34	419004
6326	7	1.0	901313	1312	123	34	45	56	619006
6648	7	1.0	901313	1324	2421	2120	2018	187	719007
6172	8	1.0	901313	1312	123	34	45	56	68	819008
5832	6	1.0	901313	1312	1211	1110	109	919009
5954	5	1.0	901313	1312	1211	1110	1019010
5820	4	1.0	901313	1312	1211	1119011
6142	3	1.0	901313	1312	1219012
6150	5	1.0	901313	1324	2423	2314	1419014
5790	6	1.0	901313	1324	2421	2122	2215	1519015
6194	6	1.0	901313	1312	1211	1110	1016	1619016
6406	8	1.0	901313	1324	2421	2122	2215	1519	1917	1719017
6646	7	1.0	901313	1324	2421	2122	2215	1519	1919019
6208	5	1.0	901313	1324	2421	2120	2019020
5936	4	1.0	901313	1324	2421	2119021
6312	5	1.0	901313	1324	2421	2122	2219022
6482	4	1.0	901313	1324	2423	2319023
6106	3	1.0	901313	1324	2419024
6486	6	1.0	901414	1411	1112	123	31	119001
6666	7	1.0	901414	1411	114	45	56	62	219002
6534	5	1.0	901414	1411	1112	123	319003
6166	4	1.0	901414	1411	114	419004
6484	6	1.0	901414	1411	114	45	56	619006
6282	8	1.0	901414	1415	1519	1917	1716	1618	187	719007
6438	7	1.0	901414	1415	1519	1917	1716	168	819008
6466	5	1.0	901414	1411	1110	109	919009
6002	4	1.0	901414	1411	1110	1019010
6124	3	1.0	901414	1411	1119011
6302	4	1.0	901414	1411	1112	1219012
6320	5	1.0	901414	1423	2324	2413	1319013
6100	3	1.0	901414	1415	1519015
6390	6	1.0	901414	1415	1519	1917	1716	1619016
6204	5	1.0	901414	1415	1519	1917	1719017
5844	4	1.0	901414	1415	1519	1919019
5986	5	1.0	901414	1415	1519	1920	2019020
6564	5	1.0	901414	1423	2324	2421	2119021
5822	4	1.0	901414	1415	1522	2219022
6096	3	1.0	901414	1423	2319023
6568	4	1.0	901414	1423	2324	2419024
6112	7	1.0	901515	1514	1411	1112	123	31	119001
5876	8	1.0	901515	1519	1917	1716	168	86	62	219002
6504	6	1.0	901515	1514	1411	1112	123	319003
6118	5	1.0	901515	1514	1411	114	419004
6424	7	1.0	901515	1519	1917	1716	168	86	619006
6346	7	1.0	901515	1519	1917	1716	1618	187	719007
6026	6	1.0	901515	1519	1917	1716	168	819008
6012	4	1.0	901515	1510	109	919009
5792	3	1.0	901515	1510	1019010
5838	4	1.0	901515	1514	1411	1119011
6436	5	1.0	901515	1514	1411	1112	1219012
5914	6	1.0	901515	1522	2221	2124	2413	1319013
6008	3	1.0	901515	1514	1419014
6220	5	1.0	901515	1519	1917	1716	1619016
5816	4	1.0	901515	1519	1917	1719017
6242	6	1.0	901515	1519	1917	1716	1618	1819018
5884	3	1.0	901515	1519	1919019
6146	4	1.0	901515	1519	1920	2019020
5806	4	1.0	901515	1522	2221	2119021
6052	3	1.0	901515	1522	2219022
5818	4	1.0	901515	1522	2223	2319023
6538	5	1.0	901515	1522	2221	2124	2419024
5794	6	1.0	901616	168	86	62	21	119001
6298	5	1.0	901616	168	86	62	219002
6662	7	1.0	901616	168	86	65	54	43	319003
6304	6	1.0	901616	168	86	65	54	419004
5930	4	1.0	901616	168	86	619006
6178	4	1.0	901616	1618	187	719007
5906	3	1.0	901616	168	819008
6014	4	1.0	901616	1610	109	919009
6202	3	1.0	901616	1610	1019010
5886	4	1.0	901616	1610	1011	1119011
6394	5	1.0	901616	1610	1011	1112	1219012
6300	6	1.0	901616	1610	1011	1112	1213	1319013
6352	6	1.0	901616	1617	1719	1915	1514	1419014
6316	5	1.0	901616	1617	1719	1915	1519015
6262	3	1.0	901616	1617	1719017
5924	3	1.0	901616	1618	1819018
6010	4	1.0	901616	1617	1719	1919019
6088	4	1.0	901616	1618	1820	2019020
5976	7	1.0	901616	1617	1719	1915	1522	2221	2119021
5996	6	1.0	901616	1617	1719	1915	1522	2219022
6398	7	1.0	901616	1617	1719	1915	1522	2223	2319023
6048	7	1.0	901717	1716	168	86	62	21	119001
5918	6	1.0	901717	1716	168	86	62	219002
5938	8	1.0	901717	1716	168	86	65	54	43	319003
5926	7	1.0	901717	1716	168	86	65	54	419004
5808	5	1.0	901717	1716	168	86	619006
6330	5	1.0	901717	1716	1618	187	719007
6074	4	1.0	901717	1716	168	819008
6572	5	1.0	901717	1716	1610	109	919009
5824	4	1.0	901717	1716	1610	1019010
6400	5	1.0	901717	1716	1610	1011	1119011
6310	6	1.0	901717	1716	1610	1011	1112	1219012
6516	8	1.0	901717	1719	1915	1522	2221	2124	2413	1319013
6348	5	1.0	901717	1719	1915	1514	1419014
5784	4	1.0	901717	1719	1915	1519015
5956	3	1.0	901717	1716	1619016
6332	3	1.0	901717	1719	1919019
5962	4	1.0	901717	1719	1920	2019020
6462	6	1.0	901717	1719	1915	1522	2221	2119021
5846	5	1.0	901717	1719	1915	1522	2219022
5900	6	1.0	901717	1719	1915	1522	2223	2319023
6392	7	1.0	901717	1719	1915	1522	2221	2124	2419024
6168	5	1.0	901818	1816	1610	109	919009
5856	6	1.0	901818	1816	1610	1011	1112	1219012
5902	7	1.0	901818	187	78	86	62	21	119001
6450	5	1.0	901818	1816	1617	1719	1919019
6470	8	1.0	901919	1917	1716	168	86	62	21	119001
6472	7	1.0	901919	1917	1716	168	86	62	219002
6490	8	1.0	901919	1917	1716	168	86	65	54	419004
6370	6	1.0	901919	1917	1716	168	86	619006
6066	6	1.0	901919	1917	1716	1618	187	719007
6404	5	1.0	901919	1917	1716	168	819008
6286	6	1.0	901919	1917	1716	1610	109	919009
6108	5	1.0	901919	1917	1716	1610	1019010
6110	5	1.0	901919	1915	1514	1411	1119011
6644	8	1.0	901919	1915	1522	2221	2124	2413	1312	1219012
6402	7	1.0	901919	1915	1522	2221	2124	2413	1319013
6618	4	1.0	901919	1915	1514	1419014
6034	3	1.0	901919	1915	1519015
6042	4	1.0	901919	1917	1716	1619016
5858	3	1.0	901919	1917	1719017
6134	3	1.0	901919	1920	2019020
5888	5	1.0	901919	1915	1522	2221	2119021
6136	4	1.0	901919	1915	1522	2219022
6350	5	1.0	901919	1915	1522	2223	2319023
6596	6	1.0	901919	1915	1522	2221	2124	2419024
6170	8	1.0	902020	2018	187	78	86	62	21	119001
6046	7	1.0	902020	2018	187	78	86	62	219002
6198	8	1.0	902020	2018	187	78	86	65	54	419004
6288	6	1.0	902020	2018	187	78	86	619006
6250	4	1.0	902020	2018	187	719007
6054	5	1.0	902020	2018	187	78	819008
6148	6	1.0	902020	2018	1816	1610	109	919009
5890	5	1.0	902020	2018	1816	1610	1019010
5988	6	1.0	902020	2019	1915	1514	1411	1119011
6156	6	1.0	902020	2021	2124	2413	1312	1219012
6532	5	1.0	902020	2021	2124	2413	1319013
6552	5	1.0	902020	2019	1915	1514	1419014
6050	4	1.0	902020	2019	1915	1519015
5826	4	1.0	902020	2018	1816	1619016
6062	4	1.0	902020	2019	1917	1719017
6076	3	1.0	902020	2019	1919019
5990	3	1.0	902020	2021	2119021
5814	3	1.0	902020	2022	2219022
6334	4	1.0	902020	2022	2223	2319023
6476	4	1.0	902020	2021	2124	2419024
6416	7	1.0	902121	2124	2413	1312	123	31	119001
6636	7	1.0	902121	2124	2413	1312	123	34	419004
6322	7	1.0	902121	2120	2018	187	78	86	619006
6256	5	1.0	902121	2120	2018	187	719007
6574	6	1.0	902121	2120	2018	187	78	819008
6078	6	1.0	902121	2122	2215	1510	109	919009
6244	5	1.0	902121	2122	2215	1510	1019010
5796	6	1.0	902121	2124	2423	2314	1411	1119011
6070	5	1.0	902121	2124	2413	1312	1219012
6454	4	1.0	902121	2124	2413	1319013
6474	5	1.0	902121	2124	2423	2314	1419014
6028	4	1.0	902121	2122	2215	1519015
6496	7	1.0	902121	2122	2215	1519	1917	1716	1619016
6522	6	1.0	902121	2122	2215	1519	1917	1719017
6606	5	1.0	902121	2122	2215	1519	1919019
6214	3	1.0	902121	2120	2019020
5940	3	1.0	902121	2122	2219022
5910	4	1.0	902121	2124	2423	2319023
6412	3	1.0	902121	2124	2419024
5942	8	1.0	902222	2221	2124	2413	1312	123	31	119001
6258	8	1.0	902222	2220	2018	187	78	86	62	219002
6022	7	1.0	902222	2221	2124	2413	1312	123	319003
5810	6	1.0	902222	2223	2314	1411	114	419004
6372	7	1.0	902222	2220	2018	187	78	86	619006
5944	5	1.0	902222	2220	2018	187	719007
6126	6	1.0	902222	2220	2018	187	78	819008
6004	5	1.0	902222	2215	1510	109	919009
5878	4	1.0	902222	2215	1510	1019010
6174	5	1.0	902222	2223	2314	1411	1119011
6222	6	1.0	902222	2221	2124	2413	1312	1219012
6382	5	1.0	902222	2221	2124	2413	1319013
5834	4	1.0	902222	2223	2314	1419014
6140	3	1.0	902222	2215	1519015
5992	6	1.0	902222	2215	1519	1917	1716	1619016
6278	5	1.0	902222	2215	1519	1917	1719017
5904	4	1.0	902222	2215	1519	1919019
5870	3	1.0	902222	2220	2019020
6016	3	1.0	902222	2221	2119021
5978	3	1.0	902222	2223	2319023
5860	4	1.0	902222	2221	2124	2419024
6292	7	1.0	902323	2324	2413	1312	123	31	119001
6446	6	1.0	902323	2324	2413	1312	123	319003
6500	5	1.0	902323	2314	1411	114	419004
6284	7	1.0	902323	2314	1411	114	45	56	619006
6544	6	1.0	902323	2322	2220	2018	187	719007
6164	7	1.0	902323	2322	2220	2018	187	78	819008
6448	6	1.0	902323	2314	1411	1110	109	919009
5958	5	1.0	902323	2314	1411	1110	1019010
6252	4	1.0	902323	2314	1411	1119011
5848	5	1.0	902323	2324	2413	1312	1219012
5908	4	1.0	902323	2324	2413	1319013
6176	3	1.0	902323	2314	1419014
6090	4	1.0	902323	2322	2215	1519015
5932	7	1.0	902323	2322	2215	1519	1917	1716	1619016
5880	6	1.0	902323	2322	2215	1519	1917	1719017
6184	5	1.0	902323	2322	2220	2018	1819018
6442	5	1.0	902323	2322	2215	1519	1919019
6186	4	1.0	902323	2322	2220	2019020
6280	4	1.0	902323	2324	2421	2119021
5798	3	1.0	902323	2322	2219022
