4081	5784
23	5786
1517	5788
2837	5790
3201	5792
3488	5794
4903	5796
5639	5798
5677	5800
17	5802
514	5804
3404	5806
3932	5808
5047	5810
5676	5800
2556	5812
4826	5814
3323	5816
3468	5818
2763	5820
3103	5822
4004	5824
4718	5826
111	5828
1764	5830
2732	5832
4724	5826
5193	5834
557	5836
3252	5838
1925	5840
2224	5842
3077	5844
4225	5846
5498	5848
1886	5850
2542	5852
4825	5814
369	5854
4326	5856
4485	5858
5418	5860
1210	5862
1824	5864
2445	5866
4822	5814
907	5868
5317	5870
218	5872
685	5874
1881	5850
2540	5852
3151	5876
5104	5878
5570	5880
105	5882
3364	5884
3683	5886
4492	5858
4531	5888
4647	5890
5774	5892
318	5894
1967	5896
2616	5898
4254	5900
4289	5902
5299	5904
3582	5906
5510	5908
3076	5844
5020	5910
1572	5912
3269	5914
1646	5916
3909	5918
173	5920
368	5854
2470	5922
3790	5924
3926	5926
247	5928
311	5894
1561	5912
3514	5930
5117	5878
5559	5932
2009	5934
2879	5936
3917	5938
4997	5940
5034	5942
5064	5944
376	5946
2309	5948
3466	5818
2025	5950
2457	5952
2742	5954
4131	5956
5460	5958
2187	5842
1838	5864
1665	5916
2356	5960
4189	5962
2614	5898
803	5964
857	5966
1051	5968
5305	5904
336	5970
2583	5972
3198	5792
5187	5834
1393	5974
3866	5976
1933	5840
5469	5958
1516	5788
5383	5978
1582	5912
2186	5842
5390	5978
122	5980
749	5982
861	5984
4642	5890
3088	5986
4661	5988
4806	5990
5106	5878
5242	5992
1430	5994
3875	5996
833	5998
1185	5862
1807	5864
3214	5792
4982	5940
2338	6000
2023	5950
5188	5834
5467	5958
1423	5994
1888	5850
2965	6002
5092	6004
5330	5870
5573	5880
459	6006
1891	5850
3278	6008
3806	6010
3183	6012
3606	6014
4994	5940
5356	6016
620	6018
1275	6020
1889	5850
808	5964
1765	5830
5043	6022
1456	6024
2218	5842
3174	6026
3876	5996
4926	6028
5417	5860
992	6030
1135	6032
3104	5822
4089	5784
4432	6034
5637	5798
2209	5842
3079	5844
2211	5842
2334	6000
79	6036
1530	6038
3691	5886
5362	6016
5397	5978
5466	5958
169	6040
699	5874
4461	6042
5571	5880
2537	5852
2704	6044
4641	5890
2615	5898
4194	5962
4567	6046
1175	5862
3902	6048
4459	6042
4699	6050
3421	6052
4611	6054
1991	6056
3205	5792
3362	5884
4662	5988
34	6058
587	6060
1813	5864
4766	6062
936	6064
3182	6012
5116	5878
5642	5798
4368	6066
1	6068
4910	6070
724	6072
3954	6074
4789	6076
4881	6078
1106	6080
1450	6024
4807	5990
273	6082
806	5964
2289	6084
4762	6062
4932	6028
141	6086
3838	6088
5543	6090
549	6092
1639	5916
2353	5960
2467	5922
2582	5972
721	6094
3121	6096
356	6098
3036	6100
243	6102
2634	6104
5387	5978
2912	6106
4387	6108
114	5828
4121	5956
4607	6054
5328	5870
320	5894
3467	5818
4409	6110
3148	6112
259	6114
5773	5892
906	5868
1383	6116
1641	5916
2002	5934
3158	6118
3216	5792
3828	6088
198	6120
2699	6122
2984	6124
3078	5844
3102	5822
3819	6088
5076	6126
185	6128
231	6130
1030	6132
1520	5788
4124	5956
4518	6134
4539	6136
2581	5972
5245	5992
858	5966
1157	6138
1560	5912
2217	5842
5219	6140
1559	5912
2778	6142
2482	6144
2534	5852
3388	6146
4082	5784
4631	6148
5210	6140
2825	6150
764	6152
2223	5842
283	6154
1055	5968
2358	5960
4674	6156
5319	5870
1743	6158
4665	5988
4880	6078
260	6114
391	6160
758	6162
2222	5842
5450	6164
396	6160
832	5998
2930	6166
5360	6016
4305	6168
4564	6170
2725	6172
5148	6174
5521	6176
1027	6132
2788	6142
3387	6146
5352	6016
5357	6016
5468	5958
774	6152
3541	6178
3912	5918
5211	6140
909	5868
3531	6178
4615	6054
4720	5826
202	6180
635	6182
2554	5812
4902	5796
5388	5978
5584	6184
5605	6186
316	5894
1085	6188
2195	5842
5607	6186
5752	6190
123	5980
1025	6132
1202	5862
2986	6124
3580	5906
4538	6136
954	6192
1053	5968
2335	6000
2845	6194
5419	5860
5659	6196
4572	6198
5316	5870
170	6040
226	6200
3647	6202
4713	5826
3035	6100
1107	6080
1419	5994
2575	5972
4193	5962
1461	6024
1744	6158
3067	6204
2795	6142
3173	6026
4537	6136
1123	6206
3529	6178
2869	6208
2961	6002
42	6210
2622	6212
3358	5884
4972	6214
930	6064
2133	6216
3690	5886
880	6218
2027	5950
2759	5820
3280	6008
3293	6220
4185	5962
991	6030
5167	6222
54	6224
406	6226
1368	6228
2782	6142
3918	5938
1651	5916
2094	6230
3431	6052
5347	6016
452	6006
2312	5948
3469	5818
462	6006
531	6232
1778	6234
3087	5986
4093	5784
3200	5792
622	6018
2291	6084
3215	5792
1428	5994
3391	6146
3925	5926
4301	6168
5212	6140
5321	5870
5718	6236
1193	5862
1254	6238
1343	6240
309	5894
1255	6238
2701	6044
3344	6242
4536	6136
3605	6014
4886	6244
5733	6246
722	6094
740	6248
4587	6250
5090	6004
5483	6252
120	6254
3193	5792
3911	5918
4715	5826
3297	6220
4319	5856
4870	6256
5039	6258
5221	6140
1525	6038
1645	5916
2354	5960
135	6260
3755	6262
5165	6222
440	6264
852	6266
2424	6268
2991	6124
1297	6270
5524	6176
4491	5858
5359	6016
1026	6132
3298	6220
3618	6202
4125	5956
2194	5842
4608	6054
4712	5826
694	5874
1783	6234
1786	6234
2985	6124
5051	5810
4794	6076
5146	6174
5747	6272
887	6218
1763	5830
2406	6274
674	6276
2438	5866
2740	5954
1418	5994
2008	5934
2041	5950
4987	5940
5274	6278
5621	6280
624	6018
1196	5862
1740	6158
2940	6282
136	6260
465	6006
469	6006
2404	6274
2574	5972
3156	6118
5440	6284
2208	5842
4380	6286
4579	6288
932	6064
2538	5852
3118	6096
2644	6290
3823	6088
5022	5910
5688	5800
929	6064
2099	6230
4088	5784
5300	5904
4887	6244
5426	6292
418	6294
3253	5838
4083	5784
4888	6244
5304	5904
1021	6132
1054	5968
2198	5842
3209	5792
4385	6108
5384	5978
2214	5842
2396	6296
3340	6242
5674	5800
1384	6116
3493	6298
3719	6300
4520	6134
5189	5834
319	5894
3014	6302
3366	5884
3503	6304
589	6060
1589	5912
2151	6306
3789	5924
4891	6244
4999	5940
1580	5912
3505	6304
4637	5890
5561	5932
2296	6084
3436	6052
5755	6190
2686	6308
2784	6142
4047	6310
5364	6016
2889	6312
142	6086
288	6314
1464	6024
3738	6316
781	6152
1071	6318
3023	6320
2336	6000
3753	6262
3686	5886
4867	6322
545	6324
2716	6326
4495	5858
4927	6028
5275	6278
5326	5870
666	6328
777	6152
5586	6184
2339	6000
3432	6052
3938	6330
4113	5956
4166	6332
4843	6334
27	6336
423	6338
568	6340
827	5998
2983	6124
2144	6342
5731	6246
298	6344
3543	6178
3958	6074
3167	6346
3204	5792
3544	6178
4063	6348
5618	6280
39	6210
2621	6212
3750	6262
4223	5846
4553	6350
4884	6244
763	6152
2707	6044
3727	6352
3999	5824
1823	5864
2576	5972
2794	6142
3835	6088
62	6354
565	6340
1018	6132
2665	6356
2911	6106
3617	6202
146	6358
1143	6360
1176	5862
1421	5994
3960	6074
996	6362
1262	6238
2020	5950
625	6018
1664	5916
3206	5792
3213	5792
3726	6352
4815	5814
5760	6190
190	6364
1290	6366
2129	6216
4048	6310
5091	6004
65	6354
2378	6368
4364	6370
4698	6050
5058	6372
2888	6312
4892	6244
262	6114
1407	6374
4318	5856
4328	5856
1471	6024
44	6210
983	6376
1378	6378
1668	5916
4437	6034
392	6160
3530	6178
651	6380
834	5998
1298	6270
1837	5864
5177	6382
150	6384
509	5804
654	6386
1358	6388
3046	6390
4609	6054
1960	5896
2145	6342
3342	6242
3528	6178
4273	6392
5298	5904
2376	6368
2996	6124
3986	5824
5631	5798
3422	6052
689	5874
2745	5954
3708	6394
4190	5962
2516	6396
2221	5842
2741	5954
5686	5800
3031	6100
3896	6398
4029	6400
2989	6124
2022	5950
2091	6230
4416	6402
4433	6034
5547	6090
5575	5880
4228	5846
339	5970
4372	6404
4613	6054
5636	5798
2857	6406
2994	6124
4168	6332
4610	6054
3021	6320
3275	6008
5709	6408
258	6114
955	6192
1165	6410
5391	5978
2959	6002
3251	5838
3277	6008
4170	6332
3538	6178
4115	5956
1058	5968
2374	6368
2568	5972
3824	6088
5030	6412
680	6414
1547	5912
5665	6196
588	6060
3689	5886
4429	6034
4767	6062
4768	6062
4859	6416
450	6006
616	6418
2541	5852
4911	6070
5499	5848
353	6098
1134	6032
2628	6420
3867	5976
5205	6140
5544	6090
985	6376
1571	5912
3574	5906
2315	5948
1203	5862
3998	5824
5255	5992
2160	6422
3163	6424
4408	6110
4616	6054
5448	6164
1887	5850
5176	6382
5214	6140
67	6354
663	6426
1425	5994
3312	5816
2421	6268
2456	5952
4036	6400
2132	6216
4993	5940
246	5928
2314	5948
4535	6136
4584	6250
5465	5958
2189	5842
3526	6178
2171	6428
3752	6262
883	6218
1206	5862
3181	6012
4808	5990
5395	5978
847	6430
5101	5878
395	6160
1019	6132
2834	5790
4576	6288
4765	6062
933	6064
2031	5950
2147	6342
3363	5884
4710	5826
2117	6432
2573	5972
3516	5930
5449	6164
828	5998
2428	6268
3959	6074
4639	5890
905	5868
3640	6202
5522	6176
282	6154
1963	5896
3576	5906
3739	6316
4222	5846
2844	6194
2988	6124
5608	6186
528	6232
1564	5912
2074	6434
3265	6436
3878	5996
5244	5992
2127	6216
2945	6438
4905	5796
4630	6148
4788	6076
4931	6028
6	6440
4431	6034
1359	6388
2337	6000
2702	6044
5599	6442
1057	5968
1679	5916
2416	6444
3607	6014
4064	6348
4308	6168
4458	6042
352	6098
449	6006
556	5836
4711	5826
5431	6446
5456	6448
1300	6270
2743	5954
3360	5884
3494	6298
4347	6450
4543	6136
158	6452
2762	5820
681	6414
439	6264
4169	6332
4307	6168
5215	6140
2043	5950
3425	6052
4171	6332
464	6006
2038	5950
4233	5846
1970	5896
4917	6454
902	5868
335	5970
3627	6202
4438	6034
4663	5988
148	6456
810	5964
1260	6238
2021	5950
2715	6326
5509	5908
1406	6374
2764	5820
3903	6048
3953	6074
5385	5978
5640	5798
1816	5864
4034	6400
4388	6108
124	5980
3567	5906
3816	6088
4306	6168
63	6354
1010	6458
1451	6024
1476	6024
5283	6278
448	6006
1023	6132
1667	5916
3629	6202
4805	5990
5150	6174
453	6006
1301	6270
1575	5912
3190	5792
3318	5816
1420	5994
4268	6392
177	6460
4127	5956
4916	6454
5243	5992
1168	6410
1258	6238
2635	6104
1552	5912
1918	5840
2580	5972
3320	5816
4209	6462
5350	6016
614	6464
2949	6466
3692	5886
4232	5846
5572	5880
43	6210
1676	5916
2352	5960
2040	5950
2070	6434
3832	6088
2275	6468
4357	6470
2215	5842
2664	6356
4360	6472
4923	6474
5722	6236
1432	5994
2415	6444
3997	5824
104	5882
5501	5848
903	5868
1261	6238
2960	6002
5271	6278
297	6344
1086	6188
688	5874
4995	5940
1574	5912
1781	6234
2559	5812
2950	6466
3426	6052
5348	6016
5609	6186
4257	5900
4790	6076
5353	6016
5354	6016
5562	5932
885	6218
2276	6468
511	5804
633	6182
1180	5862
1654	5916
2928	6166
4188	5962
4889	6244
1821	5864
2731	5832
4851	6476
5153	6174
5754	6190
216	6478
3791	5924
4992	5940
3515	5930
2042	5950
2272	6468
2843	6194
609	6480
2943	6438
3957	6074
40	6210
1542	5912
2899	6482
2936	6484
3208	5792
3633	6202
5247	5992
3062	6204
5254	5992
653	6386
3254	5838
2919	6486
1376	6378
1509	6488
1920	5840
4361	6490
4517	6134
5246	5992
5322	5870
5	6440
140	6086
1195	5862
1457	6024
2498	6492
5485	6252
1929	5840
2455	5952
5121	5878
5685	5800
1104	6080
2197	5842
2827	6150
3809	6010
5746	6272
205	6494
2003	5934
4477	5858
691	5874
5329	5870
4943	6496
998	6362
2311	5948
5100	5878
3434	6052
4644	5890
3934	5808
2130	6216
2469	5922
2529	6498
5435	6500
186	6128
567	6340
3956	6074
274	6082
1081	6188
4253	5900
1548	5912
3818	6088
1469	6024
1652	5916
3414	6052
366	5854
3486	5794
2037	5950
4521	6134
5508	5908
383	6502
2744	5954
3153	6504
4322	5856
4390	6108
3020	6320
3315	5816
2587	5972
4476	5858
404	6226
4714	5826
1313	6506
4374	6404
4841	6334
1181	5862
1460	6024
2758	5820
4922	6474
997	6362
1124	6206
2982	6124
3904	6048
4592	6250
254	6508
2520	6510
208	6512
1329	6514
1426	5994
2761	5820
4578	6288
1167	6410
3995	5824
886	6218
2006	5934
4035	6400
4054	6516
4480	5858
112	5828
2072	6434
5031	6412
809	5964
1016	6132
3619	6202
3648	6202
5066	5944
697	5874
1052	5968
1161	6518
2636	6104
2641	6290
4759	6062
435	6520
1334	6514
2034	5950
2079	6434
4694	6050
4921	6474
4123	5956
4952	6522
3693	5886
427	6524
470	6006
982	6376
1818	5864
3609	6014
77	6036
2172	6428
5273	6278
767	6152
1819	5864
2790	6142
5681	5800
1543	5912
197	6120
801	5964
1072	6318
5191	5834
2625	6420
2675	6526
154	6528
4614	6054
261	6114
757	6162
1155	6138
2626	6420
2645	6290
606	6530
1105	6080
1924	5840
2958	6002
4679	6532
5107	5878
5251	5992
2926	6534
632	6182
1316	6506
2071	6434
3247	5838
4692	6050
434	6520
780	6152
1080	6188
22	5786
299	6344
3688	5886
1757	5830
4343	6450
901	5868
1141	6360
1276	6020
1878	5850
2528	6498
181	6536
728	6072
2995	6124
1657	5916
2212	5842
2407	6274
3202	5792
3481	6538
3735	6316
1586	5912
1658	5916
2035	5950
2992	6124
2791	6142
4593	6250
773	6152
986	6376
2095	6230
2292	6084
2522	6540
2776	6142
3834	6088
471	6006
1424	5994
2220	5842
2746	5954
4282	5902
5416	5860
869	6542
1028	6132
4612	6054
5683	5800
472	6006
5444	6544
5556	5932
3032	6100
3033	6100
3423	6052
3952	6074
5641	5798
772	6152
3748	6262
5277	6278
4288	5902
4764	6062
5152	6174
825	5998
3296	6220
3572	5906
4003	5824
4324	5856
513	5804
1841	5864
4763	6062
961	6546
1009	6458
1289	6366
1395	5974
2203	5842
3636	6202
1002	6548
2785	6142
4080	5784
5756	6190
599	6550
1806	5864
2935	6484
3341	6242
204	6494
1684	5916
1927	5840
2578	5972
4346	6450
4725	5826
1969	5896
4791	6076
4687	6552
4854	6476
250	6554
1173	5862
3831	6088
4818	5814
1073	6318
1350	6556
3642	6202
597	6550
2739	5954
3427	6052
4255	5900
4342	6450
2440	5866
403	6226
3728	6352
3761	6262
2877	5936
5720	6236
1333	6514
2313	5948
2458	5952
5706	6408
1879	5850
4941	6496
225	6200
230	6130
4055	6516
1912	5840
1962	5896
3685	5886
5207	6140
53	6224
57	6224
1506	6488
1579	5912
3052	6390
3179	6012
3737	6316
4760	6062
5463	5958
1745	6158
2724	6172
4606	6054
1412	6558
4211	6462
5149	6174
1291	6366
1344	6240
5361	6016
428	6524
1328	6514
1332	6514
701	5874
2777	6142
4436	6034
1986	6056
3355	5884
613	6464
647	6560
776	6152
1129	6562
1331	6514
1558	5912
1311	6506
2306	5948
3725	6352
4119	5956
4435	6034
805	5964
1465	6024
1528	6038
2733	5832
4885	6244
4990	5940
355	6098
3095	6564
3166	6346
605	6530
1082	6188
1455	6024
3147	6112
3203	5792
5023	5910
5542	6090
128	6566
862	5984
1145	6360
3684	5886
3984	5824
76	6036
2535	5852
3142	6568
3527	6178
3694	5886
969	6546
1317	6506
1885	5850
2555	5812
5775	5892
4164	6332
4998	5940
748	5982
2738	5954
3603	6014
4635	5890
5206	6140
662	6426
2441	5866
3808	6010
1365	6228
3987	5824
4393	6108
151	6570
2870	6208
5114	5878
2871	6208
692	5874
2964	6002
3977	6572
5541	6090
5557	5932
424	6338
1812	5864
3944	6330
4874	6574
590	6060
1207	5862
4085	5784
212	6576
413	6578
2004	5934
2427	6268
873	6580
2589	5972
5217	6140
1274	6020
1926	5840
2504	6492
3513	5930
3717	6300
4983	5940
3353	5884
3643	6202
1466	6024
2093	6230
5482	6252
454	6006
2503	6492
3566	5906
4109	5956
4804	5990
2359	5960
3534	6178
4428	6034
2836	5790
3276	6008
3734	6316
5079	6126
1138	6582
3015	6302
512	5804
3707	6394
4130	5956
4478	5858
5622	6280
548	6092
866	6584
3386	6146
2672	6526
3157	6118
3389	6146
3807	6010
3994	5824
3991	5824
5203	6140
1077	6188
1790	6234
2152	6306
2226	5842
3289	6220
3788	5924
3279	6008
4229	5846
1545	5912
3428	6052
5209	6140
4379	6286
5635	5798
555	5836
1671	5916
2661	6586
4570	6198
4636	5890
3029	6100
4272	6392
4821	5814
5721	6236
334	5970
1100	6588
3758	6262
5770	5892
1805	5864
2847	6194
5327	5870
1518	5788
2486	6144
4389	6108
5630	5798
3504	6304
4645	5890
4111	5956
5049	5810
621	6018
2569	5972
3733	6316
4817	5814
1079	6188
2429	6268
769	6152
1661	5916
451	6006
690	5874
1670	5916
2620	6212
2681	6590
4844	6334
4904	5796
1923	5840
2552	5812
378	5946
693	5874
2633	6104
5280	6278
2483	6144
3217	5792
98	6592
463	6006
2828	6150
3402	5806
3430	6052
4163	6332
96	6592
315	5894
1087	6188
1349	6556
1683	5916
4251	5900
4969	6214
5661	6196
317	5894
1273	6020
1431	5994
564	6340
3502	6304
4067	6348
505	5804
1588	5912
2422	6268
2656	6594
1660	5916
3480	6538
3839	6088
4325	5856
455	6006
1531	6038
1570	5912
4213	6462
4341	6450
4723	5826
2381	6368
3321	5816
5249	5992
1653	5916
3583	5906
4069	6348
354	6098
1932	5840
4394	6108
4560	6596
3709	6394
3829	6088
4373	6404
5500	5848
1829	5864
3291	6220
1140	6360
1930	5840
4678	6532
5325	5870
5589	6184
287	6314
2161	6422
3250	5838
3939	6330
3961	6074
4930	6028
2191	5842
2765	5820
3191	5792
4407	6110
4490	5858
4709	5826
2397	6296
2956	6002
5464	5958
110	5828
3125	6096
3781	5924
3881	5996
3940	6330
4183	5962
4695	6050
5545	6090
600	6550
1779	6234
2515	6396
3390	6146
4090	5784
4250	5900
1656	5916
2111	6598
2134	6216
2627	6420
5220	6140
2496	6492
2913	6106
5216	6140
5470	5958
28	6336
178	6460
3805	6010
4971	6214
164	6600
2588	5972
4028	6400
4070	6348
4488	5858
2643	6290
3051	6390
3571	5906
927	6064
960	6546
2967	6002
2362	5960
586	6060
1116	6602
3322	5816
4340	6450
4487	5858
5040	6258
2135	6216
3471	5818
3645	6202
3894	6398
1648	5916
2318	5948
3826	6088
4591	6250
5119	5878
2076	6434
3972	6572
4638	5890
5089	6004
5520	6176
45	6210
251	6554
2169	6428
3127	6096
4685	6552
872	6580
1253	6238
2119	6432
2351	5960
1364	6228
2204	5842
3281	6008
1892	5850
3976	6572
1544	5912
1647	5916
4046	6310
4117	5956
1108	6080
2781	6142
3084	5986
1880	5850
3356	5884
1156	6138
3568	5906
4191	5962
5315	5870
1189	5862
5202	6140
2786	6142
2887	6312
4721	5826
1780	6234
2487	6144
5574	5880
5664	6196
1049	5968
3626	6202
4426	6034
5434	6500
1568	5912
2097	6230
3837	6088
3895	6398
3139	6568
312	5894
457	6006
645	6560
2112	6598
2173	6428
4002	5824
4049	6310
4161	6332
5349	6016
924	6064
4460	6042
5035	5942
2005	5934
4032	6400
5680	5800
3105	5822
131	6604
1817	5864
3357	5884
4819	5814
1894	5850
2963	6002
3406	5806
3420	6052
1510	6488
1573	5912
1990	6056
2308	5948
3988	5824
4162	6332
4283	5902
4964	6606
1576	5912
2175	6428
2317	5948
2703	6044
3180	6012
4605	6054
10	6440
269	6608
405	6226
821	6610
908	5868
1822	5864
2174	6428
4129	5956
460	6006
1204	5862
2757	5820
1835	5864
2036	5950
3632	6202
4795	6076
1777	6234
2414	6444
2835	5790
3992	5824
4456	6042
5147	6174
5282	6278
5389	5978
655	6386
1182	5862
1389	5974
3172	6026
3865	5976
5560	5932
2500	6492
3482	6538
547	6612
5151	6174
18	5802
962	6546
1022	6132
2417	6444
2655	6594
4686	6552
541	6614
644	6560
445	6006
563	6340
1007	6458
4227	5846
1788	6234
1459	6024
2585	5972
2868	6208
3192	5792
911	5868
5218	6140
2682	6590
4482	5858
5610	6186
3196	5792
3625	6202
3825	6088
4666	5988
4824	5814
56	6224
829	5998
1122	6206
1190	5862
1644	5916
2294	6084
2792	6142
3384	6146
5154	6174
1462	6024
3923	5926
4793	6076
5065	5944
2737	5954
5248	5992
340	5970
2073	6434
3756	6262
5386	5978
3628	6202
4270	6392
5093	6004
679	6414
1672	5916
1787	6234
4234	5846
367	5854
4299	6168
1890	5850
3892	6398
1759	5830
2213	5842
5457	6448
5687	5800
64	6354
429	6524
1473	6024
3106	5822
3955	6074
4434	6034
807	5964
2092	6230
2829	6150
3922	5926
700	5874
1084	6188
1390	5974
4065	6348
4479	5858
4974	6214
1984	6056
2901	6482
4953	6522
1666	5916
2077	6434
5363	6016
2826	6150
4814	5814
1467	6024
4563	6170
4985	5940
137	6260
2379	6368
3060	6204
4493	5858
1584	5912
4915	6454
1687	5916
1989	6056
2110	6598
4730	5826
4842	6334
113	5828
1192	5862
3266	6436
92	6616
2225	5842
4112	5956
5077	6126
74	6036
1392	5974
4033	6400
5506	5908
1367	6228
3094	6564
5392	5978
5523	6176
91	6616
296	6344
1474	6024
771	6152
2577	5972
3403	5806
4928	6028
4876	6574
1739	6158
3324	5816
3621	6202
4030	6400
4231	5846
5270	6278
5484	6252
1429	5994
1913	5840
4708	5826
5598	6442
1686	5916
2098	6230
3512	5930
4852	6476
5113	5878
441	6264
1659	5916
1832	5864
426	6524
1814	5864
5358	6016
849	6266
1259	6238
2854	6406
3975	6572
4731	5826
2290	6084
2557	5812
4457	6042
4481	5858
1581	5912
2798	6142
3532	6178
4132	5956
313	5894
3140	6568
3424	6052
5528	6176
826	5998
1685	5916
2465	5922
4420	6618
1162	6518
580	6620
1330	6514
1761	5830
3718	6300
702	5874
2519	6510
3569	5906
3989	5824
5048	5810
66	6354
1201	5862
1915	5840
1540	5912
1583	5912
1931	5840
2653	6622
3495	6298
4284	5902
831	5998
1541	5912
1922	5840
2929	6166
5355	6016
1144	6360
1983	6056
1303	6270
2075	6434
2146	6342
2539	5852
5415	5860
90	6616
1968	5896
2162	6422
2480	6624
3311	5816
4327	5856
4869	6256
4875	6574
3248	5838
1405	6374
2477	6626
3649	6202
1197	5862
1382	6116
3517	5930
2278	6468
3565	5906
4890	6244
3941	6330
4693	6050
467	6006
5063	5944
2273	6468
2466	5922
2966	6002
4991	5940
1882	5850
3815	6088
4463	6042
29	6336
209	6512
1117	6602
2206	5842
5102	5878
4281	5902
4522	6134
4732	5826
310	5894
1760	5830
3050	6390
4944	6496
2499	6492
2780	6142
3830	6088
4267	6392
5190	5834
3579	5906
3581	5906
4221	5846
667	6328
2454	5952
1640	5916
2551	5812
3295	6220
3577	5906
219	5872
239	6628
3630	6202
3821	6088
4345	6450
5546	6090
196	6120
739	6248
3155	6118
4366	6066
4729	5826
162	6600
4541	6136
4589	6250
4646	5890
928	6064
1363	6228
1669	5916
4532	5888
882	6218
1529	6038
2558	5812
5036	5942
5278	6278
5710	6408
130	6604
1083	6188
2590	5972
5689	5800
1928	5840
2444	5866
3271	5914
4419	6618
4462	6042
350	6098
770	6152
970	6546
2642	6290
3782	5924
1282	6630
3435	6052
4212	6462
550	6092
2310	5948
3096	6564
3638	6202
1673	5916
1985	6056
4126	5956
824	5998
2886	6312
5112	5878
5619	6280
1109	6080
3524	6178
4727	5826
3	6632
2968	6002
3787	5924
4792	6076
5753	6190
922	6064
3405	5806
4439	6034
623	6018
5252	5992
659	6634
966	6546
1964	5896
3210	5792
3974	6572
4986	5940
5075	6126
436	6520
4392	6108
4864	6636
585	6060
687	5874
2579	5972
4091	5784
4853	6476
745	6638
5433	6500
407	6226
461	6006
2201	5842
75	6036
1174	5862
1453	6024
3012	6302
4226	5846
4585	6250
4951	6522
1737	6158
1809	5864
4304	6168
2109	6598
2128	6216
5204	6140
1808	5864
4484	5858
5443	6544
446	6006
598	6550
4266	6392
351	6098
2361	5960
2377	6368
4384	6108
5111	5878
2674	6526
3416	6052
3784	5924
5078	6126
55	6224
542	6614
610	6480
4114	5956
4224	5846
5080	6126
5489	6252
3117	6096
3124	6096
956	6192
1546	5912
35	6058
1299	6270
726	6072
2900	6482
3119	6096
3317	5816
3716	6300
281	6154
2706	6044
2783	6142
3383	6146
4110	5956
5044	6022
4321	5856
5679	5800
888	6218
963	6546
1312	6506
1663	5916
3212	5792
1198	5862
1649	5916
2033	5950
2123	6640
532	6232
3065	6204
4421	6618
191	6364
275	6082
3879	5996
4271	6392
5393	5978
1507	6488
2501	6492
3418	6052
3533	6178
5745	6272
1031	6132
2799	6142
3535	6178
1433	5994
1830	5864
2170	6428
2403	6274
2690	6308
4118	5956
4303	6168
4540	6136
1188	5862
1587	5912
3141	6568
1519	5788
1833	5864
1166	6410
1762	5830
2898	6482
4057	6516
4554	6350
5600	6442
33	6058
377	5946
474	6006
768	6152
830	5998
2939	6282
3985	5824
4863	6636
5527	6176
1557	5912
5638	5798
155	6528
1468	6024
3417	6052
4344	6450
4716	5826
5529	6176
3747	6262
163	6600
1642	5916
2502	6492
1828	5864
2439	5866
3736	6316
5021	5910
5730	6246
78	6036
2468	5922
3316	5816
4286	5902
1318	6506
4378	6286
4696	6050
670	6642
1553	5912
3049	6390
756	6162
1292	6366
2340	6000
562	6340
965	6546
3101	5822
3786	5924
3833	6088
2957	6002
3365	5884
1078	6188
1914	5840
4079	5784
4414	6644
4988	5940
1934	5840
4640	5890
1556	5912
2993	6124
3990	5824
3171	6026
678	6414
3351	5884
3836	6088
3933	5808
4302	6168
4519	6134
4087	5784
2865	6646
3162	6424
2395	6296
5208	6140
338	5970
2497	6492
884	6218
2524	6540
3438	6052
4955	6522
4823	5814
5732	6246
2028	5950
4358	6470
4728	5826
5488	6252
8	6440
365	5854
2680	6590
2705	6044
2720	6648
214	6650
1921	5840
2192	5842
1211	5862
4673	6156
4989	5940
5587	6184
566	6340
2207	5842
3570	5906
41	6210
1024	6132
2274	6468
2316	5948
3710	6394
3868	5976
447	6006
934	6064
2200	5842
3419	6052
1454	6024
242	6102
2864	6646
3122	6096
4406	6110
4489	5858
5108	5878
5303	5904
1177	5862
5442	6544
2228	5842
2667	6356
2896	6482
5451	6164
581	6620
1562	5912
1577	5912
2382	6368
1965	5896
2485	6144
1477	6024
4068	6348
4965	6606
2402	6274
2787	6142
725	6072
3165	6346
4230	5846
4722	5826
2196	5842
3539	6178
1427	5994
2341	6000
3413	6052
4963	6606
508	5804
2572	5972
3931	5808
300	6344
337	5970
1130	6562
1200	5862
1315	6506
3634	6202
5427	6292
224	6200
1677	5916
1840	5864
3066	6204
5166	6222
5439	6284
4116	5956
419	6294
2024	5950
5279	6278
5394	5978
5628	5798
3506	6304
5569	5880
4120	5956
4555	6350
1101	6588
2855	6406
3437	6052
3575	5906
5057	6372
2571	5972
3264	6436
4167	6332
1966	5896
3993	5824
4586	6250
5103	5878
1782	6234
2188	5842
729	6072
2760	5820
3255	5838
3352	5884
3339	6242
3573	5906
4571	6198
4664	5988
9	6440
504	5804
925	6064
1257	6238
394	6160
5620	6280
5675	5800
775	6152
1184	5862
3973	6572
1566	5912
3873	5996
641	6652
3319	5816
1194	5862
2357	5960
86	6654
1811	5864
2484	6144
3064	6204
3910	5918
87	6654
182	6536
554	5836
2190	5842
3030	6100
4256	5900
4717	5826
393	6160
675	6276
1142	6360
5660	6196
3820	6088
4367	6066
95	6592
192	6364
3086	5986
871	6580
3542	6178
5735	6246
1463	6024
1919	5840
5512	5908
2295	6084
4970	6214
1662	5916
1742	6158
2355	5960
2375	6368
3022	6320
3211	5792
4092	5784
4697	6050
1834	5864
2078	6434
3197	5792
1655	5916
3034	6100
935	6064
1756	5830
3085	5986
3536	6178
4220	5846
5629	5798
1678	5916
4677	6532
3047	6390
5276	6278
466	6006
4568	6046
5281	6278
2796	6142
4417	6402
4860	6416
2007	5934
3470	5818
5585	6184
2897	6482
3415	6052
4386	6108
97	6592
744	6638
1015	6132
1056	5968
1394	5974
1472	6024
5736	6246
4962	6606
1826	5864
3433	6052
3608	6014
4186	5962
967	6546
1785	6234
2227	5842
3013	6302
4464	6042
4940	6496
2210	5842
3874	5996
3361	5884
3622	6202
4772	6062
1563	5912
1452	6024
1508	6488
2118	6432
3199	5792
5486	6252
5744	6272
4133	5956
4726	5826
4761	6062
3313	5816
3759	6262
4483	5858
5716	6236
698	5874
1682	5916
2586	5972
3100	5822
3760	6262
5074	6126
417	6294
2029	5950
3763	6262
233	6656
1988	6056
2688	6308
4027	6400
4425	6034
561	6340
4588	6250
237	6658
931	6064
268	6608
3924	5926
5105	5878
1128	6562
1302	6270
1565	5912
2405	6274
3123	6096
4984	5940
5771	5892
1352	6556
2030	5950
2333	6000
3359	5884
5178	6382
276	6082
385	6502
646	6560
738	6248
1050	5968
2219	5842
2279	6468
2288	6084
3641	6202
3620	6202
5425	6292
5658	6196
634	6182
222	6660
456	6006
4684	6552
2026	5950
2159	6422
2168	6428
636	6182
846	6430
2193	5842
2797	6142
3822	6088
4122	5956
4840	6334
569	6340
1183	5862
1893	5850
2536	5852
5757	6190
696	5874
5759	6190
1366	6228
1831	5864
2779	6142
2987	6124
4056	6516
2124	6640
3996	5824
473	6006
2380	6368
3757	6262
3880	5996
4269	6392
5634	5798
2131	6216
2660	6586
3687	5886
4954	6522
5186	5834
3631	6202
5253	5992
5323	5870
530	6232
1961	5896
1680	5916
3646	6202
3943	6330
4770	6062
3195	5792
3294	6220
5173	6382
506	5804
1414	6558
2199	5842
2666	6356
3817	6088
1118	6602
1827	5864
2185	5842
4486	5858
5118	5878
5396	5978
2793	6142
3635	6202
4084	5784
4590	6250
5068	5944
778	6152
4066	6348
4455	6042
5122	5878
5487	6252
414	6578
1741	6158
4339	6450
686	5874
1099	6588
5678	5800
308	5894
341	5970
1738	6158
2570	5972
1550	5912
364	5854
889	6218
766	6152
1820	5864
2858	6406
2944	6438
5250	5992
5597	6442
5772	5892
2723	6172
1569	5912
1917	5840
3637	6202
5606	6186
1650	5916
2019	5950
4001	5824
4031	6400
4771	6062
4816	5814
5164	6222
765	6152
1551	5912
2277	6468
3754	6262
295	6344
1357	6388
4516	6134
5213	6140
5663	6196
1017	6132
1422	5994
2719	6648
2878	5936
2885	6312
3063	6204
4053	6516
103	5882
1020	6132
1208	5862
3499	6662
5109	5878
5175	6382
5302	5904
1789	6234
2918	6486
3194	5792
3537	6178
1825	5864
2931	6166
3604	6014
3624	6202
3792	5924
4769	6062
5511	5908
174	5920
2443	5866
3292	6220
3751	6262
3893	6398
4192	5962
1674	5916
241	6102
2442	5866
5684	5800
1527	6038
3354	5884
3785	5924
4285	5902
5120	5878
2553	5812
3472	5818
3525	6178
851	6266
2856	6406
2032	5950
4287	5902
5351	6016
3290	6220
1281	6630
3120	6096
3249	5838
3639	6202
5272	6278
4000	5824
1059	5968
4996	5940
3762	6262
4559	6596
5461	5958
5462	5958
5758	6190
730	6072
923	6064
1146	6360
4583	6250
4973	6214
5558	5932
5662	6196
510	5804
752	6664
1179	5862
2158	6422
3401	5806
5059	6372
2789	6142
2884	6312
2923	6666
4184	5962
2584	5972
3207	5792
1578	5912
3487	5794
3623	6202
5115	5878
3126	6096
4195	5962
5318	5870
507	5804
1314	6506
2153	6306
4542	6136
1555	5912
2069	6434
3270	5914
727	6072
1554	5912
2307	5948
5398	5978
468	6006
804	5964
850	6266
3827	6088
1458	6024
1567	5912
3061	6204
1351	6556
1391	5974
3299	6220
4323	5856
4820	5814
5320	5870
2205	5842
2383	6368
4981	5940
1810	5864
1839	5864
4427	6034
1883	5850
3919	5938
3942	6330
5301	5904
161	6600
4300	6168
4577	6288
458	6006
1212	5862
5050	5810
5719	6236
5734	6246
314	5894
1643	5916
527	6232
1675	5916
2154	6306
2990	6124
3314	5816
5682	5800
1209	5862
4165	6332
5455	6448
384	6502
1186	5862
5633	5798
3429	6052
1205	5862
5507	5908
386	6502
1256	6238
1758	5830
1836	5864
2876	5936
189	6364
1884	5850
1959	5896
2423	6268
3540	6178
4929	6028
5067	5944
2360	5960
2951	6466
5540	6090
2687	6308
4391	6108
5174	6382
984	6376
1404	6374
881	6218
2697	6668
3028	6100
3048	6390
3644	6202
2523	6540
2730	5832
4914	6454
289	6314
1029	6132
2685	6308
1526	6038
2530	6498
4430	6034
5526	6176
874	6580
1470	6024
2425	6268
4629	6148
5192	5834
5346	6016
964	6546
4758	6062
937	6064
1187	5862
2842	6194
2846	6194
4086	5784
4494	5858
5324	5870
26	6336
529	6232
1284	6630
1549	5912
1815	5864
1987	6056
1388	5974
2096	6230
1178	5862
2039	5950
3578	5906
1475	6024
4942	6496
1008	6458
2394	6296
3343	6242
4187	5962
5525	6176
1681	5916
4210	6462
695	5874
2962	6002
257	6114
779	6152
802	5964
926	6064
5588	6184
5632	5798
753	6664
820	6610
1342	6240
1191	5862
2922	6666
4134	5956
4252	5900
2202	5842
3877	5996
4643	5890
5019	5910
5110	5878
1003	6548
1585	5912
1784	6234
533	6232
3783	5924
4320	5856
5707	6408
579	6620
7	6440
2293	6084
3715	6300
1199	5862
2902	6482
4128	5956
5717	6236
910	5868
1283	6630
2646	6290
5583	6184
5708	6408
672	6670
1413	6558
2426	6268
2689	6308
3749	6262
235	6672
1377	6378
2488	6144
2673	6526
2775	6142
904	5868
1345	6240
1916	5840
2216	5842
286	6314
617	6418
968	6546
3107	5822
3385	6146
4719	5826
4802	6076
5123	5878
342	5970
2932	6166
3026	6320
3777	6262
1047	6132
1523	5788
2102	6230
2115	6598
2663	6586
4468	6042
5548	6090
4040	6400
4958	6522
2399	6296
1410	6374
2749	5954
3555	6178
3950	6330
4026	5824
4498	5858
3916	5918
1605	5912
2830	6150
3257	5838
4241	5846
11	6440
167	6600
5062	6372
2046	5950
2090	6434
4182	6332
4633	6148
1612	5912
1148	6360
1768	5830
2816	6142
3018	6302
3889	5996
99	6592
479	6006
4073	6348
2446	5866
3006	6124
3335	5816
664	6426
760	6162
2873	6208
4039	6400
5581	5880
5764	6190
1487	6024
1614	5912
4333	5856
5577	5880
1126	6206
1512	6488
4690	6552
5375	6016
486	6006
2814	6142
5268	5992
61	6224
517	5804
302	6344
327	5894
1323	6506
3614	6014
3803	5924
1097	6188
2327	5948
2890	6312
2997	6124
4556	6350
5494	6252
3263	5838
3883	5996
3913	5918
5307	5904
2807	6142
4412	6110
4783	6062
3519	5930
4562	6596
194	6364
223	6660
1324	6506
1341	6514
4292	5902
4895	6244
5715	6408
608	6530
4137	5956
199	6120
3721	6300
278	6082
3560	6178
4278	6392
4787	6062
837	5998
1982	5896
1325	6506
1860	5864
3613	6014
4582	6288
4848	6334
950	6064
4335	5856
4497	5858
5701	5800
2011	5934
3937	5808
333	5894
912	5868
940	6064
4680	6532
893	6218
3222	5792
4415	6644
1899	5850
5038	5942
5196	5834
200	6120
583	6620
2251	5842
2908	6482
5133	5878
791	6152
1437	5994
1622	5912
2240	5842
1088	6188
2651	6290
5269	5992
3371	5884
4075	6348
4551	6136
4600	6250
5537	6176
1946	5840
3262	5838
4051	6310
709	5874
863	5984
1014	6458
2348	6000
3699	5886
4980	6214
1951	5840
1980	5896
2915	6106
1611	5912
1979	5896
5231	6140
144	6086
1295	6366
1995	6056
2089	6434
2323	5948
1900	5850
2241	5842
2953	6466
4180	6332
5313	5904
639	6182
5713	6408
3659	6202
4872	6256
4977	6214
918	5868
157	6528
734	6072
1482	6024
2105	6230
4178	6332
5437	6500
5611	6186
306	6344
844	5998
1322	6506
5055	5810
5495	6252
5667	6196
240	6628
628	6018
5673	6196
3886	5996
4100	5784
5002	5940
2977	6002
3453	6052
3559	6178
5169	6222
5261	5992
5518	5908
4329	5856
5532	6176
93	6616
519	5804
3219	5792
4199	5962
4411	6110
4705	6050
574	6340
735	6072
1272	6238
1904	5850
2506	6492
1043	6132
2245	5842
2543	5852
516	5804
3007	6124
1491	6024
4158	5956
4381	6286
1305	6270
2114	6598
5341	5870
3584	5906
1011	6458
2481	6624
2711	6044
4181	6332
360	6098
1939	5840
2880	5936
4238	5846
1590	5912
3442	6052
4979	6214
878	6580
4103	5784
5657	5798
421	6294
502	6006
854	6266
3441	6052
3853	6088
71	6354
4603	6250
4628	6054
2492	6144
1000	6362
410	6226
1074	6318
1954	5840
4552	6136
546	6324
1340	6514
2330	5948
2677	6526
4441	6034
5140	5878
551	6092
3099	6564
3672	6202
4275	6392
5441	6284
117	5828
1859	5864
1998	6056
2282	6468
2564	5812
2973	6002
3485	6538
4296	5902
5671	6196
4363	6490
4526	6134
723	6094
2284	6468
3764	6262
5481	5958
716	5874
1037	6132
4094	5784
3724	6300
5666	6196
277	6082
1481	6024
1504	6024
3396	6146
4549	6136
3241	5792
3668	6202
1974	5896
3746	6316
3971	6074
5767	6190
3600	5906
5580	5880
2608	5972
4011	5824
1214	5862
5749	6272
2692	6308
3232	5792
3350	6242
3370	5884
3963	6074
1288	6630
2370	5960
3590	5906
430	6524
1268	6238
1702	5916
5157	6174
2820	6142
5056	5810
793	6152
921	5868
2120	6432
3377	5884
4443	6034
5603	6442
5780	5892
571	6340
2714	6044
4014	5824
2365	5960
5156	6174
537	6232
1908	5850
2906	6482
5370	6016
5519	5908
2658	6594
5401	5978
2839	5790
5643	5798
3458	6052
3891	5996
4620	6054
1606	5912
2104	6230
2181	6428
2248	5842
1034	6132
1497	6024
3546	6178
4701	6050
1937	5840
3882	5996
4160	5956
4315	6168
147	6358
1996	6056
1997	6056
3798	5924
5144	5878
5333	5870
1868	5864
4906	5796
5236	6140
2261	5842
4237	5846
2057	5950
2268	5842
5194	5834
5284	6278
2860	6406
3108	5822
3236	5792
2970	6002
1113	6080
2180	6428
4297	5902
1075	6318
2801	6142
4375	6404
2800	6142
2891	6312
2904	6482
5134	5878
2649	6290
5624	6280
5765	6190
2012	5934
32	6336
188	6128
1628	5912
2000	6056
3024	6320
4274	6392
518	5804
2840	5790
2862	6406
3218	5792
5334	5870
1264	6238
1715	5916
2669	6356
5373	6016
187	6128
2082	6434
4737	5826
731	6072
3915	5918
4624	6054
673	6670
1233	5862
2136	6216
4510	5858
5222	6140
737	6072
913	5868
3723	6300
3650	6202
4376	6404
1703	5916
3949	6330
4005	5824
2914	6106
3399	6146
3587	5906
3729	6352
4242	5846
637	6182
1380	6378
1910	5850
4960	6522
2150	6342
2691	6308
1369	6228
1479	6024
1624	5912
2512	6492
4018	5824
363	6098
3455	6052
4259	5900
5016	5940
370	5854
2595	5972
2679	6526
3368	5884
5436	6500
747	6638
1398	5974
2560	5812
5070	5944
669	6328
2678	6526
3799	5924
4148	5956
1110	6080
2917	6106
4659	5890
4830	5814
5413	5978
2346	6000
4177	6332
4512	5858
4733	5826
5335	5870
2239	5842
5037	5942
3244	5792
4813	5990
1496	6024
2933	6166
3597	5906
5291	6278
83	6036
2695	6308
4154	5956
4550	6136
152	6570
838	5998
3456	6052
4317	6168
5410	5978
612	6480
895	6218
3169	6346
4062	6516
668	6328
2509	6492
3906	6048
4777	6062
818	5964
211	6512
4139	5956
575	6340
4037	6400
4846	6334
495	6006
2155	6306
3009	6124
3797	5924
5073	5944
4503	5858
5408	5978
558	5836
2850	6194
4667	5988
2050	5950
2449	5866
2462	5952
2605	5972
3287	6008
4138	5956
52	6210
2081	6434
3286	6008
1753	6158
3905	6048
4741	5826
3038	6100
3928	5926
4008	5824
4104	5784
682	6414
1852	5864
3131	6096
4175	6332
5458	6448
649	6560
2254	5842
4754	5826
175	5920
1704	5916
4074	6348
4145	5956
5161	6174
5085	6126
3464	6052
4861	6416
5480	5958
5505	5848
1875	5864
16	6440
535	6232
2841	5790
1594	5912
3221	5792
5491	6252
193	6364
2302	6084
4527	6134
1701	5916
1906	5850
3713	6394
1445	5994
4105	5784
761	6162
3508	6304
4107	5784
5054	5810
1278	6020
1724	5916
4099	5784
94	6616
743	6248
3908	6048
4206	5962
657	6386
1120	6602
2045	5950
3261	5838
3970	6074
5285	6278
5339	5870
619	6418
867	6584
2804	6142
1220	5862
2085	6434
3859	6088
4621	6054
345	5970
591	6060
1635	5912
2051	5950
2058	5950
2883	5936
845	5998
3585	5906
361	6098
602	6550
3185	6012
3679	6202
5029	5910
5650	5798
2286	6468
3302	6220
5670	6196
783	6152
2905	6482
4627	6054
5751	6272
1952	5840
2347	6000
2366	5960
4248	5846
1935	5840
2598	5972
3274	5914
3550	6178
4348	6450
870	6542
2832	6150
1228	5862
2068	5950
2774	5820
4262	5900
5223	6140
3545	6178
3611	6014
595	6060
2401	6296
3461	6052
4515	5858
5703	5800
1064	5968
1607	5912
2281	6468
2436	6268
4675	6156
5497	6252
1480	6024
2325	5948
5294	6278
380	5946
1709	5916
3397	6146
1098	6188
1513	6488
2184	6428
2617	5898
3330	5816
5312	5904
3372	5884
4022	5824
4598	6250
656	6386
4669	5988
5060	6372
665	6426
1306	6270
1616	5912
1689	5916
109	5882
534	6232
3901	6398
4862	6416
5297	6278
343	5970
4247	5846
176	5920
1843	5864
2149	6342
3376	5884
2981	6002
168	6600
280	6082
794	6152
899	6218
3111	5822
4746	5826
1251	5862
1403	5974
180	6460
3772	6262
1245	5862
2326	5948
2386	6368
4918	6454
4015	5824
4217	6462
5479	5958
4947	6496
437	6520
865	5984
2812	6142
5072	5944
5472	5958
2549	5852
3307	6220
4207	5962
4750	5826
5698	5800
1443	5994
3730	6352
4533	5888
4561	6596
611	6480
3813	6010
1609	5912
3379	5884
4050	6310
4235	5846
5097	6004
2259	5842
5135	5878
4632	6148
3446	6052
1902	5850
4743	5826
5614	6186
5776	5892
631	6018
897	6218
3336	5816
5126	5878
2054	5950
3175	6026
4451	6034
171	6040
500	6006
2300	6084
3042	6100
3301	6220
4619	6054
1164	6518
2230	5842
3742	6316
84	6036
238	6658
3098	6564
3518	5930
5011	5940
5616	6186
201	6120
1940	5840
3657	6202
4279	6392
1127	6206
1897	5850
2547	5852
5125	5878
538	6232
3373	5884
4277	6392
4856	6476
5553	6090
1346	6240
2157	6306
5233	6140
5257	5992
5336	5870
1499	6024
1731	5916
5345	5870
3800	5924
813	5964
1751	6158
594	6060
1977	5896
5199	5834
711	5874
842	5998
4936	6028
5306	5904
1304	6270
1397	5974
1911	5850
3969	6074
5082	6126
5131	5878
358	6098
4894	6244
203	6180
1248	5862
2892	6312
3741	6316
1610	5912
1976	5896
2016	5934
3186	6012
3329	5816
3615	6014
1223	5862
2451	5866
5224	6140
433	6524
1230	5862
1287	6630
2108	6230
3160	6118
329	5894
3310	6220
1093	6188
5504	5848
1271	6238
2768	5820
2817	6142
3409	5806
4078	6348
4755	5826
1381	6378
2907	6482
4096	5784
5750	6272
917	5868
2062	5950
3282	6008
4044	6400
4558	6350
4847	6334
3178	6026
2683	6590
3523	5930
3920	5938
4739	5826
4893	6244
5513	5908
2141	6216
3055	6390
4261	5900
5296	6278
5724	6236
1945	5840
3011	6124
3025	6320
3731	6352
4077	6348
4668	5988
2972	6002
3146	6568
3864	6088
3890	5996
4833	5814
5424	5860
422	6294
894	6218
5591	6184
1901	5850
3449	6052
981	6546
1694	5916
2048	5950
4265	5900
73	6354
1637	5912
1842	5864
2244	5842
3129	6096
3794	5924
5477	5958
2164	6422
2813	6142
3596	5906
3770	6262
652	6380
1307	6270
1360	6388
2493	6144
4013	5824
4681	6532
264	6114
1690	5916
2803	6142
3767	6262
3981	6572
2464	5952
2916	6106
3237	5792
3187	6012
100	6592
229	6200
1227	5862
3128	6096
4071	6348
4176	6332
2602	5972
4244	5846
1493	6024
3812	6010
4800	6076
596	6060
811	5964
1171	6410
4017	5824
5293	6278
1867	5864
4298	5902
684	6414
3476	5818
4656	5890
1537	6038
2103	6230
2947	6438
4024	5824
4566	6170
4424	6618
4650	5890
195	6364
4147	5956
2548	5852
5200	5834
108	5882
2389	6368
4072	6348
265	6114
2363	5960
976	6546
3966	6074
4845	6334
1700	5916
3744	6316
4060	6516
1535	6038
1848	5864
2391	6368
2808	6142
3288	6008
3673	6202
5371	6016
3259	5838
4045	6400
4938	6028
836	5998
2083	6434
2322	5948
4671	5988
5778	5892
714	5874
1309	6270
2623	6212
4442	6034
4658	5890
5712	6408
601	6550
1972	5896
2478	6626
4157	5956
5365	6016
2700	6122
5309	5904
5668	6196
920	5868
1604	5912
4019	5824
995	6030
1861	5864
5594	6184
5761	6190
1693	5916
2954	6466
2430	6268
2450	5866
2717	6326
2910	6482
4098	5784
3082	5844
3333	5816
3380	5884
5017	5940
879	6580
3612	6014
4336	5856
46	6210
2619	5898
2676	6526
3303	6220
443	6264
2603	5972
3457	6052
4370	6066
522	5804
1600	5912
1716	5916
3143	6568
3452	6052
2166	6422
4528	6134
322	5894
642	6652
2734	5832
3899	6398
1994	6056
3594	5906
4879	6574
559	5836
1973	5896
3054	6390
4332	5856
5567	5932
1066	5968
1267	6238
1591	5912
3338	5816
4529	6134
1012	6458
1279	6020
3092	5986
5290	6278
5454	6164
792	6152
3439	6052
5646	5798
5695	5800
3980	6572
5554	6090
1707	5916
2632	6420
503	6006
3483	6538
3551	6178
3588	5906
5421	5860
36	6058
800	6152
5310	5904
5762	6190
285	6154
2387	6368
2659	6594
1446	5994
1874	5864
4834	5814
3231	5792
5081	6126
5741	6246
255	6508
304	6344
1036	6132
5343	5870
877	6580
3069	6204
4776	6062
5690	5800
2086	6434
3492	5794
4397	6108
1234	5862
2049	5950
3914	5918
279	6082
914	5868
1515	6488
1435	5994
2867	6646
4548	6136
577	6340
1712	5916
2280	6468
3258	5838
3300	6220
3849	6088
4573	6198
1953	5840
2728	6172
4291	5902
4748	5826
648	6560
2242	5842
2861	6406
1269	6238
3897	6398
3811	6010
958	6192
975	6546
1215	5862
2751	5954
4913	6070
5563	5932
795	6152
2607	5972
3740	6316
5652	5798
252	6554
4799	6076
5046	6022
2490	6144
3745	6316
2494	6144
4423	6618
1361	6388
4061	6516
5535	6176
1335	6514
2393	6368
2805	6142
3017	6302
4440	6034
751	5982
1729	5916
2545	5852
3045	6100
750	5982
2349	6000
3775	6262
3872	5976
4204	5962
1236	5862
2818	6142
4043	6400
5514	5908
1947	5840
3967	6074
2770	5820
5459	6448
1249	5862
2437	6268
3795	5924
2630	6420
4141	5956
4294	5902
4865	6636
1045	6132
2491	6144
4007	5824
4957	6522
1119	6602
3056	6390
4508	5858
3463	6052
5740	6246
1285	6630
2893	6312
5704	5800
3840	6088
3887	5996
4349	6450
1710	5916
2331	5948
3177	6026
4738	5826
5084	6126
5739	6246
5782	5892
1495	6024
1936	5840
2712	6044
3115	5822
5015	5940
3768	6262
1696	5916
2838	5790
2265	5842
3885	5996
5061	6372
1871	5864
2116	6598
3016	6302
3308	6220
3656	6202
362	6098
790	6152
3475	5818
3850	6088
4263	5900
5094	6004
5705	5800
267	6114
1362	6388
4418	6402
4623	6054
409	6226
947	6064
1159	6138
1163	6518
2909	6482
3511	6304
4447	6034
80	6036
2350	6000
3328	5816
5768	6190
1727	5916
4249	5846
476	6006
1111	6080
1747	6158
2447	5866
2747	5954
1136	6032
1242	5862
3983	6572
864	5984
210	6512
4369	6066
4966	6606
604	6550
5136	5878
5476	5958
5549	6090
2769	5820
4196	5962
1630	5912
2952	6466
3408	5806
4651	5890
4919	6454
5376	6016
1619	5912
2863	6406
4334	5856
5399	5978
5409	5978
5692	5800
1772	5830
2609	5972
3184	6012
1402	5974
1625	5912
3273	5914
4293	5902
1338	6514
1725	5916
891	6218
1438	5994
2014	5934
4208	5962
4454	6034
5234	6140
5602	6442
1713	5916
2852	6194
4276	6392
5340	5870
2183	6428
1353	6556
2303	6084
2921	6486
4811	5990
496	6006
946	6064
3478	5818
4156	5956
3655	6202
5672	6196
4410	6110
4836	5814
4907	5796
3549	6178
3553	6178
1048	6132
4524	6134
2511	6492
2546	5852
5592	6184
1771	5830
4703	6050
5267	5992
118	5828
710	5874
718	5874
2385	6368
3682	6202
5400	5978
732	6072
919	5868
2601	5972
24	5786
990	6376
2364	5960
3484	6538
3711	6394
4599	6250
416	6578
572	6340
843	5998
5008	5940
206	6494
890	6218
215	6650
3243	5792
3448	6052
4779	6062
5496	6252
1170	6410
244	6102
3176	6026
3306	6220
3796	5924
3921	5938
4672	5988
5738	6246
1864	5864
5000	5940
37	6058
1730	5916
2088	6434
3852	6088
5170	6222
5669	6196
1436	5994
2101	6230
2881	5936
4601	6250
1252	5862
4596	6250
2859	6406
3168	6346
371	5854
2955	6466
5379	6016
1139	6582
139	6260
3674	6202
3773	6262
5010	5940
1409	6374
4565	6170
5003	5940
3962	6074
1103	6588
1373	6228
4452	6034
676	6276
1004	6548
1153	6360
2611	5972
3489	5794
3935	5808
4897	6244
736	6072
1941	5840
3929	5926
5604	6442
30	6336
2848	6194
2924	6666
3780	6262
1001	6362
1532	6038
1688	5916
2113	6598
2895	6312
3697	5886
1597	5912
2234	5842
3497	6298
4877	6574
5648	5798
328	5894
712	5874
2324	5948
3681	6202
974	6546
1444	5994
1593	5912
4756	5826
1623	5912
1773	5830
2668	6356
3593	5906
4097	5784
4400	6108
5763	6190
2084	6434
2246	5842
2342	6000
2599	5972
3936	5808
915	5868
977	6546
2639	6104
5551	6090
1721	5916
762	6162
2319	5948
3898	6398
2017	5934
2941	6282
2067	5950
2693	6308
4313	6168
5195	5834
5516	5908
1483	6024
1793	6234
2371	5960
3498	6298
4101	5784
4581	6288
4803	6076
3595	5906
5007	5940
271	6608
1719	5916
1147	6360
1774	5830
2256	5842
2694	6308
4198	5962
859	5966
952	6064
1599	5912
1857	5864
2060	5950
3130	6096
4316	6168
5414	5978
5725	6236
2969	6002
4205	5962
4946	6496
5432	6446
3381	5884
3460	6052
4144	5956
4604	6250
5027	5910
5198	5834
116	5828
2056	5950
49	6210
786	6152
2729	6172
4896	6244
5025	5910
59	6224
978	6546
5033	6412
69	6354
4773	6062
5155	6174
2819	6142
5473	5958
4855	6476
953	6064
5699	5800
411	6226
1096	6188
2015	5934
4152	5956
592	6060
5344	5870
387	6502
1337	6514
3696	5886
5024	5910
133	6604
1092	6188
1339	6514
4309	6168
5380	6016
5644	5798
82	6036
165	6600
814	5964
2253	5842
2710	6044
4260	5900
5132	5878
2264	5842
3305	6220
4575	6198
1695	5916
1755	6158
2231	5842
3284	6008
5159	6174
1270	6238
1294	6366
1800	6234
4143	5956
3900	6398
138	6260
493	6006
2270	5842
3008	6124
3776	6262
3004	6124
3374	5884
3610	6014
4780	6062
5517	5908
303	6344
1592	5912
1895	5850
1975	5896
2066	5950
3440	6052
3521	5930
3978	6572
4359	6470
5256	5992
3465	6052
4312	6168
4547	6136
5748	6272
615	6464
993	6030
4402	6108
5009	5940
1478	6024
1494	6024
1791	6234
2937	6484
3161	6118
4899	6244
347	5970
2652	6290
2505	6492
2593	5972
2107	6230
2567	5812
3411	5806
4648	5890
382	5946
5723	6236
4707	6050
2001	6056
497	6006
1799	6234
3040	6100
3804	5924
4006	5824
389	6502
1169	6410
2122	6432
3133	6096
3968	6074
4975	6214
5420	5860
477	6006
1385	6116
2298	6084
2809	6142
2866	6646
1408	6374
1720	5916
5262	5992
1062	5968
1231	5862
1399	5974
4700	6050
4810	5990
5099	6004
898	6218
1005	6548
2179	6428
3814	6010
3907	6048
1061	5968
2566	5812
4655	5890
5595	6184
1158	6138
3982	6572
4740	5826
2369	5960
5471	5958
3304	6220
5053	5810
5475	5958
2156	6306
2372	5960
4871	6256
3860	6088
4683	6532
294	6314
4025	5824
2064	5950
2974	6002
3041	6100
3225	5792
4021	5824
3462	6052
5142	5878
324	5894
1498	6024
1735	5916
2061	5950
2285	6468
2461	5952
2565	5812
381	5946
4801	6076
5649	5798
1711	5916
3496	6298
4475	6042
994	6030
5052	5810
2479	6626
4838	5814
217	6478
720	5874
184	6536
1327	6506
703	5874
1617	5912
1133	6562
1801	6234
4507	5858
5429	6292
2657	6594
4939	6028
172	6040
1692	5916
3802	5924
4796	6076
301	6344
1636	5912
127	5980
478	6006
853	6266
972	6546
3256	5838
3702	5886
3778	6262
4471	6042
4602	6250
5071	5944
331	5894
2252	5842
4150	5956
5095	6004
232	6130
4245	5846
1417	6558
4747	5826
4912	6070
1067	5968
2299	6084
4546	6136
5332	5870
501	6006
2167	6422
3669	6202
5235	6140
5331	5870
5369	6016
3097	6564
4398	6108
4618	6054
4868	6322
4959	6522
5403	5978
582	6620
819	5964
1804	6234
4866	6636
1060	5968
482	6006
1244	5862
1502	6024
1698	5916
2432	6268
4351	6450
1866	5864
2138	6216
3695	5886
3845	6088
2431	6268
2463	5952
4691	6552
373	5854
1356	6556
2121	6432
2600	5972
2629	6420
2640	6104
401	6160
1999	6056
3678	6202
1319	6506
1387	6116
2637	6104
2140	6216
5493	6252
1152	6360
1907	5850
1944	5840
2771	5820
51	6210
573	6340
1308	6270
4076	6348
4449	6034
5515	5908
5617	6186
5702	5800
4511	5858
5096	6004
5530	6176
1243	5862
1514	6488
3109	5822
5001	5940
5565	5932
5656	5798
2418	6444
2594	5972
2894	6312
81	6036
415	6578
3661	6202
5228	6140
2612	5972
2903	6482
815	5964
1263	6238
3862	6088
263	6114
487	6006
1296	6366
2713	6044
3058	6390
3235	5792
107	5882
1844	5864
2591	5972
400	6160
677	6276
2243	5842
3072	6204
584	6620
3846	6088
4472	6042
1154	6360
1320	6506
1992	6056
4782	6062
5014	5940
1374	6228
1488	6024
4757	5826
5781	5892
1595	5912
1802	6234
3705	5886
253	6554
2510	6492
4545	6136
5045	6022
293	6314
1035	6132
5627	6280
5728	6236
480	6006
3057	6390
4151	5956
4920	6454
5028	5910
70	6354
2267	5842
3233	5792
3948	6330
945	6064
1070	5968
1849	5864
2235	5842
4809	5990
5314	5904
2269	5842
2413	6274
2875	6208
4216	6462
4752	5826
284	6154
3602	5906
1217	5862
5012	5940
539	6232
359	6098
638	6182
1714	5916
2297	6084
4702	6050
2013	5934
1372	6228
3474	5818
1160	6138
1219	5862
3652	6202
4534	5888
5139	5878
5700	5800
1039	6132
1697	5916
683	6414
3053	6390
5286	6278
5474	5958
4785	6062
1250	5862
5404	5978
5691	5800
1375	6228
2942	6282
3093	5986
4038	6400
332	5894
2670	6356
3651	6202
1896	5850
5478	5958
2980	6002
3563	6178
3676	6202
713	5874
1266	6238
19	5802
5503	5848
1863	5864
3856	6088
3870	5976
4020	5824
4882	6078
1091	6188
2638	6104
1229	5862
1750	6158
1971	5896
3851	6088
4401	6108
4660	5890
650	6560
1033	6132
3843	6088
2010	5934
2106	6230
5653	5798
2882	5936
3884	5996
442	6264
2735	5832
4012	5824
4314	6168
4934	6028
5179	6382
2411	6274
3501	6662
126	5980
2526	6540
3369	5884
1492	6024
1993	6056
4172	6332
397	6160
1796	6234
2872	6208
221	5872
2139	6216
5428	6292
2125	6640
3144	6568
4395	6108
1441	5994
2304	6084
2495	6144
2853	6194
3443	6052
5711	6408
379	5946
1521	5788
2802	6142
89	6654
1246	5862
1749	6158
3189	6012
2367	5960
2708	6044
5087	6126
2435	6268
785	6152
1865	5864
4898	6244
759	6162
1218	5862
3732	6352
2696	6308
2934	6166
3019	6302
3080	5844
4470	6042
5402	5978
1490	6024
3070	6204
5654	5798
3228	5792
3268	6436
4264	5900
841	5998
3548	6178
1132	6562
2143	6216
4202	5962
4734	5826
5143	5878
5163	6174
860	5966
1503	6024
3074	6204
4405	6108
5130	5878
5539	6176
5018	5940
3068	6204
3450	6052
4174	6332
4243	5846
4950	6496
578	6340
1873	5864
2979	6002
3400	6146
372	5854
640	6182
4901	6244
1733	5916
2975	6002
4753	5826
5576	5880
248	5928
1728	5916
1955	5840
4676	6156
1247	5862
1355	6556
1411	6374
2018	5934
3395	6146
3675	6202
5412	5978
388	6502
973	6546
1862	5864
2148	6342
2236	5842
2613	5972
2874	6208
3223	5792
5069	5944
153	6570
1746	6158
2517	6396
3712	6394
4781	6062
900	6218
213	6576
1131	6562
2305	6084
3601	5906
5238	6140
490	6006
1448	5994
1489	6024
3847	6088
4023	5824
2473	5922
3043	6100
3234	5792
4499	5858
5378	6016
156	6528
2055	5950
3392	6146
5171	6222
2971	6002
3272	5914
4653	5890
4968	6606
3110	5822
3842	6088
101	6592
3412	5806
2618	5898
3665	6202
4778	6062
1718	5916
1905	5850
3964	6074
5779	5892
2419	6444
4467	6042
5445	6544
2321	5948
2821	6142
3005	6124
5372	6016
1981	5896
5579	5880
5625	6280
272	7087
626	6018
3090	5986
939	6064
3591	5906
5185	6382
708	5874
2368	5960
3662	6202
47	6210
266	6114
1776	5830
5227	6140
220	5872
2320	5948
840	5998
1237	5862
3003	6124
3454	6052
4353	6450
2126	6640
1717	5916
4744	5826
2597	5972
4338	5856
5596	6184
2709	6044
4829	5814
72	6354
959	6192
1151	6360
5260	5992
5292	6278
1396	5974
1447	5994
1601	5912
4883	6078
4355	6450
5438	6500
3722	6300
4095	5784
4215	6462
4377	6404
733	6072
1613	5912
2087	6434
576	6340
1847	5864
3188	6012
2755	5954
4513	5858
1603	5912
4473	6042
4502	5858
4595	6250
1869	5864
3520	5930
3670	6202
249	5928
525	5804
1723	5916
3083	5844
4135	5956
2525	6540
323	5894
5714	6408
3477	5818
5337	5870
5566	5932
2476	5922
3658	6202
5613	6186
234	6656
2824	6142
399	6160
816	5964
2806	6142
4246	5846
4544	6136
38	6058
524	5804
2766	5820
88	6654
2249	5842
3238	5792
4574	6198
1524	5788
2718	6326
5411	5978
50	6210
3557	6178
3766	6262
4330	5856
4812	5990
5005	5940
1854	5864
3393	6146
661	6634
4354	6450
4967	6606
5502	5848
5533	6176
629	6018
58	6224
68	6354
498	6006
5158	6174
2650	6290
755	6664
1321	6506
3159	6118
5145	5878
3589	5906
5240	6140
5367	6016
5623	6280
5769	6190
1439	5994
2301	6084
5534	6176
3145	6568
3858	6088
4140	5956
4159	5956
4201	5962
4688	6552
5004	5940
2182	6428
3149	6112
4835	5814
5258	5992
2752	5954
4052	6310
4978	6214
540	6232
812	5964
134	6604
4749	5826
438	6520
741	6248
3554	6178
5137	5878
1876	5864
2833	6150
3598	5906
3930	5926
4310	6168
5311	5904
1265	6238
2823	6142
3447	6052
4900	6244
5407	5978
5729	6236
1615	5912
3230	5792
3347	6242
2255	5842
3114	5822
5263	5992
979	6546
1845	5864
5737	6246
256	6508
798	6152
1626	5912
3345	6242
3863	6088
4219	6462
4500	5858
2550	5852
3325	5816
5338	5870
3561	6178
408	6226
2527	6540
5366	6016
325	5894
1370	6228
3844	6088
1094	6188
5026	5910
5041	6258
570	6340
2343	6000
488	6006
1706	5916
3653	6202
4622	6054
1013	6458
3227	5792
3260	5838
4058	6516
119	5828
944	6064
1348	6240
2163	6422
3861	6088
2165	6422
2563	5812
3283	6008
3451	6052
2283	6468
5601	6442
3116	5822
4736	5826
4827	5814
20	5802
1225	5862
1872	5864
2178	6428
2409	6274
3965	6074
4153	5956
4569	6046
346	5970
856	6266
2262	5842
3507	6304
5308	5904
1224	5862
1386	6116
3327	5816
3367	5884
1401	5974
1958	5840
2266	5842
3407	5806
3774	6262
2047	5950
2433	6268
305	6344
719	5874
876	6580
938	6064
1371	6228
1699	5916
2518	6396
2722	6648
4016	5824
1978	5896
4236	5846
5232	6140
941	6064
4509	5858
1943	5840
2648	6290
3285	6008
4506	5858
183	6536
412	6226
630	6018
987	6376
1221	5862
1803	6234
896	6218
2344	6000
2452	5866
2521	6510
3765	6262
14	6440
526	5804
2978	6002
3044	6100
3562	6178
4626	6054
5368	6016
3170	6346
5141	5878
5180	6382
5452	6164
5655	5798
948	6064
949	6064
1434	5994
1486	6024
1608	5912
1621	5912
4295	5902
817	5964
5241	6140
1732	5916
2176	6428
2514	6492
2596	5972
5239	6140
5382	6016
1102	6588
2329	5948
4924	6474
1748	6158
2606	5972
3616	6014
4179	6332
5593	6184
705	5874
1850	5864
3698	5886
4597	6250
4949	6496
5259	5992
746	6638
1336	6514
3135	6096
3677	6202
5098	6004
2052	5950
742	6248
4523	6134
5183	6382
1150	6360
2410	6274
3081	5844
3410	5806
1522	5788
1853	5864
4352	6450
5430	6292
1598	5912
2137	6216
2398	6296
2459	5952
4775	6062
2544	5852
2531	6498
2756	5954
3771	6262
444	6264
1006	6548
1770	5830
2400	6296
2946	6438
3224	5792
4108	5784
4448	6034
5742	6246
1137	6032
1293	6366
2408	6274
5237	6140
1795	6234
4514	5858
3059	6390
4689	6552
3073	6204
1032	6132
2250	5842
3854	6088
1536	6038
3246	5792
4784	6062
4945	6496
5230	6140
5727	6236
160	6452
489	6006
799	6152
1063	5968
4371	6066
2647	6290
4258	5900
326	5894
1505	6024
1722	5916
2999	6124
4446	6034
4839	5814
5172	6222
5184	6382
796	6152
2772	5820
4382	6286
523	5804
1957	5840
4059	6516
5550	6090
425	6338
5490	6252
5626	6280
2453	5866
2721	6648
5086	6126
1629	5912
3164	6424
5406	5978
1754	6158
3660	6202
4858	6476
5006	5940
2810	6142
4203	5962
1216	5862
2257	5842
3793	5924
85	6036
375	5854
855	6266
2065	5950
2604	5972
2654	6622
3394	6146
3522	5930
5013	5940
3039	6100
706	5874
707	5874
3154	6504
4634	6148
5181	6382
348	5970
357	6098
1620	5912
2815	6142
4136	5956
159	6452
3667	6202
4155	5956
179	6460
715	5874
2247	5842
4525	6134
207	6494
398	6160
1534	6038
3239	5792
3586	5906
971	6546
2420	6444
2773	5820
5287	6278
5538	6176
658	6386
5197	5834
1752	6158
1775	5830
4399	6108
3927	5926
1440	5994
2233	5842
4735	5826
2100	6230
3002	6124
5289	6278
390	6502
2053	5950
515	5804
1112	6080
2059	5950
3857	6088
1379	6378
3375	5884
1277	6020
3240	5792
4976	6214
5422	5860
754	6664
3071	6204
3558	6178
3706	5886
5129	5878
618	6418
3027	6320
3334	5816
3666	6202
5138	5878
5492	6252
1950	5840
4742	5826
321	5894
1232	5862
1449	5994
2831	6150
3331	5816
3592	5906
5743	6246
125	5980
2392	6368
5374	6016
292	6314
1238	5862
2631	6420
2948	6438
3398	6146
3769	6262
5229	6140
2920	6486
4403	6108
2412	6274
848	6430
1226	5862
1877	5864
2851	6194
3091	5986
3490	5794
4444	6034
25	5786
2263	5842
3663	6202
492	6006
3010	6124
4474	6042
4580	6288
5182	6382
560	5836
951	6064
2753	5954
4218	6462
4652	5890
5264	5992
2754	5954
3000	6124
149	6456
3150	6112
4356	6450
4670	5988
1044	6132
2271	5842
1500	6024
4173	6332
3855	6088
3945	6330
1115	6080
1241	5862
1708	5916
3680	6202
4908	5796
1046	6132
4873	6256
1501	6024
3001	6124
3743	6316
3113	5822
344	5970
3547	6178
3599	5906
290	6314
3332	5816
1068	5968
1125	6206
1442	5994
2472	5922
4935	6028
5726	6236
499	6006
1766	5830
2287	6468
3491	5794
4290	5902
4422	6618
5225	6140
5568	5932
1041	6132
1632	5912
5578	5880
1956	5840
5124	5878
227	6200
4798	6076
31	6336
236	6672
999	6362
1076	6318
1602	5912
3779	6262
4413	6110
228	6200
374	5854
544	6614
552	6092
671	6642
2976	6002
3979	6572
1222	5862
1416	6558
2232	5842
2	6068
2460	5952
4496	5858
5555	6090
1347	6240
1415	6558
3703	5886
245	6102
521	5804
3337	5816
607	6530
1627	5912
3382	5884
4956	6522
5423	5860
4	6632
3229	5792
4849	6334
48	6210
789	6152
3459	6052
121	6254
1240	5862
3152	5876
485	6006
491	6006
2532	6498
3810	6010
787	6152
797	6152
988	6376
1042	6132
3132	6096
4774	6062
1634	5912
1942	5840
2684	6590
3220	5792
3869	5976
330	5894
1121	6602
3137	6096
3701	5886
1149	6360
2561	5812
4450	6034
4365	6370
5582	5880
13	6440
2373	5960
3245	5792
4786	6062
2080	6434
3720	6300
21	5802
129	6566
627	6018
782	6152
1065	5968
1705	5916
494	6006
2925	6666
5162	6174
942	6064
3089	5986
4240	5846
2750	5954
4501	5858
4530	6134
4751	5826
3564	6178
4649	5890
1484	6024
2471	5922
3841	6088
4557	6350
4837	5814
5777	5892
4146	5956
5590	6184
593	6060
3075	6204
5288	6278
5694	5800
823	6610
1310	6270
3473	5818
5446	6544
3700	5886
3704	5886
2507	6492
4331	5856
4704	6050
5564	5932
420	6294
603	6550
839	5998
1354	6556
3326	5816
3509	6304
520	5804
5128	5878
5615	6186
12	6440
145	6086
868	6584
1736	5916
2044	5950
4657	5890
4682	6532
1286	6630
3714	6394
4396	6108
4925	6474
4617	6054
5083	6126
1485	6024
2726	6172
916	5868
4948	6496
5201	5834
660	6634
1172	6410
2063	5950
2748	5954
1898	5850
3134	6096
3349	6242
4041	6400
2390	6368
143	6086
432	6524
536	6232
2698	6668
4311	6168
1538	6038
1798	6234
1856	5864
4149	5956
2508	6492
3346	6242
2475	5922
3348	6242
3801	5924
4466	6042
1638	5912
4505	5858
5042	6258
484	6006
4831	5814
4832	5814
1691	5916
2238	5842
5647	5798
989	6376
4010	5824
4042	6400
5645	5798
5342	5870
106	5882
1095	6188
1767	5830
3267	6436
3888	5996
4706	6050
4745	5826
5168	6222
2624	6212
2938	6484
5265	5992
1400	5974
1851	5864
1938	5840
2610	5972
4350	6450
1794	6234
2736	5832
5453	6164
5766	6190
3664	6202
3848	6088
4445	6034
4654	5890
102	6592
1948	5840
4850	6334
1846	5864
1949	5840
2384	6368
3138	6096
4469	6042
4878	6574
5127	5878
1090	6188
1239	5862
2345	6000
3556	6178
4200	5962
5612	6186
2767	5820
2811	6142
3500	6662
5226	6140
402	6160
1769	5830
1855	5864
2592	5972
481	6006
1280	6020
4362	6490
5266	5992
5552	6090
115	5828
483	6006
1213	5862
2332	5948
1870	5864
2448	5866
3951	6330
4383	6286
4625	6054
60	6224
4453	6034
2237	5842
4828	5814
15	6440
2260	5842
2727	6172
717	5874
875	6580
2671	6356
3479	5818
4142	5956
4239	5846
3444	6052
4197	5962
5032	6412
5531	6176
5536	6176
1235	5862
3552	6178
3947	6330
5377	6016
4857	6476
4961	6522
5160	6174
784	6152
1040	6132
1069	5968
5651	5798
704	5874
1596	5912
1797	6234
2229	5842
3037	6100
5447	6544
553	6092
943	6064
3378	5884
1633	5912
2258	5842
2562	5812
3309	6220
1726	5916
1858	5864
3136	6096
307	6344
543	6614
1114	6080
1909	5850
2998	6124
4009	5824
4280	6392
4465	6042
4933	6028
4937	6028
788	6152
2822	6142
4102	5784
5696	5800
1038	6132
1089	6188
1734	5916
2533	6498
4594	6250
980	6546
2388	6368
4797	6076
5088	6126
5295	6278
270	6608
1533	6038
2142	6216
2489	6144
4214	6462
4404	6108
4909	5796
5405	5978
1539	6038
2328	5948
4337	5856
835	5998
2177	6428
2474	5922
2513	6492
3112	5822
3226	5792
3242	5792
5697	5800
291	6314
3654	6202
4106	5784
1903	5850
5693	5800
1792	6234
2662	6586
2927	6534
3510	6304
3946	6330
5381	6016
166	6600
431	6524
475	6006
957	6192
1511	6488
822	6610
2434	6268
3671	6202
349	5970
1326	6506
1631	5912
643	6652
892	6218
1618	5912
3445	6052
3871	5976
4504	5858
132	6604
2849	6194
