id	type	origin	dest	dtime	vot
21	600	9023	9018	450	31.86078726987901
78	600	9022	9017	450	40.99097050070826
106	600	9022	9010	450	7.841523903445622
121	600	9021	9023	450	32.29886972366207
124	600	9021	9022	450	16.552527769615704
162	600	9020	9023	450	6.9132855907164625
200	600	9020	9010	450	12.612554855886199
235	600	9019	9013	450	8.676910973861892
256	600	9018	9009	450	11.270713696046984
287	600	9017	9020	450	30.767248288292596
307	600	9017	9015	450	31.012355930092863
313	600	9017	9014	450	46.36045756684129
326	600	9017	9010	450	2.643597569710379
346	600	9016	9004	450	37.84098663539889
353	600	9016	9023	450	5.68488595874664
375	600	9016	9017	450	35.62394448717593
383	600	9016	9015	450	16.853527300070034
392	600	9016	9010	450	30.85634993326509
422	600	9015	9024	450	10.285894008874113
424	600	9015	9022	450	12.842922374183829
467	600	9015	9013	450	80.49688924967386
477	600	9015	9010	450	19.872039426576464
512	600	9014	9017	450	75.21186404053358
517	600	9014	9016	450	1.1002323630194064
544	600	9013	9001	450	26.089022206794017
583	600	9012	9005	450	54.10186599410199
592	600	9012	9024	450	14.300135927832361
607	600	9012	9013	450	0.16215610763921
655	600	9011	9015	450	14.010809771812545
657	600	9011	9014	450	54.15863338766983
666	600	9011	9012	450	16.58305705657403
671	600	9011	9010	450	7.084240487778805
694	600	9010	9007	450	96.08045485713235
697	600	9010	9006	450	11.481365603593805
711	600	9010	9004	450	23.171697416594057
763	600	9010	9016	450	8.041040389522365
770	600	9010	9015	450	15.617175998242187
797	600	9010	9011	450	20.508323165776172
815	600	9010	9009	450	6.123579575312969
835	600	9010	9008	450	21.22347990161936
839	600	9009	9006	450	4.467450337604877
851	600	9009	9019	450	4.564027306687591
861	600	9009	9010	450	15.550433899792456
953	600	9007	9016	450	8.379621339483505
964	600	9007	9008	450	4.393363969713908
970	600	9006	9001	450	11.223674116570733
978	600	9006	9013	450	27.020052624081675
999	600	9005	9010	450	4.626425458088495
1012	600	9004	9002	450	18.733728188131032
1014	600	9004	9001	450	53.310282483321025
1031	600	9004	9014	450	29.62207152166506
1040	600	9004	9010	450	11.326661560391566
1090	600	9024	9023	450	22.572588026055985
8	600	9023	9022	1350	31.787267747869063
17	600	9023	9019	1350	13.547946990842718
25	600	9023	9016	1350	17.88847678635357
27	600	9023	9015	1350	8.986060829300262
58	600	9022	9023	1350	27.34430506194578
64	600	9022	9021	1350	88.31251844220407
103	600	9022	9011	1350	34.923778373537715
107	600	9022	9010	1350	23.203597081024792
125	600	9021	9022	1350	53.15669026995427
146	600	9021	9010	1350	24.488573321697647
176	600	9020	9017	1350	19.693718801531272
182	600	9020	9016	1350	11.080889366479159
204	600	9020	9008	1350	0.9265224174043574
218	600	9019	9017	1350	5.913016117568054
260	600	9017	9007	1350	12.906920633618864
274	600	9017	9024	1350	20.9934525128704
298	600	9017	9016	1350	9.011056593749162
321	600	9017	9011	1350	4.277353605471125
360	600	9016	9020	1350	33.97115059535388
393	600	9016	9010	1350	45.65887092029941
420	600	9015	9001	1350	1.535593718551528
440	600	9015	9019	1350	51.03566157111584
446	600	9015	9018	1350	11.756612987546838
450	600	9015	9017	1350	13.446087600110731
478	600	9015	9010	1350	6.5539370798742524
495	600	9015	9008	1350	43.12056104358885
502	600	9014	9022	1350	16.012619941610783
530	600	9014	9010	1350	11.117730668426903
558	600	9013	9012	1350	22.175895938368868
594	600	9012	9022	1350	2.4289356302400926
600	600	9012	9018	1350	37.181419804170936
667	600	9011	9012	1350	3.957475527275282
672	600	9011	9010	1350	11.587517744964357
700	600	9010	9005	1350	12.662510529349186
738	600	9010	9021	1350	6.10006800009408
742	600	9010	9020	1350	47.82356118952702
755	600	9010	9017	1350	20.433479166158907
790	600	9010	9013	1350	2.169507917972838
798	600	9010	9011	1350	12.648450295640158
816	600	9010	9009	1350	33.85703474750536
845	600	9009	9022	1350	11.350147834794258
862	600	9009	9010	1350	30.080641204956773
879	600	9008	9007	1350	40.01219905812389
910	600	9008	9017	1350	18.243250803554147
929	600	9008	9009	1350	0.6248721276193832
939	600	9007	9023	1350	4.495238076669976
961	600	9007	9010	1350	6.821816761773085
980	600	9006	9012	1350	9.52053869257581
981	600	9006	9011	1350	4.133135897888042
1000	600	9005	9010	1350	24.805126326405063
1034	600	9004	9012	1350	43.92380558927867
1072	600	9001	9024	1350	65.59816794977448
1078	600	9001	9018	1350	16.299889793429575
1081	600	9001	9013	1350	1.5079783972588294
1086	600	9001	9011	1350	3.0982035096494425
32	600	9023	9012	2250	6.1357795263213175
59	600	9022	9023	2250	78.2701325450531
70	600	9022	9020	2250	5.47819615331416
132	600	9021	9017	2250	15.69568524812418
134	600	9021	9016	2250	4.796811716802038
164	600	9020	9022	2250	12.695736127140295
170	600	9020	9021	2250	21.51179734421087
219	600	9019	9017	2250	10.777073540698938
239	600	9019	9010	2250	4.228002669612174
248	600	9018	9019	2250	36.62332528299608
261	600	9017	9007	2250	9.500945137037068
266	600	9017	9004	2250	12.429633939329463
294	600	9017	9019	2250	25.929061219419374
322	600	9017	9011	2250	12.772952664713362
327	600	9017	9010	2250	44.46752998108347
356	600	9016	9022	2250	13.557268941524846
361	600	9016	9020	2250	58.00508095191825
451	600	9015	9017	2250	1.2618418019208726
479	600	9015	9010	2250	32.3252284650216
491	600	9015	9009	2250	13.665391398945005
496	600	9014	9006	2250	12.521899912347925
497	600	9014	9024	2250	5.053170244190974
524	600	9014	9013	2250	12.214590150384552
531	600	9014	9010	2250	22.330919440590623
559	600	9013	9012	2250	23.796063746830036
573	600	9013	9010	2250	140.84755992218334
582	600	9012	9006	2250	14.984956280046179
627	600	9011	9001	2250	53.63156371110626
631	600	9011	9024	2250	32.10341175456219
638	600	9011	9022	2250	9.0791462155954
647	600	9011	9017	2250	11.368926657563755
673	600	9011	9010	2250	0.8349585125274842
701	600	9010	9005	2250	36.46023590540409
743	600	9010	9020	2250	23.955105668753433
756	600	9010	9017	2250	8.608017860235448
771	600	9010	9015	2250	34.72577505248066
817	600	9010	9009	2250	4.38232222147227
844	600	9009	9024	2250	42.00973853591803
856	600	9009	9014	2250	6.266785911579448
863	600	9009	9010	2250	13.863960917201881
889	600	9008	9005	2250	13.366866078799525
903	600	9008	9020	2250	15.97733307639817
914	600	9008	9016	2250	21.757700879502973
924	600	9008	9010	2250	36.656277126124635
944	600	9007	9020	2250	17.735619364063705
962	600	9007	9010	2250	0.8858314906279711
963	600	9007	9009	2250	1.383652950027694
1061	600	9002	9010	2250	33.60108719130791
1075	600	9001	9020	2250	60.816863320091585
674	600	9011	9010	3000	29.245444701018226
772	600	9010	9015	3000	47.307246943451545
799	600	9010	9011	3000	2.2917042909447596
818	600	9010	9009	3000	23.2348350682396
864	600	9009	9010	3000	24.249020077367362
5	600	9023	9003	3150	36.713440755689945
18	600	9023	9019	3150	18.657851219168922
23	600	9023	9017	3150	11.26089701077202
29	600	9023	9014	3150	6.85791079789398
36	600	9023	9011	3150	4.995590760568319
40	600	9023	9010	3150	16.587691273201024
52	600	9022	9004	3150	38.14992957665579
57	600	9022	9024	3150	37.36640605584743
65	600	9022	9021	3150	35.98712821987708
79	600	9022	9017	3150	23.81170904298979
85	600	9022	9016	3150	11.238382589113192
90	600	9022	9015	3150	9.670280957135628
108	600	9022	9010	3150	13.848095845947274
114	600	9022	9009	3150	52.52586980697094
126	600	9021	9022	3150	2.668234158547474
137	600	9021	9015	3150	19.664849131072955
143	600	9021	9014	3150	14.63067834367337
153	600	9020	9007	3150	49.37237623538194
159	600	9020	9002	3150	6.584466482688371
173	600	9020	9019	3150	31.834336918891694
177	600	9020	9017	3150	5.037718736175034
183	600	9020	9016	3150	28.669355572549904
198	600	9020	9011	3150	26.412893851944663
205	600	9020	9008	3150	31.495251653432593
211	600	9019	9024	3150	3.5267521577039815
212	600	9019	9023	3150	102.11300012234013
217	600	9019	9020	3150	54.4870323848036
226	600	9019	9016	3150	3.2392043624667397
228	600	9019	9015	3150	1.8449917075403794
236	600	9019	9011	3150	47.21912233875139
240	600	9019	9010	3150	75.56793538991386
245	600	9018	9001	3150	23.688700377935653
257	600	9018	9009	3150	17.62298014401699
275	600	9017	9024	3150	1.4505614712645902
285	600	9017	9021	3150	15.971930804545503
288	600	9017	9020	3150	13.118340335513203
295	600	9017	9019	3150	16.747582722260823
299	600	9017	9016	3150	2.453828372299739
308	600	9017	9015	3150	10.584020830776996
323	600	9017	9011	3150	47.25602948490912
328	600	9017	9010	3150	10.155541796611104
338	600	9016	9007	3150	4.857468506096618
347	600	9016	9004	3150	65.636407967132
351	600	9016	9002	3150	39.369348004242894
357	600	9016	9022	3150	20.804960252830423
362	600	9016	9020	3150	19.15882478349502
370	600	9016	9018	3150	11.723794963632466
376	600	9016	9017	3150	5.936131216637134
385	600	9016	9013	3150	89.90036744256953
387	600	9016	9011	3150	2.5871886730010405
394	600	9016	9010	3150	37.49173821317853
407	600	9016	9008	3150	46.56336006073293
419	600	9015	9002	3150	11.161579768269332
425	600	9015	9022	3150	11.95251947349138
436	600	9015	9021	3150	42.125154502632846
447	600	9015	9018	3150	82.22075562950897
452	600	9015	9017	3150	16.420892496489476
471	600	9015	9011	3150	35.82074620459319
480	600	9015	9010	3150	16.89941139964245
498	600	9014	9024	3150	5.436414633188504
507	600	9014	9021	3150	57.90638442163437
513	600	9014	9017	3150	16.403084819524384
518	600	9014	9016	3150	28.95698718770827
532	600	9014	9010	3150	9.034708373831727
546	600	9013	9022	3150	7.397286902843129
553	600	9013	9016	3150	23.60909120980557
560	600	9013	9012	3150	48.726990151620306
574	600	9013	9010	3150	27.880597533618836
616	600	9012	9011	3150	6.186404313904885
618	600	9012	9010	3150	2.9412446915580404
633	600	9011	9023	3150	3.0239070185670123
648	600	9011	9017	3150	13.07952246214438
651	600	9011	9016	3150	36.697202963071575
695	600	9010	9007	3150	30.75386581023449
702	600	9010	9005	3150	19.67075177840496
725	600	9010	9023	3150	10.51175730907345
730	600	9010	9022	3150	11.645059578200891
739	600	9010	9021	3150	43.2579632680691
744	600	9010	9020	3150	13.823420878857998
757	600	9010	9017	3150	8.838621595940996
764	600	9010	9016	3150	21.12119855349029
785	600	9010	9014	3150	19.984401274937493
880	600	9008	9007	3150	71.97692929884435
884	600	9008	9006	3150	3.815879111937131
890	600	9008	9005	3150	50.2224670568468
911	600	9008	9017	3150	0.949522024048127
920	600	9008	9015	3150	4.844255849223479
925	600	9008	9010	3150	14.657961430908916
949	600	9007	9017	3150	12.44818480670253
965	600	9007	9008	3150	0.05530998005355557
973	600	9006	9020	3150	8.291006680778302
977	600	9006	9016	3150	35.03603292928938
985	600	9006	9008	3150	0.011820869588256124
993	600	9005	9014	3150	5.806590480177327
1001	600	9005	9010	3150	5.943810572637709
1010	600	9004	9006	3150	8.6984371853013
1015	600	9004	9001	3150	19.697635480957857
1019	600	9004	9023	3150	44.04253763037376
1045	600	9003	9016	3150	13.559040150292677
1046	600	9003	9014	3150	8.81726882010478
1068	600	9001	9006	3150	18.756439272965967
1084	600	9001	9012	3150	3.631610076348587
1098	600	9024	9012	3150	33.76873573184533
675	600	9011	9010	3300	14.159119204674987
773	600	9010	9015	3300	98.51573787420674
800	600	9010	9011	3300	22.22977246053564
819	600	9010	9009	3300	16.749007550814724
865	600	9009	9010	3300	17.35058603215371
676	600	9011	9010	3900	15.106939886800427
703	600	9010	9005	3900	16.05485039013561
774	600	9010	9015	3900	30.32511362967742
801	600	9010	9011	3900	3.592649705146944
820	600	9010	9009	3900	4.3572761603129555
866	600	9009	9010	3900	16.11412103872584
9	600	9023	9022	4050	32.217363190644505
22	600	9023	9018	4050	0.7133728200957516
37	600	9023	9011	4050	8.081860946588867
41	600	9023	9010	4050	29.873915945674362
54	600	9022	9002	4050	27.475207360672428
80	600	9022	9017	4050	21.007673160789306
91	600	9022	9015	4050	19.693010831148612
109	600	9022	9010	4050	52.66354269959467
118	600	9021	9007	4050	16.263615220938718
127	600	9021	9022	4050	21.439111915630402
138	600	9021	9015	4050	0.43795898432170005
154	600	9020	9007	4050	47.66090343031819
165	600	9020	9022	4050	5.690977967476956
184	600	9020	9016	4050	43.80461187688533
206	600	9020	9008	4050	3.9987379633364024
220	600	9019	9017	4050	27.684658351350016
229	600	9019	9015	4050	21.11507522172342
237	600	9019	9011	4050	10.065211994349868
241	600	9019	9010	4050	26.433319172827176
246	600	9018	9001	4050	25.02072422598341
258	600	9018	9009	4050	3.3565272197804026
262	600	9017	9007	4050	28.519368047061885
268	600	9017	9002	4050	13.936209687325048
279	600	9017	9022	4050	4.288051685064406
289	600	9017	9020	4050	6.757046536067591
300	600	9017	9016	4050	21.391526705538187
309	600	9017	9015	4050	55.63711699371297
329	600	9017	9010	4050	36.94704697179466
333	600	9017	9009	4050	31.43956504384123
339	600	9016	9007	4050	11.43384631199526
363	600	9016	9020	4050	24.42510813176046
371	600	9016	9018	4050	53.54861857152926
377	600	9016	9017	4050	1.61986075529622
386	600	9016	9012	4050	60.910637918201886
395	600	9016	9010	4050	1.3647378349222128
405	600	9016	9009	4050	24.894028519825437
408	600	9016	9008	4050	4.000877784230532
426	600	9015	9022	4050	8.850687659890458
438	600	9015	9020	4050	21.641876881287896
441	600	9015	9019	4050	29.42339217730399
453	600	9015	9017	4050	14.182459611922647
465	600	9015	9014	4050	70.04413257951641
472	600	9015	9011	4050	15.914054191165675
481	600	9015	9010	4050	25.945856415786952
492	600	9015	9009	4050	25.261114118079245
503	600	9014	9022	4050	4.512476969549031
514	600	9014	9017	4050	14.93786745249002
521	600	9014	9015	4050	4.314515362996165
525	600	9014	9013	4050	4.336226951106984
526	600	9014	9011	4050	28.388130172253934
537	600	9013	9004	4050	17.48278171141431
550	600	9013	9017	4050	26.47775651897949
561	600	9013	9012	4050	14.503769251498705
578	600	9013	9008	4050	57.108967089922274
584	600	9012	9005	4050	43.493229652885155
588	600	9012	9004	4050	22.584790119210318
590	600	9012	9001	4050	0.006851787428694295
596	600	9012	9020	4050	3.1030330424725987
601	600	9012	9017	4050	37.202909413472426
605	600	9012	9014	4050	5.2398303740488315
608	600	9012	9013	4050	23.234430665244325
641	600	9011	9021	4050	1.4298342599326257
658	600	9011	9014	4050	19.89128549278033
698	600	9010	9006	4050	12.241031550493906
712	600	9010	9004	4050	25.476422230841905
718	600	9010	9001	4050	28.904023029573434
722	600	9010	9024	4050	2.586259040607003
731	600	9010	9022	4050	3.218945019615176
740	600	9010	9021	4050	14.190250246757609
745	600	9010	9020	4050	4.589926076004607
751	600	9010	9019	4050	150.7043718597971
758	600	9010	9017	4050	4.749871803084381
765	600	9010	9016	4050	19.607070578923384
786	600	9010	9014	4050	38.56365262993983
836	600	9010	9008	4050	51.147778825146794
840	600	9009	9006	4050	1.3400018883528153
852	600	9009	9017	4050	30.91927159829793
854	600	9009	9016	4050	20.72071598136365
885	600	9008	9006	4050	1.4438607158431311
897	600	9008	9001	4050	22.622979452077534
904	600	9008	9020	4050	16.65303905877221
915	600	9008	9016	4050	12.163764379930038
922	600	9008	9011	4050	3.271618414611009
926	600	9008	9010	4050	14.908539446215602
930	600	9008	9009	4050	35.21875974148977
945	600	9007	9020	4050	32.40172106538904
950	600	9007	9017	4050	0.055907402737828286
954	600	9007	9016	4050	28.137041528852222
966	600	9007	9008	4050	9.242749929755163
994	600	9005	9014	4050	11.276220098811416
1002	600	9005	9010	4050	21.943091311899398
1025	600	9004	9017	4050	21.03301803869037
1036	600	9004	9011	4050	16.41409417656975
1041	600	9004	9010	4050	2.141016245762471
1050	600	9003	9010	4050	7.46963713019255
1062	600	9002	9010	4050	0.010397149318252153
1065	600	9002	9009	4050	14.029850095165903
1076	600	9001	9020	4050	6.477753971969336
1101	600	9024	9010	4050	0.631175767524622
1104	600	9024	9008	4050	12.398617962561831
677	600	9011	9010	4200	49.257678350734686
704	600	9010	9005	4200	11.608474871655892
775	600	9010	9015	4200	2.8897587890014003
802	600	9010	9011	4200	14.136815573466373
821	600	9010	9009	4200	3.7404852912940636
867	600	9009	9010	4200	10.841550761307609
776	600	9010	9015	4725	28.236640170110046
803	600	9010	9011	4725	3.2024866836823724
822	600	9010	9009	4725	14.778484283771562
92	600	9022	9015	4800	20.841922209563993
185	600	9020	9016	4800	48.24067694704772
221	600	9019	9017	4800	17.39752071076786
396	600	9016	9010	4800	3.0080737244507194
427	600	9015	9022	4800	32.04226455697549
562	600	9013	9012	4800	0.0442181053735206
609	600	9012	9013	4800	14.662138586994654
678	600	9011	9010	4800	33.40567016782734
705	600	9010	9005	4800	8.896433071268117
868	600	9009	9010	4800	2.463442059399507
955	600	9007	9016	4800	20.677005269400848
2	600	9023	9006	4950	1.1329510682918291
6	600	9023	9001	4950	0.8235408754559738
10	600	9023	9022	4950	7.102588302186582
14	600	9023	9020	4950	33.574710965659236
19	600	9023	9019	4950	25.14437132638689
30	600	9023	9013	4950	9.294112898546665
33	600	9023	9012	4950	4.764280928119079
42	600	9023	9010	4950	18.845583879254196
48	600	9022	9007	4950	0.8509339598863157
50	600	9022	9006	4950	46.30952205187304
53	600	9022	9004	4950	14.162391604799483
55	600	9022	9002	4950	17.50337155834624
60	600	9022	9023	4950	7.316441709845751
66	600	9022	9021	4950	24.24457111018672
71	600	9022	9020	4950	8.765821416854578
86	600	9022	9016	4950	54.04974935430979
99	600	9022	9013	4950	16.219296982063483
102	600	9022	9012	4950	5.76825414542794
110	600	9022	9010	4950	0.23539289818546322
122	600	9021	9023	4950	18.232520154128526
128	600	9021	9022	4950	6.712022388559337
139	600	9021	9015	4950	19.160588451126948
145	600	9021	9011	4950	9.683500241535455
147	600	9021	9010	4950	10.116240559765977
150	600	9021	9009	4950	68.30882915834391
160	600	9020	9024	4950	8.904990714006097
163	600	9020	9023	4950	9.033872030935221
166	600	9020	9022	4950	17.793899106875337
178	600	9020	9017	4950	135.71887729315222
193	600	9020	9014	4950	4.730532723789502
195	600	9020	9013	4950	4.121496604436191
201	600	9020	9010	4950	10.901350152509583
207	600	9020	9008	4950	31.2338263339124
214	600	9019	9022	4950	18.150167226618166
230	600	9019	9015	4950	3.102263707691696
242	600	9019	9010	4950	51.45168047652406
251	600	9018	9012	4950	46.9949284365886
263	600	9017	9007	4950	15.666166956408452
271	600	9017	9001	4950	22.335718437326737
280	600	9017	9022	4950	2.5277965593646297
286	600	9017	9021	4950	58.24151687218475
290	600	9017	9020	4950	7.117990527531548
296	600	9017	9019	4950	13.988024201467026
301	600	9017	9016	4950	20.175307223878846
310	600	9017	9015	4950	6.438385322158079
314	600	9017	9014	4950	4.321268349273814
324	600	9017	9011	4950	75.75112396957012
330	600	9017	9010	4950	26.019414589781633
340	600	9016	9007	4950	21.020702452677295
364	600	9016	9020	4950	8.424163194405377
378	600	9016	9017	4950	108.41930567985676
388	600	9016	9011	4950	10.036176087835264
406	600	9016	9009	4950	4.654802294614067
409	600	9016	9008	4950	8.190138555558367
415	600	9015	9007	4950	44.07258946255681
417	600	9015	9004	4950	1.203119099496679
442	600	9015	9019	4950	1.168261421874897
448	600	9015	9018	4950	14.293834797660077
454	600	9015	9017	4950	2.616670431731466
460	600	9015	9016	4950	3.7807570057425526
482	600	9015	9010	4950	39.23364812295759
493	600	9015	9009	4950	10.66427647634909
504	600	9014	9022	4950	0.9748222767999731
508	600	9014	9021	4950	1.88420248102795
519	600	9014	9016	4950	4.796846179268198
527	600	9014	9011	4950	2.3390193406716544
533	600	9014	9010	4950	8.361514279678085
535	600	9014	9009	4950	17.637682939542707
538	600	9013	9004	4950	10.885613298069833
554	600	9013	9016	4950	63.44393998072561
569	600	9013	9011	4950	0.18518179873484678
575	600	9013	9010	4950	19.759185925181114
597	600	9012	9020	4950	53.27371678754644
602	600	9012	9017	4950	15.46102594703726
604	600	9012	9015	4950	2.1252852840009258
619	600	9012	9010	4950	3.8982711761013706
628	600	9011	9001	4950	16.118493263452507
639	600	9011	9022	4950	14.188833196285074
645	600	9011	9019	4950	9.844532224310791
652	600	9011	9016	4950	12.49345380257953
659	600	9011	9014	4950	215.5426557186604
668	600	9011	9012	4950	12.792670794835447
713	600	9010	9004	4950	41.770926185362825
726	600	9010	9023	4950	8.903581891693284
732	600	9010	9022	4950	15.274289404610016
746	600	9010	9020	4950	0.09034078586972272
752	600	9010	9019	4950	4.953097087948234
759	600	9010	9017	4950	11.147382719922309
766	600	9010	9016	4950	18.592188819464752
777	600	9010	9015	4950	11.835819584567556
787	600	9010	9014	4950	21.6938591096734
793	600	9010	9012	4950	21.464641207702094
804	600	9010	9011	4950	38.95408906466518
823	600	9010	9009	4950	19.959490369450215
837	600	9010	9008	4950	18.32059584379069
842	600	9009	9004	4950	47.142927557248036
846	600	9009	9022	4950	38.212427017595665
848	600	9009	9021	4950	71.02774196755729
849	600	9009	9020	4950	32.29116333103035
853	600	9009	9017	4950	15.125491657539925
881	600	9008	9007	4950	41.59604575944489
898	600	9008	9001	4950	5.035856003993639
905	600	9008	9020	4950	5.180525382992837
916	600	9008	9016	4950	52.21172910592754
937	600	9007	9001	4950	29.28330859814632
940	600	9007	9022	4950	37.01305346814692
946	600	9007	9020	4950	21.71975560434319
951	600	9007	9017	4950	4.13917188692334
967	600	9007	9008	4950	41.446582631758865
971	600	9006	9001	4950	22.24901414983112
972	600	9006	9024	4950	4.151443229542391
975	600	9006	9017	4950	94.85275190503505
979	600	9006	9013	4950	63.47015197722606
982	600	9006	9011	4950	2.097863197127321
984	600	9006	9010	4950	28.713201523182587
986	600	9006	9008	4950	17.60445335825495
995	600	9005	9014	4950	13.373068319481153
1003	600	9005	9010	4950	28.051456502550668
1009	600	9004	9007	4950	13.720542803564069
1011	600	9004	9006	4950	11.70095966302218
1016	600	9004	9001	4950	27.015165775369514
1021	600	9004	9022	4950	20.756294217068096
1024	600	9004	9019	4950	1.765740960158591
1026	600	9004	9017	4950	8.858819988204791
1032	600	9004	9014	4950	87.69805153172298
1035	600	9004	9012	4950	16.197829146402004
1042	600	9004	9010	4950	7.645476902455554
1063	600	9002	9010	4950	38.4077229496395
1079	600	9001	9018	4950	4.622252613456429
1082	600	9001	9013	4950	41.018524667903755
1085	600	9001	9012	4950	53.68007564343652
1087	600	9001	9011	4950	15.77718747987449
1088	600	9001	9010	4950	13.145785797479638
1091	600	9024	9023	4950	9.653414000577035
1099	600	9024	9012	4950	23.80257119206211
1102	600	9024	9010	4950	20.112855214348293
1105	600	9024	9008	4950	26.660592636072124
93	600	9022	9015	5100	1.6060151105957978
186	600	9020	9016	5100	10.997546400751837
222	600	9019	9017	5100	29.237681108151758
397	600	9016	9010	5100	36.2947181390904
428	600	9015	9022	5100	1.5416849887535227
563	600	9013	9012	5100	102.35463265731812
610	600	9012	9013	5100	41.20285671742093
679	600	9011	9010	5100	26.805160429570936
706	600	9010	9005	5100	34.02081145730966
869	600	9009	9010	5100	17.23423535523415
956	600	9007	9016	5100	0.5602704970727324
778	600	9010	9015	5175	31.31078241206213
805	600	9010	9011	5175	8.350455924248495
824	600	9010	9009	5175	1.7660532038236652
680	600	9011	9010	5625	27.26138634115741
806	600	9010	9011	5625	7.833855142971822
825	600	9010	9009	5625	6.4894433248403995
365	600	9016	9020	5700	25.105717142286714
398	600	9016	9010	5700	55.36272385553392
429	600	9015	9022	5700	17.050529266452713
483	600	9015	9010	5700	26.71138935561659
611	600	9012	9013	5700	0.6330335551034574
707	600	9010	9005	5700	0.17601644594087854
779	600	9010	9015	5700	0.2893641048647368
870	600	9009	9010	5700	33.934381223279956
1004	600	9005	9010	5700	19.249537247400013
3	600	9023	9004	5850	36.91901398349525
11	600	9023	9022	5850	16.7416057975379
13	600	9023	9021	5850	4.487549242308666
20	600	9023	9019	5850	11.213847040310178
26	600	9023	9016	5850	49.690656672351984
28	600	9023	9015	5850	49.983002763072584
38	600	9023	9011	5850	17.222226537848556
43	600	9023	9010	5850	19.784395384363496
46	600	9023	9009	5850	1.6263694848865862
61	600	9022	9023	5850	50.49029184355985
67	600	9022	9021	5850	1.5056409675183402
72	600	9022	9020	5850	12.260913077976577
81	600	9022	9017	5850	21.174744456218782
87	600	9022	9016	5850	36.20806986206399
94	600	9022	9015	5850	34.96497979748523
98	600	9022	9014	5850	0.07582034009693821
111	600	9022	9010	5850	19.917567987136106
116	600	9022	9008	5850	30.58064147827513
119	600	9021	9007	5850	25.39542316780651
129	600	9021	9022	5850	10.314061601076338
133	600	9021	9017	5850	65.70202035781288
135	600	9021	9016	5850	41.99382557020546
148	600	9021	9010	5850	91.96980340867019
155	600	9020	9007	5850	3.208837993238978
167	600	9020	9022	5850	40.869541682569555
174	600	9020	9019	5850	12.643737176477405
179	600	9020	9017	5850	22.90788167693318
187	600	9020	9016	5850	93.09840940651556
190	600	9020	9015	5850	12.726428587647641
202	600	9020	9010	5850	35.93601092646455
208	600	9020	9008	5850	37.62721083340397
216	600	9019	9021	5850	2.5717464163353645
223	600	9019	9017	5850	8.567027374222254
231	600	9019	9015	5850	3.388608239921655
243	600	9019	9010	5850	25.193413671361924
244	600	9019	9008	5850	12.403216040154243
247	600	9018	9001	5850	15.166469113467796
252	600	9018	9012	5850	21.01617564290243
264	600	9017	9006	5850	15.25085287668287
267	600	9017	9003	5850	24.152296653545996
269	600	9017	9002	5850	2.3608944644112944
278	600	9017	9023	5850	29.23212459132769
281	600	9017	9022	5850	11.188211697044169
291	600	9017	9020	5850	5.666425139557643
302	600	9017	9016	5850	28.693925291690498
311	600	9017	9015	5850	1.4135076480870064
315	600	9017	9014	5850	14.032499161770007
319	600	9017	9012	5850	27.061397250625603
331	600	9017	9010	5850	47.172254551984594
341	600	9016	9007	5850	58.132960826068256
348	600	9016	9004	5850	41.11401362020619
352	600	9016	9001	5850	17.26645006897532
354	600	9016	9023	5850	13.53657603639053
372	600	9016	9018	5850	0.21162668305203583
379	600	9016	9017	5850	39.977940801812615
410	600	9016	9008	5850	50.46393629769126
423	600	9015	9024	5850	19.068812967598223
443	600	9015	9019	5850	39.31180144654753
455	600	9015	9017	5850	23.566517518256138
461	600	9015	9016	5850	11.059903537933252
466	600	9015	9014	5850	4.017844295961597
468	600	9015	9013	5850	47.021573114609055
470	600	9015	9012	5850	10.699898635917343
473	600	9015	9011	5850	9.079771023484593
494	600	9015	9009	5850	3.55863679838764
505	600	9014	9022	5850	19.243295774886366
509	600	9014	9021	5850	14.811344355426934
515	600	9014	9017	5850	4.105463783543056
528	600	9014	9011	5850	27.542075489944345
534	600	9014	9010	5850	5.763873394348051
539	600	9013	9004	5850	10.354662551020434
543	600	9013	9002	5850	0.8312530290957716
549	600	9013	9021	5850	54.79113840586842
551	600	9013	9017	5850	19.709750317794516
555	600	9013	9016	5850	0.18247299144949614
556	600	9013	9015	5850	24.161741180530903
557	600	9013	9014	5850	124.50585742093834
564	600	9013	9012	5850	14.811397752641243
576	600	9013	9010	5850	210.15134346601047
585	600	9012	9005	5850	2.50609609986773
589	600	9012	9003	5850	11.340344038596454
593	600	9012	9023	5850	13.105283067426457
603	600	9012	9017	5850	22.475902617088153
606	600	9012	9014	5850	5.910727262842883
617	600	9012	9011	5850	2.207285404513177
622	600	9011	9006	5850	39.343775940397634
634	600	9011	9023	5850	10.411054129409449
642	600	9011	9021	5850	62.38861705497252
649	600	9011	9017	5850	85.06260655830324
660	600	9011	9014	5850	20.159947931536124
663	600	9011	9013	5850	6.706905369299754
681	600	9011	9010	5850	14.750577581754301
690	600	9011	9009	5850	27.903386644968112
692	600	9011	9008	5850	2.610710948812433
696	600	9010	9007	5850	6.213373266836024
699	600	9010	9006	5850	23.913998092320575
714	600	9010	9004	5850	39.33529046709589
723	600	9010	9024	5850	0.43324457029377406
727	600	9010	9023	5850	0.42877968486611284
733	600	9010	9022	5850	4.631929047129634
753	600	9010	9019	5850	1.8763727567149662
760	600	9010	9017	5850	25.87712050367294
767	600	9010	9016	5850	1.412771398491581
788	600	9010	9014	5850	7.784661092734124
794	600	9010	9012	5850	5.847455425179842
807	600	9010	9011	5850	17.058200597093762
826	600	9010	9009	5850	21.741193810162006
838	600	9010	9008	5850	1.1008722443668328
843	600	9009	9001	5850	11.683963644699036
850	600	9009	9020	5850	68.67624713442508
859	600	9009	9011	5850	27.433841741256696
882	600	9008	9007	5850	33.951793237224734
886	600	9008	9006	5850	14.238905839828949
891	600	9008	9005	5850	59.48459713141419
895	600	9008	9003	5850	4.138654888015293
906	600	9008	9020	5850	9.290208082717353
912	600	9008	9017	5850	11.754981400728738
917	600	9008	9016	5850	13.087305012665036
921	600	9008	9012	5850	9.150732230739498
923	600	9008	9011	5850	8.427637301091355
927	600	9008	9010	5850	47.12761403095653
931	600	9008	9009	5850	9.398488302919432
933	600	9007	9004	5850	1.2247589505530831
941	600	9007	9022	5850	9.539259877518628
947	600	9007	9020	5850	40.7280184274889
957	600	9007	9016	5850	55.473487640723505
968	600	9007	9008	5850	0.30283928330709475
974	600	9006	9020	5850	15.139254205024152
987	600	9006	9008	5850	17.650020477564013
990	600	9005	9021	5850	3.5365837781063143
996	600	9005	9014	5850	35.64976673298348
1017	600	9004	9001	5850	18.79374278700326
1022	600	9004	9022	5850	13.829767871183899
1027	600	9004	9017	5850	21.661209477563716
1029	600	9004	9015	5850	4.010615660950115
1037	600	9004	9011	5850	0.9215337887468955
1043	600	9004	9010	5850	8.743917421543836
1047	600	9003	9012	5850	28.864365550010007
1051	600	9003	9008	5850	18.13942867342496
1053	600	9002	9004	5850	22.715009736337354
1055	600	9002	9022	5850	30.133412240154314
1064	600	9002	9010	5850	23.2003972654134
1069	600	9001	9006	5850	4.5102751744738026
1070	600	9001	9004	5850	10.086313858124239
1083	600	9001	9013	5850	14.157241027450342
1089	600	9001	9010	5850	13.126529135863594
1092	600	9024	9022	5850	9.693544434517682
1094	600	9024	9021	5850	13.365742363758075
1095	600	9024	9015	5850	15.666188558293712
1100	600	9024	9012	5850	40.22712878217964
1103	600	9024	9010	5850	2.4866705726992118
366	600	9016	9020	6000	3.736095691157526
399	600	9016	9010	6000	20.92482899718658
430	600	9015	9022	6000	16.896949414120794
484	600	9015	9010	6000	10.49557314084715
612	600	9012	9013	6000	40.91048367186525
708	600	9010	9005	6000	28.938736688569662
780	600	9010	9015	6000	5.486355799043141
871	600	9009	9010	6000	16.99693807462725
1005	600	9005	9010	6000	32.43849088031054
682	600	9011	9010	6075	0.6997311794974608
808	600	9010	9011	6075	7.603578224566177
827	600	9010	9009	6075	12.455507587070421
683	600	9011	9010	6600	33.75585538894391
781	600	9010	9015	6600	8.4843448266964
809	600	9010	9011	6600	7.854889832098173
828	600	9010	9009	6600	2.139180621749258
872	600	9009	9010	6600	11.457308915023315
15	600	9023	9020	6750	30.633156173458026
31	600	9023	9013	6750	11.138038557166851
44	600	9023	9010	6750	10.210120773646262
49	600	9022	9007	6750	3.6441375110270635
51	600	9022	9006	6750	20.968894396197804
62	600	9022	9023	6750	8.001438972247687
68	600	9022	9021	6750	15.161408361861785
73	600	9022	9020	6750	30.929045418259328
82	600	9022	9017	6750	12.838168260578945
88	600	9022	9016	6750	35.609611966009574
95	600	9022	9015	6750	60.928081749668046
100	600	9022	9013	6750	10.482618212923773
104	600	9022	9011	6750	8.791156383177533
112	600	9022	9010	6750	4.6235412922041546
123	600	9021	9023	6750	39.125124372066715
130	600	9021	9022	6750	5.339996807419407
140	600	9021	9015	6750	11.856987875299739
144	600	9021	9013	6750	17.727500334204667
157	600	9020	9006	6750	9.6452345183251
180	600	9020	9017	6750	15.864360712383814
191	600	9020	9015	6750	13.315878939506272
224	600	9019	9017	6750	8.590869016704623
227	600	9019	9016	6750	5.212216568646748
238	600	9019	9011	6750	2.739157157774953
253	600	9018	9012	6750	13.16347927824299
276	600	9017	9024	6750	13.806226316649692
282	600	9017	9022	6750	16.97986284369263
292	600	9017	9020	6750	17.721814638733417
303	600	9017	9016	6750	7.027857135569932
332	600	9017	9010	6750	45.322155636482165
334	600	9017	9009	6750	10.270528827177484
342	600	9016	9007	6750	2.2881740395028425
349	600	9016	9004	6750	27.19652906816718
367	600	9016	9020	6750	74.1999134245762
380	600	9016	9017	6750	2.01912583190892
389	600	9016	9011	6750	24.134076698940937
400	600	9016	9010	6750	10.598691667135874
411	600	9016	9008	6750	6.831329566935156
431	600	9015	9022	6750	26.78853304732607
444	600	9015	9019	6750	3.2173862338590156
456	600	9015	9017	6750	42.164534866554675
474	600	9015	9011	6750	36.4368994112338
485	600	9015	9010	6750	18.88299589209265
500	600	9014	9023	6750	17.20868035870988
520	600	9014	9016	6750	43.48334379207242
522	600	9014	9015	6750	4.077264396670556
540	600	9013	9004	6750	5.259131394662678
545	600	9013	9001	6750	1.9739295489368613
552	600	9013	9017	6750	1.8809685574485628
565	600	9013	9012	6750	8.264207509643288
570	600	9013	9011	6750	23.77615158939865
577	600	9013	9009	6750	50.019504710185615
579	600	9013	9008	6750	9.394691760046491
586	600	9012	9005	6750	4.998279815724559
591	600	9012	9001	6750	22.892813350286005
598	600	9012	9019	6750	20.940326695657628
613	600	9012	9013	6750	36.42501666812964
620	600	9012	9010	6750	2.7598185759995117
621	600	9011	9007	6750	50.67573462736316
626	600	9011	9002	6750	145.29452290032685
632	600	9011	9024	6750	5.056886545132158
635	600	9011	9023	6750	85.87132914590475
650	600	9011	9017	6750	16.71443773044089
653	600	9011	9016	6750	24.584694636544622
656	600	9011	9015	6750	11.383755945151398
661	600	9011	9014	6750	1.294840261975592
664	600	9011	9013	6750	28.64942993482386
669	600	9011	9012	6750	32.361556775172616
709	600	9010	9005	6750	3.7663613674649064
715	600	9010	9004	6750	10.961161369735127
719	600	9010	9001	6750	18.530202039841143
728	600	9010	9023	6750	38.608315388733295
734	600	9010	9022	6750	29.66218921899506
741	600	9010	9021	6750	10.830060754102172
747	600	9010	9020	6750	1.2597253322088282
761	600	9010	9017	6750	21.421074964684184
768	600	9010	9016	6750	9.314908241014495
791	600	9010	9013	6750	10.310120265734554
858	600	9009	9012	6750	28.04682493466558
860	600	9009	9011	6750	37.36641763852007
883	600	9008	9007	6750	19.693303733193368
892	600	9008	9005	6750	52.895806643044594
907	600	9008	9020	6750	2.506966823572502
918	600	9008	9016	6750	7.662885832035989
932	600	9008	9009	6750	72.4395907824135
936	600	9007	9003	6750	45.33221195580386
943	600	9007	9021	6750	18.243294235321713
958	600	9007	9016	6750	3.0652658334837213
988	600	9006	9008	6750	0.25513765898280244
991	600	9005	9021	6750	23.606176612191067
997	600	9005	9014	6750	11.165369768679286
1006	600	9005	9010	6750	53.6737173561545
1013	600	9004	9002	6750	20.89414581098925
1018	600	9004	9024	6750	17.83093686152672
1020	600	9004	9023	6750	4.1153427849282505
1033	600	9004	9014	6750	41.48483311319011
1048	600	9003	9012	6750	24.936722895146566
1052	600	9002	9006	6750	16.33448933541202
1058	600	9002	9016	6750	21.95790024886247
1080	600	9001	9017	6750	15.420979853316354
1093	600	9024	9022	6750	17.533231871575712
684	600	9011	9010	6900	35.097098011648576
782	600	9010	9015	6900	6.241127878282878
810	600	9010	9011	6900	0.2419016545083699
829	600	9010	9009	6900	41.119552912382034
873	600	9009	9010	6900	20.41544354917991
401	600	9016	9010	7500	2.6388502205762188
486	600	9015	9010	7500	0.46437331382854513
685	600	9011	9010	7500	51.175617575547825
830	600	9010	9009	7500	9.64431091159637
16	600	9023	9020	7650	10.390917627837183
34	600	9023	9012	7650	3.5037822649008046
45	600	9023	9010	7650	0.06878788779071407
56	600	9022	9002	7650	23.2310074677308
74	600	9022	9020	7650	12.080752057786945
76	600	9022	9019	7650	6.304984169432032
83	600	9022	9017	7650	35.176663415249955
96	600	9022	9015	7650	28.667227076859096
113	600	9022	9010	7650	12.535214702551848
115	600	9022	9009	7650	17.968742359927653
117	600	9022	9008	7650	2.1412964886005326
141	600	9021	9015	7650	30.564086308091102
149	600	9021	9010	7650	6.7547051369380915
151	600	9021	9008	7650	1.1728685621841919
156	600	9020	9007	7650	6.364782041612352
168	600	9020	9022	7650	8.811495532481816
171	600	9020	9021	7650	59.402862728135105
181	600	9020	9017	7650	18.277949884952022
188	600	9020	9016	7650	5.208896446076941
192	600	9020	9015	7650	1.1414223823743905
196	600	9020	9013	7650	11.768734367055025
197	600	9020	9012	7650	5.154889461426904
209	600	9020	9008	7650	0.04411577231781182
232	600	9019	9015	7650	14.319459367307223
234	600	9019	9014	7650	9.828416659441872
249	600	9018	9019	7650	1.4701569836175543
254	600	9018	9012	7650	20.13172447366141
270	600	9017	9002	7650	5.480743781294841
272	600	9017	9001	7650	16.51093335882093
277	600	9017	9024	7650	8.053258891314917
297	600	9017	9019	7650	22.69367781623575
304	600	9017	9016	7650	7.891777096009255
317	600	9017	9013	7650	31.617815457398112
325	600	9017	9011	7650	9.201939150833516
336	600	9017	9008	7650	13.726912185773148
343	600	9016	9007	7650	25.08645129860858
350	600	9016	9003	7650	2.443072777017945
355	600	9016	9023	7650	37.49313689849369
358	600	9016	9022	7650	7.865405566327898
368	600	9016	9020	7650	40.61686012218159
373	600	9016	9018	7650	14.989529874761764
390	600	9016	9011	7650	18.775158867533115
412	600	9016	9008	7650	2.7817386030623283
416	600	9015	9007	7650	5.496707538950279
421	600	9015	9001	7650	28.256810164597344
432	600	9015	9022	7650	5.537901919605915
439	600	9015	9020	7650	2.2589843436435784
457	600	9015	9017	7650	8.91332580102579
462	600	9015	9016	7650	7.0551011636353556
469	600	9015	9013	7650	14.40497272631518
475	600	9015	9011	7650	0.34461044490161724
499	600	9014	9024	7650	2.956885482361306
506	600	9014	9022	7650	12.490288198973051
516	600	9014	9017	7650	28.236564695884987
523	600	9014	9015	7650	22.27320599210262
541	600	9013	9004	7650	0.4604015809402138
547	600	9013	9022	7650	45.076305206127685
566	600	9013	9012	7650	3.6258174935917094
571	600	9013	9011	7650	24.650057059987287
581	600	9012	9007	7650	18.21717472948163
595	600	9012	9022	7650	10.98514677972983
614	600	9012	9013	7650	19.663168229754348
624	600	9011	9004	7650	25.887198880962604
629	600	9011	9001	7650	40.88586685572238
640	600	9011	9022	7650	2.466561572367721
665	600	9011	9013	7650	18.02369570692309
670	600	9011	9012	7650	29.58254221970114
693	600	9011	9008	7650	6.852756173603827
710	600	9010	9005	7650	33.31606243226794
716	600	9010	9004	7650	14.766616422657194
735	600	9010	9022	7650	105.14459862688742
748	600	9010	9020	7650	9.928647131689909
762	600	9010	9017	7650	15.429797785860561
783	600	9010	9015	7650	34.781779920753024
792	600	9010	9013	7650	48.273581951843234
795	600	9010	9012	7650	25.358872086962606
811	600	9010	9011	7650	39.18876589518176
841	600	9009	9006	7650	10.922291735998137
855	600	9009	9015	7650	90.71768539461472
857	600	9009	9014	7650	17.635724086682306
874	600	9009	9010	7650	37.18985758241883
887	600	9008	9006	7650	15.021038881203534
893	600	9008	9005	7650	24.627791536212055
896	600	9008	9003	7650	11.166495165343639
899	600	9008	9024	7650	24.483115826106157
908	600	9008	9020	7650	26.79715407111921
913	600	9008	9017	7650	12.344954994799572
928	600	9008	9010	7650	27.726635205472988
934	600	9007	9004	7650	15.272562879050772
948	600	9007	9020	7650	4.429639439268649
976	600	9006	9017	7650	24.08407930622476
1007	600	9005	9010	7650	1.4413521984851225
1023	600	9004	9022	7650	10.98468613297097
1030	600	9004	9015	7650	0.9892903604242776
1049	600	9003	9011	7650	7.279766688897746
1054	600	9002	9001	7650	28.203764128264687
1067	600	9002	9008	7650	12.933297169728894
1097	600	9024	9013	7650	31.425872099268876
1106	600	9024	9008	7650	12.217755710735583
402	600	9016	9010	7800	3.1255331512290256
487	600	9015	9010	7800	36.31288354797486
686	600	9011	9010	7800	34.45042984752972
831	600	9010	9009	7800	11.130586180039487
1	600	9023	9007	8550	18.036978503228813
12	600	9023	9022	8550	53.26458940579775
120	600	9021	9007	8550	11.209545730571945
136	600	9021	9016	8550	47.254926210756885
152	600	9021	9008	8550	639.3032639185669
161	600	9020	9024	8550	8.6818131146759
172	600	9020	9021	8550	13.04277213951976
175	600	9020	9019	8550	12.222542224906023
210	600	9020	9008	8550	5.1368837764685775
225	600	9019	9017	8550	15.019392691810658
273	600	9017	9001	8550	21.247316206323873
305	600	9017	9016	8550	81.16535775415328
316	600	9017	9014	8550	17.180335536423353
320	600	9017	9012	8550	9.800654449758714
335	600	9017	9009	8550	14.159151356794851
345	600	9016	9006	8550	12.700206403887215
374	600	9016	9018	8550	10.379200488479286
381	600	9016	9017	8550	26.58506591600823
403	600	9016	9010	8550	29.017143841425472
433	600	9015	9022	8550	43.97128494580342
458	600	9015	9017	8550	47.49270710282499
463	600	9015	9016	8550	1.7327947008311282
476	600	9015	9011	8550	22.136442093554674
488	600	9015	9010	8550	3.9977936400916225
529	600	9014	9011	8550	24.30727971231521
567	600	9013	9012	8550	15.249774865679655
572	600	9013	9011	8550	78.42125222131044
580	600	9013	9008	8550	5.666033173155884
599	600	9012	9019	8550	1.734420323435643
615	600	9012	9013	8550	2.5572758652148377
625	600	9011	9004	8550	3.967179545827497
630	600	9011	9001	8550	29.327797995036743
636	600	9011	9023	8550	0.01563492759945171
644	600	9011	9020	8550	20.935183013785466
687	600	9011	9010	8550	47.80095189366796
736	600	9010	9022	8550	6.371469515094244
754	600	9010	9019	8550	9.964124515110615
769	600	9010	9016	8550	36.72582206692422
812	600	9010	9011	8550	7.765161733123189
832	600	9010	9009	8550	16.358885768321446
875	600	9009	9010	8550	12.092440649613456
900	600	9008	9022	8550	12.775904767836902
909	600	9008	9019	8550	5.738101138492548
938	600	9007	9001	8550	4.572517171009125
942	600	9007	9022	8550	0.9678541953226454
969	600	9007	9008	8550	11.036869781389477
989	600	9006	9008	8550	27.75791878500519
998	600	9005	9014	8550	9.241946785891704
1008	600	9005	9010	8550	1.02727959765619
1038	600	9004	9011	8550	24.34208405926853
1056	600	9002	9019	8550	40.11267292103335
1060	600	9002	9012	8550	16.31181625578121
1066	600	9002	9009	8550	4.466407460099505
1107	600	9024	9008	8550	15.60332427151857
35	600	9023	9012	9450	6.230907995080249
69	600	9022	9021	9450	18.913604789596718
77	600	9022	9019	9450	33.50988893969596
89	600	9022	9016	9450	3.3552939786432554
131	600	9021	9022	9450	7.956885116245136
142	600	9021	9015	9450	18.262807009426233
158	600	9020	9004	9450	38.97390326543419
169	600	9020	9022	9450	1.851717282441986
189	600	9020	9016	9450	12.209026167207517
213	600	9019	9023	9450	3.4890285935388765
215	600	9019	9022	9450	7.240934076626898
233	600	9019	9015	9450	4.9275580677287305
250	600	9018	9019	9450	11.97810773422741
283	600	9017	9022	9450	3.4964828453254384
306	600	9017	9016	9450	8.933286271979842
312	600	9017	9015	9450	51.91465040322663
337	600	9017	9008	9450	26.31927884771494
344	600	9016	9007	9450	33.78266503163627
369	600	9016	9020	9450	14.459526738405476
413	600	9016	9008	9450	23.841072856913442
418	600	9015	9003	9450	20.283910877604363
434	600	9015	9022	9450	18.308201382266418
445	600	9015	9019	9450	60.728160559401005
449	600	9015	9018	9450	4.682695229568555
489	600	9015	9010	9450	21.235064858512708
501	600	9014	9023	9450	11.642059052537713
510	600	9014	9021	9450	51.61568280666058
536	600	9013	9007	9450	6.075094469430901
542	600	9013	9004	9450	1.9674309529881542
548	600	9013	9022	9450	27.12836573886319
587	600	9012	9005	9450	53.90855769594
646	600	9011	9019	9450	18.553122599969843
662	600	9011	9014	9450	24.18381920074036
688	600	9011	9010	9450	25.102941855753567
720	600	9010	9001	9450	7.995377649473172
749	600	9010	9020	9450	4.489537431520901
784	600	9010	9015	9450	3.857845871938907
813	600	9010	9011	9450	12.82798349105323
833	600	9010	9009	9450	29.587685331300722
876	600	9009	9010	9450	5.983424033706787
878	600	9009	9008	9450	34.07096074986167
952	600	9007	9017	9450	64.57943157357849
959	600	9007	9015	9450	3.427427010205047
983	600	9006	9011	9450	13.365483954793245
1044	600	9004	9010	9450	28.0744624351197
1071	600	9001	9004	9450	21.906616746639223
1073	600	9001	9023	9450	45.977347303645395
1074	600	9001	9022	9450	0.235815738674181
4	600	9023	9004	10350	14.864183838027797
7	600	9023	9001	10350	29.37282112812517
24	600	9023	9017	10350	5.659957648177426
39	600	9023	9011	10350	13.566683453243854
47	600	9023	9008	10350	11.402297976192992
63	600	9022	9023	10350	4.087209179787652
75	600	9022	9020	10350	20.921333082305217
84	600	9022	9017	10350	16.649804340866726
97	600	9022	9015	10350	19.000619208591498
101	600	9022	9013	10350	7.266693767137608
105	600	9022	9011	10350	12.680171362479975
194	600	9020	9014	10350	16.581343565910803
199	600	9020	9011	10350	4.044257088396259
203	600	9020	9010	10350	14.186197483576668
255	600	9018	9012	10350	41.721064563745884
259	600	9018	9009	10350	4.035902346956288
265	600	9017	9006	10350	14.6929060068357
284	600	9017	9022	10350	8.47870525352405
293	600	9017	9020	10350	21.4871623635018
318	600	9017	9013	10350	11.957503416564156
359	600	9016	9022	10350	6.635669248724721
382	600	9016	9017	10350	17.820468459335583
384	600	9016	9015	10350	55.084942307271476
391	600	9016	9011	10350	2.7837112459148394
404	600	9016	9010	10350	14.743850128333994
414	600	9016	9008	10350	13.765422195098385
435	600	9015	9022	10350	4.547947965719178
437	600	9015	9021	10350	37.47588498041741
459	600	9015	9017	10350	12.397941223157726
464	600	9015	9016	10350	233.53034540714836
490	600	9015	9010	10350	2.268261191478144
511	600	9014	9019	10350	58.45371691054446
568	600	9013	9012	10350	17.12580841070154
623	600	9011	9006	10350	5.804806992178049
637	600	9011	9023	10350	3.5132487535138934
643	600	9011	9021	10350	5.507253249993353
654	600	9011	9016	10350	27.260945254435633
689	600	9011	9010	10350	25.41996486717076
691	600	9011	9009	10350	78.46499373099142
717	600	9010	9004	10350	12.595029699272443
721	600	9010	9001	10350	23.63799635874829
724	600	9010	9024	10350	87.40197779890991
729	600	9010	9023	10350	68.62452861353513
737	600	9010	9022	10350	11.740368986306
750	600	9010	9020	10350	30.161069863220018
789	600	9010	9014	10350	18.472127723252193
796	600	9010	9012	10350	24.06972728436974
814	600	9010	9011	10350	1.6528384362146336
834	600	9010	9009	10350	21.159588646659767
847	600	9009	9022	10350	0.991948657817429
877	600	9009	9010	10350	3.241994172275519
888	600	9008	9006	10350	82.37483764362712
894	600	9008	9005	10350	21.229830288305802
901	600	9008	9022	10350	18.79329384187291
902	600	9008	9021	10350	8.516864261161912
919	600	9008	9016	10350	13.352184409808453
935	600	9007	9004	10350	1.8229311798331795
960	600	9007	9015	10350	9.65927914329398
992	600	9005	9021	10350	1.5290194329310145
1028	600	9004	9017	10350	23.021861460693433
1039	600	9004	9011	10350	31.552032647410638
1057	600	9002	9017	10350	3.1443612685184323
1059	600	9002	9013	10350	9.928353334775746
1077	600	9001	9019	10350	1.6125989834541024
1096	600	9024	9015	10350	29.16375030453467
