2314	0	244.42857142857142	900	245.375	1800	242.0	2700	0.0	3600	0.0	4500	0.0	5400	0.0	6300	0.0	7200	0.0	8100	0.0	9000	0.0	9900	0.0	10800	0.0	11700	0.0	12600	0.0	13500	0.0	14400	0.0	15300	0.0	16200	0.0	17100	0.0	18000	0.0	18900	0.0	19800	0.0	20700	0.0	21600	0.0	22500	0.0	23400	0.0	24300	0.0	25200	0.0	26100	0.0	27000	0.0	27900	0.0	28800	0.0	29700	0.0	30600	0.0	31500	0.0	32400	0.0	33300	0.0	34200	0.0	35100	0.0	36000	0.0
12	0	363.42857142857144	900	361.6666666666667	1800	360.0	2700	0.0	3600	0.0	4500	0.0	5400	0.0	6300	0.0	7200	0.0	8100	0.0	9000	0.0	9900	0.0	10800	0.0	11700	0.0	12600	0.0	13500	0.0	14400	0.0	15300	0.0	16200	0.0	17100	0.0	18000	0.0	18900	0.0	19800	0.0	20700	0.0	21600	0.0	22500	0.0	23400	0.0	24300	0.0	25200	0.0	26100	0.0	27000	0.0	27900	0.0	28800	0.0	29700	0.0	30600	0.0	31500	0.0	32400	0.0	33300	0.0	34200	0.0	35100	0.0	36000	0.0
13	0	240.0	900	240.0	1800	240.0	2700	0.0	3600	0.0	4500	0.0	5400	0.0	6300	0.0	7200	0.0	8100	0.0	9000	0.0	9900	0.0	10800	0.0	11700	0.0	12600	0.0	13500	0.0	14400	0.0	15300	0.0	16200	0.0	17100	0.0	18000	0.0	18900	0.0	19800	0.0	20700	0.0	21600	0.0	22500	0.0	23400	0.0	24300	0.0	25200	0.0	26100	0.0	27000	0.0	27900	0.0	28800	0.0	29700	0.0	30600	0.0	31500	0.0	32400	0.0	33300	0.0	34200	0.0	35100	0.0	36000	0.0
2322	0	242.45454545454547	900	242.58823529411765	1800	242.0	2700	0.0	3600	0.0	4500	0.0	5400	0.0	6300	0.0	7200	0.0	8100	0.0	9000	0.0	9900	0.0	10800	0.0	11700	0.0	12600	0.0	13500	0.0	14400	0.0	15300	0.0	16200	0.0	17100	0.0	18000	0.0	18900	0.0	19800	0.0	20700	0.0	21600	0.0	22500	0.0	23400	0.0	24300	0.0	25200	0.0	26100	0.0	27000	0.0	27900	0.0	28800	0.0	29700	0.0	30600	0.0	31500	0.0	32400	0.0	33300	0.0	34200	0.0	35100	0.0	36000	0.0
901919	0	8.103896103896103	900	7.714285714285714	1800	6.0	2700	0.0	3600	0.0	4500	0.0	5400	0.0	6300	0.0	7200	0.0	8100	0.0	9000	0.0	9900	0.0	10800	0.0	11700	0.0	12600	0.0	13500	0.0	14400	0.0	15300	0.0	16200	0.0	17100	0.0	18000	0.0	18900	0.0	19800	0.0	20700	0.0	21600	0.0	22500	0.0	23400	0.0	24300	0.0	25200	0.0	26100	0.0	27000	0.0	27900	0.0	28800	0.0	29700	0.0	30600	0.0	31500	0.0	32400	0.0	33300	0.0	34200	0.0	35100	0.0	36000	0.0
1419014	0	6.0	900	6.0	1800	6.0	2700	6.0	3600	0.0	4500	0.0	5400	0.0	6300	0.0	7200	0.0	8100	0.0	9000	0.0	9900	0.0	10800	0.0	11700	0.0	12600	0.0	13500	0.0	14400	0.0	15300	0.0	16200	0.0	17100	0.0	18000	0.0	18900	0.0	19800	0.0	20700	0.0	21600	0.0	22500	0.0	23400	0.0	24300	0.0	25200	0.0	26100	0.0	27000	0.0	27900	0.0	28800	0.0	29700	0.0	30600	0.0	31500	0.0	32400	0.0	33300	0.0	34200	0.0	35100	0.0	36000	0.0
2324	0	122.5	900	121.44827586206897	1800	120.0	2700	0.0	3600	0.0	4500	0.0	5400	0.0	6300	0.0	7200	0.0	8100	0.0	9000	0.0	9900	0.0	10800	0.0	11700	0.0	12600	0.0	13500	0.0	14400	0.0	15300	0.0	16200	0.0	17100	0.0	18000	0.0	18900	0.0	19800	0.0	20700	0.0	21600	0.0	22500	0.0	23400	0.0	24300	0.0	25200	0.0	26100	0.0	27000	0.0	27900	0.0	28800	0.0	29700	0.0	30600	0.0	31500	0.0	32400	0.0	33300	0.0	34200	0.0	35100	0.0	36000	0.0
21	0	360.0	900	360.0	1800	360.0	2700	0.0	3600	0.0	4500	0.0	5400	0.0	6300	0.0	7200	0.0	8100	0.0	9000	0.0	9900	0.0	10800	0.0	11700	0.0	12600	0.0	13500	0.0	14400	0.0	15300	0.0	16200	0.0	17100	0.0	18000	0.0	18900	0.0	19800	0.0	20700	0.0	21600	0.0	22500	0.0	23400	0.0	24300	0.0	25200	0.0	26100	0.0	27000	0.0	27900	0.0	28800	0.0	29700	0.0	30600	0.0	31500	0.0	32400	0.0	33300	0.0	34200	0.0	35100	0.0	36000	0.0
902424	0	8.25	900	9.136363636363637	1800	6.0	2700	0.0	3600	0.0	4500	0.0	5400	0.0	6300	0.0	7200	0.0	8100	0.0	9000	0.0	9900	0.0	10800	0.0	11700	0.0	12600	0.0	13500	0.0	14400	0.0	15300	0.0	16200	0.0	17100	0.0	18000	0.0	18900	0.0	19800	0.0	20700	0.0	21600	0.0	22500	0.0	23400	0.0	24300	0.0	25200	0.0	26100	0.0	27000	0.0	27900	0.0	28800	0.0	29700	0.0	30600	0.0	31500	0.0	32400	0.0	33300	0.0	34200	0.0	35100	0.0	36000	0.0
1816	0	192.4	900	190.3448275862069	1800	182.14285714285714	2700	0.0	3600	0.0	4500	0.0	5400	0.0	6300	0.0	7200	0.0	8100	0.0	9000	0.0	9900	0.0	10800	0.0	11700	0.0	12600	0.0	13500	0.0	14400	0.0	15300	0.0	16200	0.0	17100	0.0	18000	0.0	18900	0.0	19800	0.0	20700	0.0	21600	0.0	22500	0.0	23400	0.0	24300	0.0	25200	0.0	26100	0.0	27000	0.0	27900	0.0	28800	0.0	29700	0.0	30600	0.0	31500	0.0	32400	0.0	33300	0.0	34200	0.0	35100	0.0	36000	0.0
26	0	311.47058823529414	900	323.84615384615387	1800	301.7142857142857	2700	0.0	3600	0.0	4500	0.0	5400	0.0	6300	0.0	7200	0.0	8100	0.0	9000	0.0	9900	0.0	10800	0.0	11700	0.0	12600	0.0	13500	0.0	14400	0.0	15300	0.0	16200	0.0	17100	0.0	18000	0.0	18900	0.0	19800	0.0	20700	0.0	21600	0.0	22500	0.0	23400	0.0	24300	0.0	25200	0.0	26100	0.0	27000	0.0	27900	0.0	28800	0.0	29700	0.0	30600	0.0	31500	0.0	32400	0.0	33300	0.0	34200	0.0	35100	0.0	36000	0.0
1820	0	240.92307692307693	900	241.29113924050634	1800	240.23076923076923	2700	240.0	3600	0.0	4500	0.0	5400	0.0	6300	0.0	7200	0.0	8100	0.0	9000	0.0	9900	0.0	10800	0.0	11700	0.0	12600	0.0	13500	0.0	14400	0.0	15300	0.0	16200	0.0	17100	0.0	18000	0.0	18900	0.0	19800	0.0	20700	0.0	21600	0.0	22500	0.0	23400	0.0	24300	0.0	25200	0.0	26100	0.0	27000	0.0	27900	0.0	28800	0.0	29700	0.0	30600	0.0	31500	0.0	32400	0.0	33300	0.0	34200	0.0	35100	0.0	36000	0.0
31	0	240.0	900	240.0	1800	240.0	2700	0.0	3600	0.0	4500	0.0	5400	0.0	6300	0.0	7200	0.0	8100	0.0	9000	0.0	9900	0.0	10800	0.0	11700	0.0	12600	0.0	13500	0.0	14400	0.0	15300	0.0	16200	0.0	17100	0.0	18000	0.0	18900	0.0	19800	0.0	20700	0.0	21600	0.0	22500	0.0	23400	0.0	24300	0.0	25200	0.0	26100	0.0	27000	0.0	27900	0.0	28800	0.0	29700	0.0	30600	0.0	31500	0.0	32400	0.0	33300	0.0	34200	0.0	35100	0.0	36000	0.0
319003	0	6.0	900	6.0	1800	6.0	2700	6.0	3600	0.0	4500	0.0	5400	0.0	6300	0.0	7200	0.0	8100	0.0	9000	0.0	9900	0.0	10800	0.0	11700	0.0	12600	0.0	13500	0.0	14400	0.0	15300	0.0	16200	0.0	17100	0.0	18000	0.0	18900	0.0	19800	0.0	20700	0.0	21600	0.0	22500	0.0	23400	0.0	24300	0.0	25200	0.0	26100	0.0	27000	0.0	27900	0.0	28800	0.0	29700	0.0	30600	0.0	31500	0.0	32400	0.0	33300	0.0	34200	0.0	35100	0.0	36000	0.0
1312	0	180.55384615384617	900	180.63529411764705	1800	180.0	2700	0.0	3600	0.0	4500	0.0	5400	0.0	6300	0.0	7200	0.0	8100	0.0	9000	0.0	9900	0.0	10800	0.0	11700	0.0	12600	0.0	13500	0.0	14400	0.0	15300	0.0	16200	0.0	17100	0.0	18000	0.0	18900	0.0	19800	0.0	20700	0.0	21600	0.0	22500	0.0	23400	0.0	24300	0.0	25200	0.0	26100	0.0	27000	0.0	27900	0.0	28800	0.0	29700	0.0	30600	0.0	31500	0.0	32400	0.0	33300	0.0	34200	0.0	35100	0.0	36000	0.0
34	0	240.14634146341464	900	240.1153846153846	1800	240.54545454545453	2700	0.0	3600	0.0	4500	0.0	5400	0.0	6300	0.0	7200	0.0	8100	0.0	9000	0.0	9900	0.0	10800	0.0	11700	0.0	12600	0.0	13500	0.0	14400	0.0	15300	0.0	16200	0.0	17100	0.0	18000	0.0	18900	0.0	19800	0.0	20700	0.0	21600	0.0	22500	0.0	23400	0.0	24300	0.0	25200	0.0	26100	0.0	27000	0.0	27900	0.0	28800	0.0	29700	0.0	30600	0.0	31500	0.0	32400	0.0	33300	0.0	34200	0.0	35100	0.0	36000	0.0
43	0	240.0	900	240.0	1800	240.0	2700	0.0	3600	0.0	4500	0.0	5400	0.0	6300	0.0	7200	0.0	8100	0.0	9000	0.0	9900	0.0	10800	0.0	11700	0.0	12600	0.0	13500	0.0	14400	0.0	15300	0.0	16200	0.0	17100	0.0	18000	0.0	18900	0.0	19800	0.0	20700	0.0	21600	0.0	22500	0.0	23400	0.0	24300	0.0	25200	0.0	26100	0.0	27000	0.0	27900	0.0	28800	0.0	29700	0.0	30600	0.0	31500	0.0	32400	0.0	33300	0.0	34200	0.0	35100	0.0	36000	0.0
901414	0	12.847058823529412	900	14.707317073170731	1800	24.0	2700	0.0	3600	0.0	4500	0.0	5400	0.0	6300	0.0	7200	0.0	8100	0.0	9000	0.0	9900	0.0	10800	0.0	11700	0.0	12600	0.0	13500	0.0	14400	0.0	15300	0.0	16200	0.0	17100	0.0	18000	0.0	18900	0.0	19800	0.0	20700	0.0	21600	0.0	22500	0.0	23400	0.0	24300	0.0	25200	0.0	26100	0.0	27000	0.0	27900	0.0	28800	0.0	29700	0.0	30600	0.0	31500	0.0	32400	0.0	33300	0.0	34200	0.0	35100	0.0	36000	0.0
1324	0	245.1627906976744	900	264.2769230769231	1800	240.75	2700	0.0	3600	0.0	4500	0.0	5400	0.0	6300	0.0	7200	0.0	8100	0.0	9000	0.0	9900	0.0	10800	0.0	11700	0.0	12600	0.0	13500	0.0	14400	0.0	15300	0.0	16200	0.0	17100	0.0	18000	0.0	18900	0.0	19800	0.0	20700	0.0	21600	0.0	22500	0.0	23400	0.0	24300	0.0	25200	0.0	26100	0.0	27000	0.0	27900	0.0	28800	0.0	29700	0.0	30600	0.0	31500	0.0	32400	0.0	33300	0.0	34200	0.0	35100	0.0	36000	0.0
45	0	121.95918367346938	900	122.20253164556962	1800	120.6	2700	0.0	3600	0.0	4500	0.0	5400	0.0	6300	0.0	7200	0.0	8100	0.0	9000	0.0	9900	0.0	10800	0.0	11700	0.0	12600	0.0	13500	0.0	14400	0.0	15300	0.0	16200	0.0	17100	0.0	18000	0.0	18900	0.0	19800	0.0	20700	0.0	21600	0.0	22500	0.0	23400	0.0	24300	0.0	25200	0.0	26100	0.0	27000	0.0	27900	0.0	28800	0.0	29700	0.0	30600	0.0	31500	0.0	32400	0.0	33300	0.0	34200	0.0	35100	0.0	36000	0.0
2219022	0	6.0	900	6.0	1800	6.0	2700	0.0	3600	0.0	4500	0.0	5400	0.0	6300	0.0	7200	0.0	8100	0.0	9000	0.0	9900	0.0	10800	0.0	11700	0.0	12600	0.0	13500	0.0	14400	0.0	15300	0.0	16200	0.0	17100	0.0	18000	0.0	18900	0.0	19800	0.0	20700	0.0	21600	0.0	22500	0.0	23400	0.0	24300	0.0	25200	0.0	26100	0.0	27000	0.0	27900	0.0	28800	0.0	29700	0.0	30600	0.0	31500	0.0	32400	0.0	33300	0.0	34200	0.0	35100	0.0	36000	0.0
816	0	304.95238095238096	900	308.2962962962963	1800	303.3333333333333	2700	0.0	3600	0.0	4500	0.0	5400	0.0	6300	0.0	7200	0.0	8100	0.0	9000	0.0	9900	0.0	10800	0.0	11700	0.0	12600	0.0	13500	0.0	14400	0.0	15300	0.0	16200	0.0	17100	0.0	18000	0.0	18900	0.0	19800	0.0	20700	0.0	21600	0.0	22500	0.0	23400	0.0	24300	0.0	25200	0.0	26100	0.0	27000	0.0	27900	0.0	28800	0.0	29700	0.0	30600	0.0	31500	0.0	32400	0.0	33300	0.0	34200	0.0	35100	0.0	36000	0.0
1119011	0	6.0	900	6.0	1800	6.0	2700	0.0	3600	0.0	4500	0.0	5400	0.0	6300	0.0	7200	0.0	8100	0.0	9000	0.0	9900	0.0	10800	0.0	11700	0.0	12600	0.0	13500	0.0	14400	0.0	15300	0.0	16200	0.0	17100	0.0	18000	0.0	18900	0.0	19800	0.0	20700	0.0	21600	0.0	22500	0.0	23400	0.0	24300	0.0	25200	0.0	26100	0.0	27000	0.0	27900	0.0	28800	0.0	29700	0.0	30600	0.0	31500	0.0	32400	0.0	33300	0.0	34200	0.0	35100	0.0	36000	0.0
54	0	120.51063829787235	900	120.56756756756756	1800	120.0	2700	0.0	3600	0.0	4500	0.0	5400	0.0	6300	0.0	7200	0.0	8100	0.0	9000	0.0	9900	0.0	10800	0.0	11700	0.0	12600	0.0	13500	0.0	14400	0.0	15300	0.0	16200	0.0	17100	0.0	18000	0.0	18900	0.0	19800	0.0	20700	0.0	21600	0.0	22500	0.0	23400	0.0	24300	0.0	25200	0.0	26100	0.0	27000	0.0	27900	0.0	28800	0.0	29700	0.0	30600	0.0	31500	0.0	32400	0.0	33300	0.0	34200	0.0	35100	0.0	36000	0.0
1919019	0	6.0	900	6.0	1800	6.0	2700	6.0	3600	0.0	4500	0.0	5400	0.0	6300	0.0	7200	0.0	8100	0.0	9000	0.0	9900	0.0	10800	0.0	11700	0.0	12600	0.0	13500	0.0	14400	0.0	15300	0.0	16200	0.0	17100	0.0	18000	0.0	18900	0.0	19800	0.0	20700	0.0	21600	0.0	22500	0.0	23400	0.0	24300	0.0	25200	0.0	26100	0.0	27000	0.0	27900	0.0	28800	0.0	29700	0.0	30600	0.0	31500	0.0	32400	0.0	33300	0.0	34200	0.0	35100	0.0	36000	0.0
312	0	240.1818181818182	900	240.93333333333334	1800	240.0	2700	0.0	3600	0.0	4500	0.0	5400	0.0	6300	0.0	7200	0.0	8100	0.0	9000	0.0	9900	0.0	10800	0.0	11700	0.0	12600	0.0	13500	0.0	14400	0.0	15300	0.0	16200	0.0	17100	0.0	18000	0.0	18900	0.0	19800	0.0	20700	0.0	21600	0.0	22500	0.0	23400	0.0	24300	0.0	25200	0.0	26100	0.0	27000	0.0	27900	0.0	28800	0.0	29700	0.0	30600	0.0	31500	0.0	32400	0.0	33300	0.0	34200	0.0	35100	0.0	36000	0.0
56	0	249.6	900	252.43636363636364	1800	242.57142857142858	2700	0.0	3600	0.0	4500	0.0	5400	0.0	6300	0.0	7200	0.0	8100	0.0	9000	0.0	9900	0.0	10800	0.0	11700	0.0	12600	0.0	13500	0.0	14400	0.0	15300	0.0	16200	0.0	17100	0.0	18000	0.0	18900	0.0	19800	0.0	20700	0.0	21600	0.0	22500	0.0	23400	0.0	24300	0.0	25200	0.0	26100	0.0	27000	0.0	27900	0.0	28800	0.0	29700	0.0	30600	0.0	31500	0.0	32400	0.0	33300	0.0	34200	0.0	35100	0.0	36000	0.0
59	0	300.25	900	300.46153846153845	1800	300.0	2700	0.0	3600	0.0	4500	0.0	5400	0.0	6300	0.0	7200	0.0	8100	0.0	9000	0.0	9900	0.0	10800	0.0	11700	0.0	12600	0.0	13500	0.0	14400	0.0	15300	0.0	16200	0.0	17100	0.0	18000	0.0	18900	0.0	19800	0.0	20700	0.0	21600	0.0	22500	0.0	23400	0.0	24300	0.0	25200	0.0	26100	0.0	27000	0.0	27900	0.0	28800	0.0	29700	0.0	30600	0.0	31500	0.0	32400	0.0	33300	0.0	34200	0.0	35100	0.0	36000	0.0
62	0	301.2631578947368	900	301.5882352941176	1800	300.9230769230769	2700	300.0	3600	0.0	4500	0.0	5400	0.0	6300	0.0	7200	0.0	8100	0.0	9000	0.0	9900	0.0	10800	0.0	11700	0.0	12600	0.0	13500	0.0	14400	0.0	15300	0.0	16200	0.0	17100	0.0	18000	0.0	18900	0.0	19800	0.0	20700	0.0	21600	0.0	22500	0.0	23400	0.0	24300	0.0	25200	0.0	26100	0.0	27000	0.0	27900	0.0	28800	0.0	29700	0.0	30600	0.0	31500	0.0	32400	0.0	33300	0.0	34200	0.0	35100	0.0	36000	0.0
65	0	241.5	900	242.53846153846155	1800	242.76923076923077	2700	0.0	3600	0.0	4500	0.0	5400	0.0	6300	0.0	7200	0.0	8100	0.0	9000	0.0	9900	0.0	10800	0.0	11700	0.0	12600	0.0	13500	0.0	14400	0.0	15300	0.0	16200	0.0	17100	0.0	18000	0.0	18900	0.0	19800	0.0	20700	0.0	21600	0.0	22500	0.0	23400	0.0	24300	0.0	25200	0.0	26100	0.0	27000	0.0	27900	0.0	28800	0.0	29700	0.0	30600	0.0	31500	0.0	32400	0.0	33300	0.0	34200	0.0	35100	0.0	36000	0.0
902222	0	9.04109589041096	900	9.73972602739726	1800	0.0	2700	0.0	3600	0.0	4500	0.0	5400	0.0	6300	0.0	7200	0.0	8100	0.0	9000	0.0	9900	0.0	10800	0.0	11700	0.0	12600	0.0	13500	0.0	14400	0.0	15300	0.0	16200	0.0	17100	0.0	18000	0.0	18900	0.0	19800	0.0	20700	0.0	21600	0.0	22500	0.0	23400	0.0	24300	0.0	25200	0.0	26100	0.0	27000	0.0	27900	0.0	28800	0.0	29700	0.0	30600	0.0	31500	0.0	32400	0.0	33300	0.0	34200	0.0	35100	0.0	36000	0.0
68	0	124.88135593220339	900	129.10588235294117	1800	122.05714285714286	2700	0.0	3600	0.0	4500	0.0	5400	0.0	6300	0.0	7200	0.0	8100	0.0	9000	0.0	9900	0.0	10800	0.0	11700	0.0	12600	0.0	13500	0.0	14400	0.0	15300	0.0	16200	0.0	17100	0.0	18000	0.0	18900	0.0	19800	0.0	20700	0.0	21600	0.0	22500	0.0	23400	0.0	24300	0.0	25200	0.0	26100	0.0	27000	0.0	27900	0.0	28800	0.0	29700	0.0	30600	0.0	31500	0.0	32400	0.0	33300	0.0	34200	0.0	35100	0.0	36000	0.0
2120	0	361.6666666666667	900	361.5	1800	361.5	2700	0.0	3600	0.0	4500	0.0	5400	0.0	6300	0.0	7200	0.0	8100	0.0	9000	0.0	9900	0.0	10800	0.0	11700	0.0	12600	0.0	13500	0.0	14400	0.0	15300	0.0	16200	0.0	17100	0.0	18000	0.0	18900	0.0	19800	0.0	20700	0.0	21600	0.0	22500	0.0	23400	0.0	24300	0.0	25200	0.0	26100	0.0	27000	0.0	27900	0.0	28800	0.0	29700	0.0	30600	0.0	31500	0.0	32400	0.0	33300	0.0	34200	0.0	35100	0.0	36000	0.0
1610	0	243.37142857142857	900	243.47107438016528	1800	243.0566037735849	2700	243.0	3600	0.0	4500	0.0	5400	0.0	6300	0.0	7200	0.0	8100	0.0	9000	0.0	9900	0.0	10800	0.0	11700	0.0	12600	0.0	13500	0.0	14400	0.0	15300	0.0	16200	0.0	17100	0.0	18000	0.0	18900	0.0	19800	0.0	20700	0.0	21600	0.0	22500	0.0	23400	0.0	24300	0.0	25200	0.0	26100	0.0	27000	0.0	27900	0.0	28800	0.0	29700	0.0	30600	0.0	31500	0.0	32400	0.0	33300	0.0	34200	0.0	35100	0.0	36000	0.0
2122	0	126.0	900	126.62337662337663	1800	121.92	2700	0.0	3600	0.0	4500	0.0	5400	0.0	6300	0.0	7200	0.0	8100	0.0	9000	0.0	9900	0.0	10800	0.0	11700	0.0	12600	0.0	13500	0.0	14400	0.0	15300	0.0	16200	0.0	17100	0.0	18000	0.0	18900	0.0	19800	0.0	20700	0.0	21600	0.0	22500	0.0	23400	0.0	24300	0.0	25200	0.0	26100	0.0	27000	0.0	27900	0.0	28800	0.0	29700	0.0	30600	0.0	31500	0.0	32400	0.0	33300	0.0	34200	0.0	35100	0.0	36000	0.0
2124	0	186.6	900	185.82089552238807	1800	181.28571428571428	2700	0.0	3600	0.0	4500	0.0	5400	0.0	6300	0.0	7200	0.0	8100	0.0	9000	0.0	9900	0.0	10800	0.0	11700	0.0	12600	0.0	13500	0.0	14400	0.0	15300	0.0	16200	0.0	17100	0.0	18000	0.0	18900	0.0	19800	0.0	20700	0.0	21600	0.0	22500	0.0	23400	0.0	24300	0.0	25200	0.0	26100	0.0	27000	0.0	27900	0.0	28800	0.0	29700	0.0	30600	0.0	31500	0.0	32400	0.0	33300	0.0	34200	0.0	35100	0.0	36000	0.0
819008	0	6.0	900	6.0	1800	6.0	2700	6.0	3600	6.0	4500	0.0	5400	0.0	6300	0.0	7200	0.0	8100	0.0	9000	0.0	9900	0.0	10800	0.0	11700	0.0	12600	0.0	13500	0.0	14400	0.0	15300	0.0	16200	0.0	17100	0.0	18000	0.0	18900	0.0	19800	0.0	20700	0.0	21600	0.0	22500	0.0	23400	0.0	24300	0.0	25200	0.0	26100	0.0	27000	0.0	27900	0.0	28800	0.0	29700	0.0	30600	0.0	31500	0.0	32400	0.0	33300	0.0	34200	0.0	35100	0.0	36000	0.0
2119021	0	6.0	900	6.0	1800	6.0	2700	0.0	3600	0.0	4500	0.0	5400	0.0	6300	0.0	7200	0.0	8100	0.0	9000	0.0	9900	0.0	10800	0.0	11700	0.0	12600	0.0	13500	0.0	14400	0.0	15300	0.0	16200	0.0	17100	0.0	18000	0.0	18900	0.0	19800	0.0	20700	0.0	21600	0.0	22500	0.0	23400	0.0	24300	0.0	25200	0.0	26100	0.0	27000	0.0	27900	0.0	28800	0.0	29700	0.0	30600	0.0	31500	0.0	32400	0.0	33300	0.0	34200	0.0	35100	0.0	36000	0.0
78	0	186.0	900	187.47692307692307	1800	182.08695652173913	2700	0.0	3600	0.0	4500	0.0	5400	0.0	6300	0.0	7200	0.0	8100	0.0	9000	0.0	9900	0.0	10800	0.0	11700	0.0	12600	0.0	13500	0.0	14400	0.0	15300	0.0	16200	0.0	17100	0.0	18000	0.0	18900	0.0	19800	0.0	20700	0.0	21600	0.0	22500	0.0	23400	0.0	24300	0.0	25200	0.0	26100	0.0	27000	0.0	27900	0.0	28800	0.0	29700	0.0	30600	0.0	31500	0.0	32400	0.0	33300	0.0	34200	0.0	35100	0.0	36000	0.0
1619016	0	6.0	900	6.0	1800	6.0	2700	6.0	3600	0.0	4500	0.0	5400	0.0	6300	0.0	7200	0.0	8100	0.0	9000	0.0	9900	0.0	10800	0.0	11700	0.0	12600	0.0	13500	0.0	14400	0.0	15300	0.0	16200	0.0	17100	0.0	18000	0.0	18900	0.0	19800	0.0	20700	0.0	21600	0.0	22500	0.0	23400	0.0	24300	0.0	25200	0.0	26100	0.0	27000	0.0	27900	0.0	28800	0.0	29700	0.0	30600	0.0	31500	0.0	32400	0.0	33300	0.0	34200	0.0	35100	0.0	36000	0.0
1617	0	125.93258426966293	900	142.656	1800	145.3	2700	0.0	3600	0.0	4500	0.0	5400	0.0	6300	0.0	7200	0.0	8100	0.0	9000	0.0	9900	0.0	10800	0.0	11700	0.0	12600	0.0	13500	0.0	14400	0.0	15300	0.0	16200	0.0	17100	0.0	18000	0.0	18900	0.0	19800	0.0	20700	0.0	21600	0.0	22500	0.0	23400	0.0	24300	0.0	25200	0.0	26100	0.0	27000	0.0	27900	0.0	28800	0.0	29700	0.0	30600	0.0	31500	0.0	32400	0.0	33300	0.0	34200	0.0	35100	0.0	36000	0.0
901212	0	7.777777777777778	900	7.928571428571429	1800	6.0	2700	0.0	3600	0.0	4500	0.0	5400	0.0	6300	0.0	7200	0.0	8100	0.0	9000	0.0	9900	0.0	10800	0.0	11700	0.0	12600	0.0	13500	0.0	14400	0.0	15300	0.0	16200	0.0	17100	0.0	18000	0.0	18900	0.0	19800	0.0	20700	0.0	21600	0.0	22500	0.0	23400	0.0	24300	0.0	25200	0.0	26100	0.0	27000	0.0	27900	0.0	28800	0.0	29700	0.0	30600	0.0	31500	0.0	32400	0.0	33300	0.0	34200	0.0	35100	0.0	36000	0.0
1618	0	180.0	900	180.0	1800	180.0	2700	180.0	3600	0.0	4500	0.0	5400	0.0	6300	0.0	7200	0.0	8100	0.0	9000	0.0	9900	0.0	10800	0.0	11700	0.0	12600	0.0	13500	0.0	14400	0.0	15300	0.0	16200	0.0	17100	0.0	18000	0.0	18900	0.0	19800	0.0	20700	0.0	21600	0.0	22500	0.0	23400	0.0	24300	0.0	25200	0.0	26100	0.0	27000	0.0	27900	0.0	28800	0.0	29700	0.0	30600	0.0	31500	0.0	32400	0.0	33300	0.0	34200	0.0	35100	0.0	36000	0.0
86	0	124.83870967741936	900	147.44827586206895	1800	125.2	2700	120.0	3600	0.0	4500	0.0	5400	0.0	6300	0.0	7200	0.0	8100	0.0	9000	0.0	9900	0.0	10800	0.0	11700	0.0	12600	0.0	13500	0.0	14400	0.0	15300	0.0	16200	0.0	17100	0.0	18000	0.0	18900	0.0	19800	0.0	20700	0.0	21600	0.0	22500	0.0	23400	0.0	24300	0.0	25200	0.0	26100	0.0	27000	0.0	27900	0.0	28800	0.0	29700	0.0	30600	0.0	31500	0.0	32400	0.0	33300	0.0	34200	0.0	35100	0.0	36000	0.0
1110	0	300.90697674418607	900	301.4117647058824	1800	300.85714285714283	2700	0.0	3600	0.0	4500	0.0	5400	0.0	6300	0.0	7200	0.0	8100	0.0	9000	0.0	9900	0.0	10800	0.0	11700	0.0	12600	0.0	13500	0.0	14400	0.0	15300	0.0	16200	0.0	17100	0.0	18000	0.0	18900	0.0	19800	0.0	20700	0.0	21600	0.0	22500	0.0	23400	0.0	24300	0.0	25200	0.0	26100	0.0	27000	0.0	27900	0.0	28800	0.0	29700	0.0	30600	0.0	31500	0.0	32400	0.0	33300	0.0	34200	0.0	35100	0.0	36000	0.0
87	0	180.0	900	180.0	1800	180.0	2700	0.0	3600	0.0	4500	0.0	5400	0.0	6300	0.0	7200	0.0	8100	0.0	9000	0.0	9900	0.0	10800	0.0	11700	0.0	12600	0.0	13500	0.0	14400	0.0	15300	0.0	16200	0.0	17100	0.0	18000	0.0	18900	0.0	19800	0.0	20700	0.0	21600	0.0	22500	0.0	23400	0.0	24300	0.0	25200	0.0	26100	0.0	27000	0.0	27900	0.0	28800	0.0	29700	0.0	30600	0.0	31500	0.0	32400	0.0	33300	0.0	34200	0.0	35100	0.0	36000	0.0
1112	0	363.3333333333333	900	363.5593220338983	1800	361.75	2700	0.0	3600	0.0	4500	0.0	5400	0.0	6300	0.0	7200	0.0	8100	0.0	9000	0.0	9900	0.0	10800	0.0	11700	0.0	12600	0.0	13500	0.0	14400	0.0	15300	0.0	16200	0.0	17100	0.0	18000	0.0	18900	0.0	19800	0.0	20700	0.0	21600	0.0	22500	0.0	23400	0.0	24300	0.0	25200	0.0	26100	0.0	27000	0.0	27900	0.0	28800	0.0	29700	0.0	30600	0.0	31500	0.0	32400	0.0	33300	0.0	34200	0.0	35100	0.0	36000	0.0
901717	0	23.53191489361702	900	69.63380281690141	1800	0.0	2700	0.0	3600	0.0	4500	0.0	5400	0.0	6300	0.0	7200	0.0	8100	0.0	9000	0.0	9900	0.0	10800	0.0	11700	0.0	12600	0.0	13500	0.0	14400	0.0	15300	0.0	16200	0.0	17100	0.0	18000	0.0	18900	0.0	19800	0.0	20700	0.0	21600	0.0	22500	0.0	23400	0.0	24300	0.0	25200	0.0	26100	0.0	27000	0.0	27900	0.0	28800	0.0	29700	0.0	30600	0.0	31500	0.0	32400	0.0	33300	0.0	34200	0.0	35100	0.0	36000	0.0
89	0	600.0	900	603.0	1800	0.0	2700	0.0	3600	0.0	4500	0.0	5400	0.0	6300	0.0	7200	0.0	8100	0.0	9000	0.0	9900	0.0	10800	0.0	11700	0.0	12600	0.0	13500	0.0	14400	0.0	15300	0.0	16200	0.0	17100	0.0	18000	0.0	18900	0.0	19800	0.0	20700	0.0	21600	0.0	22500	0.0	23400	0.0	24300	0.0	25200	0.0	26100	0.0	27000	0.0	27900	0.0	28800	0.0	29700	0.0	30600	0.0	31500	0.0	32400	0.0	33300	0.0	34200	0.0	35100	0.0	36000	0.0
1114	0	244.05633802816902	900	245.23076923076923	1800	242.06896551724137	2700	0.0	3600	0.0	4500	0.0	5400	0.0	6300	0.0	7200	0.0	8100	0.0	9000	0.0	9900	0.0	10800	0.0	11700	0.0	12600	0.0	13500	0.0	14400	0.0	15300	0.0	16200	0.0	17100	0.0	18000	0.0	18900	0.0	19800	0.0	20700	0.0	21600	0.0	22500	0.0	23400	0.0	24300	0.0	25200	0.0	26100	0.0	27000	0.0	27900	0.0	28800	0.0	29700	0.0	30600	0.0	31500	0.0	32400	0.0	33300	0.0	34200	0.0	35100	0.0	36000	0.0
519005	0	6.0	900	6.0	1800	6.0	2700	0.0	3600	0.0	4500	0.0	5400	0.0	6300	0.0	7200	0.0	8100	0.0	9000	0.0	9900	0.0	10800	0.0	11700	0.0	12600	0.0	13500	0.0	14400	0.0	15300	0.0	16200	0.0	17100	0.0	18000	0.0	18900	0.0	19800	0.0	20700	0.0	21600	0.0	22500	0.0	23400	0.0	24300	0.0	25200	0.0	26100	0.0	27000	0.0	27900	0.0	28800	0.0	29700	0.0	30600	0.0	31500	0.0	32400	0.0	33300	0.0	34200	0.0	35100	0.0	36000	0.0
95	0	300.6818181818182	900	300.1090909090909	1800	300.0	2700	0.0	3600	0.0	4500	0.0	5400	0.0	6300	0.0	7200	0.0	8100	0.0	9000	0.0	9900	0.0	10800	0.0	11700	0.0	12600	0.0	13500	0.0	14400	0.0	15300	0.0	16200	0.0	17100	0.0	18000	0.0	18900	0.0	19800	0.0	20700	0.0	21600	0.0	22500	0.0	23400	0.0	24300	0.0	25200	0.0	26100	0.0	27000	0.0	27900	0.0	28800	0.0	29700	0.0	30600	0.0	31500	0.0	32400	0.0	33300	0.0	34200	0.0	35100	0.0	36000	0.0
98	0	600.0	900	601.5	1800	0.0	2700	0.0	3600	0.0	4500	0.0	5400	0.0	6300	0.0	7200	0.0	8100	0.0	9000	0.0	9900	0.0	10800	0.0	11700	0.0	12600	0.0	13500	0.0	14400	0.0	15300	0.0	16200	0.0	17100	0.0	18000	0.0	18900	0.0	19800	0.0	20700	0.0	21600	0.0	22500	0.0	23400	0.0	24300	0.0	25200	0.0	26100	0.0	27000	0.0	27900	0.0	28800	0.0	29700	0.0	30600	0.0	31500	0.0	32400	0.0	33300	0.0	34200	0.0	35100	0.0	36000	0.0
109	0	180.28301886792454	900	180.45762711864407	1800	180.0	2700	0.0	3600	0.0	4500	0.0	5400	0.0	6300	0.0	7200	0.0	8100	0.0	9000	0.0	9900	0.0	10800	0.0	11700	0.0	12600	0.0	13500	0.0	14400	0.0	15300	0.0	16200	0.0	17100	0.0	18000	0.0	18900	0.0	19800	0.0	20700	0.0	21600	0.0	22500	0.0	23400	0.0	24300	0.0	25200	0.0	26100	0.0	27000	0.0	27900	0.0	28800	0.0	29700	0.0	30600	0.0	31500	0.0	32400	0.0	33300	0.0	34200	0.0	35100	0.0	36000	0.0
2413	0	240.8780487804878	900	240.94736842105263	1800	241.6	2700	0.0	3600	0.0	4500	0.0	5400	0.0	6300	0.0	7200	0.0	8100	0.0	9000	0.0	9900	0.0	10800	0.0	11700	0.0	12600	0.0	13500	0.0	14400	0.0	15300	0.0	16200	0.0	17100	0.0	18000	0.0	18900	0.0	19800	0.0	20700	0.0	21600	0.0	22500	0.0	23400	0.0	24300	0.0	25200	0.0	26100	0.0	27000	0.0	27900	0.0	28800	0.0	29700	0.0	30600	0.0	31500	0.0	32400	0.0	33300	0.0	34200	0.0	35100	0.0	36000	0.0
1319013	0	6.0	900	6.0	1800	6.0	2700	6.0	3600	0.0	4500	0.0	5400	0.0	6300	0.0	7200	0.0	8100	0.0	9000	0.0	9900	0.0	10800	0.0	11700	0.0	12600	0.0	13500	0.0	14400	0.0	15300	0.0	16200	0.0	17100	0.0	18000	0.0	18900	0.0	19800	0.0	20700	0.0	21600	0.0	22500	0.0	23400	0.0	24300	0.0	25200	0.0	26100	0.0	27000	0.0	27900	0.0	28800	0.0	29700	0.0	30600	0.0	31500	0.0	32400	0.0	33300	0.0	34200	0.0	35100	0.0	36000	0.0
114	0	362.8695652173913	900	361.38461538461536	1800	361.7142857142857	2700	0.0	3600	0.0	4500	0.0	5400	0.0	6300	0.0	7200	0.0	8100	0.0	9000	0.0	9900	0.0	10800	0.0	11700	0.0	12600	0.0	13500	0.0	14400	0.0	15300	0.0	16200	0.0	17100	0.0	18000	0.0	18900	0.0	19800	0.0	20700	0.0	21600	0.0	22500	0.0	23400	0.0	24300	0.0	25200	0.0	26100	0.0	27000	0.0	27900	0.0	28800	0.0	29700	0.0	30600	0.0	31500	0.0	32400	0.0	33300	0.0	34200	0.0	35100	0.0	36000	0.0
2419024	0	6.0	900	6.0	1800	6.0	2700	0.0	3600	0.0	4500	0.0	5400	0.0	6300	0.0	7200	0.0	8100	0.0	9000	0.0	9900	0.0	10800	0.0	11700	0.0	12600	0.0	13500	0.0	14400	0.0	15300	0.0	16200	0.0	17100	0.0	18000	0.0	18900	0.0	19800	0.0	20700	0.0	21600	0.0	22500	0.0	23400	0.0	24300	0.0	25200	0.0	26100	0.0	27000	0.0	27900	0.0	28800	0.0	29700	0.0	30600	0.0	31500	0.0	32400	0.0	33300	0.0	34200	0.0	35100	0.0	36000	0.0
2421	0	196.8679245283019	900	211.55844155844156	1800	184.0	2700	0.0	3600	0.0	4500	0.0	5400	0.0	6300	0.0	7200	0.0	8100	0.0	9000	0.0	9900	0.0	10800	0.0	11700	0.0	12600	0.0	13500	0.0	14400	0.0	15300	0.0	16200	0.0	17100	0.0	18000	0.0	18900	0.0	19800	0.0	20700	0.0	21600	0.0	22500	0.0	23400	0.0	24300	0.0	25200	0.0	26100	0.0	27000	0.0	27900	0.0	28800	0.0	29700	0.0	30600	0.0	31500	0.0	32400	0.0	33300	0.0	34200	0.0	35100	0.0	36000	0.0
2423	0	121.61538461538461	900	120.72	1800	123.5	2700	0.0	3600	0.0	4500	0.0	5400	0.0	6300	0.0	7200	0.0	8100	0.0	9000	0.0	9900	0.0	10800	0.0	11700	0.0	12600	0.0	13500	0.0	14400	0.0	15300	0.0	16200	0.0	17100	0.0	18000	0.0	18900	0.0	19800	0.0	20700	0.0	21600	0.0	22500	0.0	23400	0.0	24300	0.0	25200	0.0	26100	0.0	27000	0.0	27900	0.0	28800	0.0	29700	0.0	30600	0.0	31500	0.0	32400	0.0	33300	0.0	34200	0.0	35100	0.0	36000	0.0
219002	0	6.0	900	6.0	1800	6.0	2700	6.0	3600	0.0	4500	0.0	5400	0.0	6300	0.0	7200	0.0	8100	0.0	9000	0.0	9900	0.0	10800	0.0	11700	0.0	12600	0.0	13500	0.0	14400	0.0	15300	0.0	16200	0.0	17100	0.0	18000	0.0	18900	0.0	19800	0.0	20700	0.0	21600	0.0	22500	0.0	23400	0.0	24300	0.0	25200	0.0	26100	0.0	27000	0.0	27900	0.0	28800	0.0	29700	0.0	30600	0.0	31500	0.0	32400	0.0	33300	0.0	34200	0.0	35100	0.0	36000	0.0
123	0	240.0	900	240.0	1800	240.0	2700	0.0	3600	0.0	4500	0.0	5400	0.0	6300	0.0	7200	0.0	8100	0.0	9000	0.0	9900	0.0	10800	0.0	11700	0.0	12600	0.0	13500	0.0	14400	0.0	15300	0.0	16200	0.0	17100	0.0	18000	0.0	18900	0.0	19800	0.0	20700	0.0	21600	0.0	22500	0.0	23400	0.0	24300	0.0	25200	0.0	26100	0.0	27000	0.0	27900	0.0	28800	0.0	29700	0.0	30600	0.0	31500	0.0	32400	0.0	33300	0.0	34200	0.0	35100	0.0	36000	0.0
1915	0	183.625	900	182.1391304347826	1800	181.10526315789474	2700	0.0	3600	0.0	4500	0.0	5400	0.0	6300	0.0	7200	0.0	8100	0.0	9000	0.0	9900	0.0	10800	0.0	11700	0.0	12600	0.0	13500	0.0	14400	0.0	15300	0.0	16200	0.0	17100	0.0	18000	0.0	18900	0.0	19800	0.0	20700	0.0	21600	0.0	22500	0.0	23400	0.0	24300	0.0	25200	0.0	26100	0.0	27000	0.0	27900	0.0	28800	0.0	29700	0.0	30600	0.0	31500	0.0	32400	0.0	33300	0.0	34200	0.0	35100	0.0	36000	0.0
1917	0	345.30337078651684	900	815.5	1800	867.9230769230769	2700	0.0	3600	0.0	4500	0.0	5400	0.0	6300	0.0	7200	0.0	8100	0.0	9000	0.0	9900	0.0	10800	0.0	11700	0.0	12600	0.0	13500	0.0	14400	0.0	15300	0.0	16200	0.0	17100	0.0	18000	0.0	18900	0.0	19800	0.0	20700	0.0	21600	0.0	22500	0.0	23400	0.0	24300	0.0	25200	0.0	26100	0.0	27000	0.0	27900	0.0	28800	0.0	29700	0.0	30600	0.0	31500	0.0	32400	0.0	33300	0.0	34200	0.0	35100	0.0	36000	0.0
1920	0	241.71428571428572	900	241.5	1800	240.4	2700	0.0	3600	0.0	4500	0.0	5400	0.0	6300	0.0	7200	0.0	8100	0.0	9000	0.0	9900	0.0	10800	0.0	11700	0.0	12600	0.0	13500	0.0	14400	0.0	15300	0.0	16200	0.0	17100	0.0	18000	0.0	18900	0.0	19800	0.0	20700	0.0	21600	0.0	22500	0.0	23400	0.0	24300	0.0	25200	0.0	26100	0.0	27000	0.0	27900	0.0	28800	0.0	29700	0.0	30600	0.0	31500	0.0	32400	0.0	33300	0.0	34200	0.0	35100	0.0	36000	0.0
1411	0	242.51612903225808	900	247.31034482758622	1800	241.57894736842104	2700	0.0	3600	0.0	4500	0.0	5400	0.0	6300	0.0	7200	0.0	8100	0.0	9000	0.0	9900	0.0	10800	0.0	11700	0.0	12600	0.0	13500	0.0	14400	0.0	15300	0.0	16200	0.0	17100	0.0	18000	0.0	18900	0.0	19800	0.0	20700	0.0	21600	0.0	22500	0.0	23400	0.0	24300	0.0	25200	0.0	26100	0.0	27000	0.0	27900	0.0	28800	0.0	29700	0.0	30600	0.0	31500	0.0	32400	0.0	33300	0.0	34200	0.0	35100	0.0	36000	0.0
901515	0	6.28125	900	6.330708661417323	1800	6.0	2700	0.0	3600	0.0	4500	0.0	5400	0.0	6300	0.0	7200	0.0	8100	0.0	9000	0.0	9900	0.0	10800	0.0	11700	0.0	12600	0.0	13500	0.0	14400	0.0	15300	0.0	16200	0.0	17100	0.0	18000	0.0	18900	0.0	19800	0.0	20700	0.0	21600	0.0	22500	0.0	23400	0.0	24300	0.0	25200	0.0	26100	0.0	27000	0.0	27900	0.0	28800	0.0	29700	0.0	30600	0.0	31500	0.0	32400	0.0	33300	0.0	34200	0.0	35100	0.0	36000	0.0
1415	0	302.1923076923077	900	301.52542372881356	1800	300.9230769230769	2700	300.0	3600	0.0	4500	0.0	5400	0.0	6300	0.0	7200	0.0	8100	0.0	9000	0.0	9900	0.0	10800	0.0	11700	0.0	12600	0.0	13500	0.0	14400	0.0	15300	0.0	16200	0.0	17100	0.0	18000	0.0	18900	0.0	19800	0.0	20700	0.0	21600	0.0	22500	0.0	23400	0.0	24300	0.0	25200	0.0	26100	0.0	27000	0.0	27900	0.0	28800	0.0	29700	0.0	30600	0.0	31500	0.0	32400	0.0	33300	0.0	34200	0.0	35100	0.0	36000	0.0
902020	0	6.833333333333333	900	7.168141592920354	1800	6.0	2700	0.0	3600	0.0	4500	0.0	5400	0.0	6300	0.0	7200	0.0	8100	0.0	9000	0.0	9900	0.0	10800	0.0	11700	0.0	12600	0.0	13500	0.0	14400	0.0	15300	0.0	16200	0.0	17100	0.0	18000	0.0	18900	0.0	19800	0.0	20700	0.0	21600	0.0	22500	0.0	23400	0.0	24300	0.0	25200	0.0	26100	0.0	27000	0.0	27900	0.0	28800	0.0	29700	0.0	30600	0.0	31500	0.0	32400	0.0	33300	0.0	34200	0.0	35100	0.0	36000	0.0
2319023	0	6.0	900	6.0	1800	6.0	2700	6.0	3600	0.0	4500	0.0	5400	0.0	6300	0.0	7200	0.0	8100	0.0	9000	0.0	9900	0.0	10800	0.0	11700	0.0	12600	0.0	13500	0.0	14400	0.0	15300	0.0	16200	0.0	17100	0.0	18000	0.0	18900	0.0	19800	0.0	20700	0.0	21600	0.0	22500	0.0	23400	0.0	24300	0.0	25200	0.0	26100	0.0	27000	0.0	27900	0.0	28800	0.0	29700	0.0	30600	0.0	31500	0.0	32400	0.0	33300	0.0	34200	0.0	35100	0.0	36000	0.0
1019010	0	6.0	900	6.0	1800	6.0	2700	6.0	3600	0.0	4500	0.0	5400	0.0	6300	0.0	7200	0.0	8100	0.0	9000	0.0	9900	0.0	10800	0.0	11700	0.0	12600	0.0	13500	0.0	14400	0.0	15300	0.0	16200	0.0	17100	0.0	18000	0.0	18900	0.0	19800	0.0	20700	0.0	21600	0.0	22500	0.0	23400	0.0	24300	0.0	25200	0.0	26100	0.0	27000	0.0	27900	0.0	28800	0.0	29700	0.0	30600	0.0	31500	0.0	32400	0.0	33300	0.0	34200	0.0	35100	0.0	36000	0.0
910	0	182.33333333333334	900	181.1900826446281	1800	180.27272727272728	2700	0.0	3600	0.0	4500	0.0	5400	0.0	6300	0.0	7200	0.0	8100	0.0	9000	0.0	9900	0.0	10800	0.0	11700	0.0	12600	0.0	13500	0.0	14400	0.0	15300	0.0	16200	0.0	17100	0.0	18000	0.0	18900	0.0	19800	0.0	20700	0.0	21600	0.0	22500	0.0	23400	0.0	24300	0.0	25200	0.0	26100	0.0	27000	0.0	27900	0.0	28800	0.0	29700	0.0	30600	0.0	31500	0.0	32400	0.0	33300	0.0	34200	0.0	35100	0.0	36000	0.0
1423	0	241.71428571428572	900	242.33333333333334	1800	240.0	2700	0.0	3600	0.0	4500	0.0	5400	0.0	6300	0.0	7200	0.0	8100	0.0	9000	0.0	9900	0.0	10800	0.0	11700	0.0	12600	0.0	13500	0.0	14400	0.0	15300	0.0	16200	0.0	17100	0.0	18000	0.0	18900	0.0	19800	0.0	20700	0.0	21600	0.0	22500	0.0	23400	0.0	24300	0.0	25200	0.0	26100	0.0	27000	0.0	27900	0.0	28800	0.0	29700	0.0	30600	0.0	31500	0.0	32400	0.0	33300	0.0	34200	0.0	35100	0.0	36000	0.0
1819018	0	6.0	900	6.0	1800	6.0	2700	6.0	3600	0.0	4500	0.0	5400	0.0	6300	0.0	7200	0.0	8100	0.0	9000	0.0	9900	0.0	10800	0.0	11700	0.0	12600	0.0	13500	0.0	14400	0.0	15300	0.0	16200	0.0	17100	0.0	18000	0.0	18900	0.0	19800	0.0	20700	0.0	21600	0.0	22500	0.0	23400	0.0	24300	0.0	25200	0.0	26100	0.0	27000	0.0	27900	0.0	28800	0.0	29700	0.0	30600	0.0	31500	0.0	32400	0.0	33300	0.0	34200	0.0	35100	0.0	36000	0.0
719007	0	6.0	900	6.0	1800	6.0	2700	6.0	3600	6.0	4500	0.0	5400	0.0	6300	0.0	7200	0.0	8100	0.0	9000	0.0	9900	0.0	10800	0.0	11700	0.0	12600	0.0	13500	0.0	14400	0.0	15300	0.0	16200	0.0	17100	0.0	18000	0.0	18900	0.0	19800	0.0	20700	0.0	21600	0.0	22500	0.0	23400	0.0	24300	0.0	25200	0.0	26100	0.0	27000	0.0	27900	0.0	28800	0.0	29700	0.0	30600	0.0	31500	0.0	32400	0.0	33300	0.0	34200	0.0	35100	0.0	36000	0.0
90011	0	6.0	900	6.0	1800	0.0	2700	0.0	3600	0.0	4500	0.0	5400	0.0	6300	0.0	7200	0.0	8100	0.0	9000	0.0	9900	0.0	10800	0.0	11700	0.0	12600	0.0	13500	0.0	14400	0.0	15300	0.0	16200	0.0	17100	0.0	18000	0.0	18900	0.0	19800	0.0	20700	0.0	21600	0.0	22500	0.0	23400	0.0	24300	0.0	25200	0.0	26100	0.0	27000	0.0	27900	0.0	28800	0.0	29700	0.0	30600	0.0	31500	0.0	32400	0.0	33300	0.0	34200	0.0	35100	0.0	36000	0.0
411	0	376.6875	900	367.38461538461536	1800	364.0	2700	0.0	3600	0.0	4500	0.0	5400	0.0	6300	0.0	7200	0.0	8100	0.0	9000	0.0	9900	0.0	10800	0.0	11700	0.0	12600	0.0	13500	0.0	14400	0.0	15300	0.0	16200	0.0	17100	0.0	18000	0.0	18900	0.0	19800	0.0	20700	0.0	21600	0.0	22500	0.0	23400	0.0	24300	0.0	25200	0.0	26100	0.0	27000	0.0	27900	0.0	28800	0.0	29700	0.0	30600	0.0	31500	0.0	32400	0.0	33300	0.0	34200	0.0	35100	0.0	36000	0.0
901010	0	10.365671641791044	900	23.822878228782287	1800	6.0	2700	0.0	3600	0.0	4500	0.0	5400	0.0	6300	0.0	7200	0.0	8100	0.0	9000	0.0	9900	0.0	10800	0.0	11700	0.0	12600	0.0	13500	0.0	14400	0.0	15300	0.0	16200	0.0	17100	0.0	18000	0.0	18900	0.0	19800	0.0	20700	0.0	21600	0.0	22500	0.0	23400	0.0	24300	0.0	25200	0.0	26100	0.0	27000	0.0	27900	0.0	28800	0.0	29700	0.0	30600	0.0	31500	0.0	32400	0.0	33300	0.0	34200	0.0	35100	0.0	36000	0.0
2215	0	181.57894736842104	900	181.93700787401573	1800	180.0	2700	0.0	3600	0.0	4500	0.0	5400	0.0	6300	0.0	7200	0.0	8100	0.0	9000	0.0	9900	0.0	10800	0.0	11700	0.0	12600	0.0	13500	0.0	14400	0.0	15300	0.0	16200	0.0	17100	0.0	18000	0.0	18900	0.0	19800	0.0	20700	0.0	21600	0.0	22500	0.0	23400	0.0	24300	0.0	25200	0.0	26100	0.0	27000	0.0	27900	0.0	28800	0.0	29700	0.0	30600	0.0	31500	0.0	32400	0.0	33300	0.0	34200	0.0	35100	0.0	36000	0.0
90022	0	7.846153846153846	900	7.2	1800	0.0	2700	0.0	3600	0.0	4500	0.0	5400	0.0	6300	0.0	7200	0.0	8100	0.0	9000	0.0	9900	0.0	10800	0.0	11700	0.0	12600	0.0	13500	0.0	14400	0.0	15300	0.0	16200	0.0	17100	0.0	18000	0.0	18900	0.0	19800	0.0	20700	0.0	21600	0.0	22500	0.0	23400	0.0	24300	0.0	25200	0.0	26100	0.0	27000	0.0	27900	0.0	28800	0.0	29700	0.0	30600	0.0	31500	0.0	32400	0.0	33300	0.0	34200	0.0	35100	0.0	36000	0.0
168	0	304.5245901639344	900	306.0857142857143	1800	303.0	2700	302.4	3600	0.0	4500	0.0	5400	0.0	6300	0.0	7200	0.0	8100	0.0	9000	0.0	9900	0.0	10800	0.0	11700	0.0	12600	0.0	13500	0.0	14400	0.0	15300	0.0	16200	0.0	17100	0.0	18000	0.0	18900	0.0	19800	0.0	20700	0.0	21600	0.0	22500	0.0	23400	0.0	24300	0.0	25200	0.0	26100	0.0	27000	0.0	27900	0.0	28800	0.0	29700	0.0	30600	0.0	31500	0.0	32400	0.0	33300	0.0	34200	0.0	35100	0.0	36000	0.0
2220	0	302.0	900	302.1	1800	302.0	2700	0.0	3600	0.0	4500	0.0	5400	0.0	6300	0.0	7200	0.0	8100	0.0	9000	0.0	9900	0.0	10800	0.0	11700	0.0	12600	0.0	13500	0.0	14400	0.0	15300	0.0	16200	0.0	17100	0.0	18000	0.0	18900	0.0	19800	0.0	20700	0.0	21600	0.0	22500	0.0	23400	0.0	24300	0.0	25200	0.0	26100	0.0	27000	0.0	27900	0.0	28800	0.0	29700	0.0	30600	0.0	31500	0.0	32400	0.0	33300	0.0	34200	0.0	35100	0.0	36000	0.0
2221	0	133.6153846153846	900	126.53846153846153	1800	122.72727272727273	2700	0.0	3600	0.0	4500	0.0	5400	0.0	6300	0.0	7200	0.0	8100	0.0	9000	0.0	9900	0.0	10800	0.0	11700	0.0	12600	0.0	13500	0.0	14400	0.0	15300	0.0	16200	0.0	17100	0.0	18000	0.0	18900	0.0	19800	0.0	20700	0.0	21600	0.0	22500	0.0	23400	0.0	24300	0.0	25200	0.0	26100	0.0	27000	0.0	27900	0.0	28800	0.0	29700	0.0	30600	0.0	31500	0.0	32400	0.0	33300	0.0	34200	0.0	35100	0.0	36000	0.0
1710	0	0.0	900	0.0	1800	0.0	2700	0.0	3600	0.0	4500	0.0	5400	0.0	6300	0.0	7200	0.0	8100	0.0	9000	0.0	9900	0.0	10800	0.0	11700	0.0	12600	0.0	13500	0.0	14400	0.0	15300	0.0	16200	0.0	17100	0.0	18000	0.0	18900	0.0	19800	0.0	20700	0.0	21600	0.0	22500	0.0	23400	0.0	24300	0.0	25200	0.0	26100	0.0	27000	0.0	27900	0.0	28800	0.0	29700	0.0	30600	0.0	31500	0.0	32400	0.0	33300	0.0	34200	0.0	35100	0.0	36000	0.0
2223	0	245.1	900	246.29508196721312	1800	241.30434782608697	2700	0.0	3600	0.0	4500	0.0	5400	0.0	6300	0.0	7200	0.0	8100	0.0	9000	0.0	9900	0.0	10800	0.0	11700	0.0	12600	0.0	13500	0.0	14400	0.0	15300	0.0	16200	0.0	17100	0.0	18000	0.0	18900	0.0	19800	0.0	20700	0.0	21600	0.0	22500	0.0	23400	0.0	24300	0.0	25200	0.0	26100	0.0	27000	0.0	27900	0.0	28800	0.0	29700	0.0	30600	0.0	31500	0.0	32400	0.0	33300	0.0	34200	0.0	35100	0.0	36000	0.0
90033	0	6.0	900	6.0	1800	0.0	2700	0.0	3600	0.0	4500	0.0	5400	0.0	6300	0.0	7200	0.0	8100	0.0	9000	0.0	9900	0.0	10800	0.0	11700	0.0	12600	0.0	13500	0.0	14400	0.0	15300	0.0	16200	0.0	17100	0.0	18000	0.0	18900	0.0	19800	0.0	20700	0.0	21600	0.0	22500	0.0	23400	0.0	24300	0.0	25200	0.0	26100	0.0	27000	0.0	27900	0.0	28800	0.0	29700	0.0	30600	0.0	31500	0.0	32400	0.0	33300	0.0	34200	0.0	35100	0.0	36000	0.0
1519015	0	6.0	900	6.0	1800	6.0	2700	6.0	3600	0.0	4500	0.0	5400	0.0	6300	0.0	7200	0.0	8100	0.0	9000	0.0	9900	0.0	10800	0.0	11700	0.0	12600	0.0	13500	0.0	14400	0.0	15300	0.0	16200	0.0	17100	0.0	18000	0.0	18900	0.0	19800	0.0	20700	0.0	21600	0.0	22500	0.0	23400	0.0	24300	0.0	25200	0.0	26100	0.0	27000	0.0	27900	0.0	28800	0.0	29700	0.0	30600	0.0	31500	0.0	32400	0.0	33300	0.0	34200	0.0	35100	0.0	36000	0.0
1716	0	129.25714285714287	900	136.8235294117647	1800	121.18181818181819	2700	122.12903225806451	3600	0.0	4500	0.0	5400	0.0	6300	0.0	7200	0.0	8100	0.0	9000	0.0	9900	0.0	10800	0.0	11700	0.0	12600	0.0	13500	0.0	14400	0.0	15300	0.0	16200	0.0	17100	0.0	18000	0.0	18900	0.0	19800	0.0	20700	0.0	21600	0.0	22500	0.0	23400	0.0	24300	0.0	25200	0.0	26100	0.0	27000	0.0	27900	0.0	28800	0.0	29700	0.0	30600	0.0	31500	0.0	32400	0.0	33300	0.0	34200	0.0	35100	0.0	36000	0.0
1719	0	130.09615384615384	900	127.3157894736842	1800	128.85714285714286	2700	0.0	3600	0.0	4500	0.0	5400	0.0	6300	0.0	7200	0.0	8100	0.0	9000	0.0	9900	0.0	10800	0.0	11700	0.0	12600	0.0	13500	0.0	14400	0.0	15300	0.0	16200	0.0	17100	0.0	18000	0.0	18900	0.0	19800	0.0	20700	0.0	21600	0.0	22500	0.0	23400	0.0	24300	0.0	25200	0.0	26100	0.0	27000	0.0	27900	0.0	28800	0.0	29700	0.0	30600	0.0	31500	0.0	32400	0.0	33300	0.0	34200	0.0	35100	0.0	36000	0.0
901818	0	6.0	900	6.0	1800	0.0	2700	0.0	3600	0.0	4500	0.0	5400	0.0	6300	0.0	7200	0.0	8100	0.0	9000	0.0	9900	0.0	10800	0.0	11700	0.0	12600	0.0	13500	0.0	14400	0.0	15300	0.0	16200	0.0	17100	0.0	18000	0.0	18900	0.0	19800	0.0	20700	0.0	21600	0.0	22500	0.0	23400	0.0	24300	0.0	25200	0.0	26100	0.0	27000	0.0	27900	0.0	28800	0.0	29700	0.0	30600	0.0	31500	0.0	32400	0.0	33300	0.0	34200	0.0	35100	0.0	36000	0.0
419004	0	6.0	900	6.0	1800	6.0	2700	6.0	3600	0.0	4500	0.0	5400	0.0	6300	0.0	7200	0.0	8100	0.0	9000	0.0	9900	0.0	10800	0.0	11700	0.0	12600	0.0	13500	0.0	14400	0.0	15300	0.0	16200	0.0	17100	0.0	18000	0.0	18900	0.0	19800	0.0	20700	0.0	21600	0.0	22500	0.0	23400	0.0	24300	0.0	25200	0.0	26100	0.0	27000	0.0	27900	0.0	28800	0.0	29700	0.0	30600	0.0	31500	0.0	32400	0.0	33300	0.0	34200	0.0	35100	0.0	36000	0.0
1211	0	382.08	900	364.96153846153845	1800	362.0	2700	0.0	3600	0.0	4500	0.0	5400	0.0	6300	0.0	7200	0.0	8100	0.0	9000	0.0	9900	0.0	10800	0.0	11700	0.0	12600	0.0	13500	0.0	14400	0.0	15300	0.0	16200	0.0	17100	0.0	18000	0.0	18900	0.0	19800	0.0	20700	0.0	21600	0.0	22500	0.0	23400	0.0	24300	0.0	25200	0.0	26100	0.0	27000	0.0	27900	0.0	28800	0.0	29700	0.0	30600	0.0	31500	0.0	32400	0.0	33300	0.0	34200	0.0	35100	0.0	36000	0.0
187	0	120.0	900	120.80898876404494	1800	120.125	2700	120.0	3600	0.0	4500	0.0	5400	0.0	6300	0.0	7200	0.0	8100	0.0	9000	0.0	9900	0.0	10800	0.0	11700	0.0	12600	0.0	13500	0.0	14400	0.0	15300	0.0	16200	0.0	17100	0.0	18000	0.0	18900	0.0	19800	0.0	20700	0.0	21600	0.0	22500	0.0	23400	0.0	24300	0.0	25200	0.0	26100	0.0	27000	0.0	27900	0.0	28800	0.0	29700	0.0	30600	0.0	31500	0.0	32400	0.0	33300	0.0	34200	0.0	35100	0.0	36000	0.0
1213	0	181.42857142857142	900	186.44444444444446	1800	180.0	2700	180.0	3600	0.0	4500	0.0	5400	0.0	6300	0.0	7200	0.0	8100	0.0	9000	0.0	9900	0.0	10800	0.0	11700	0.0	12600	0.0	13500	0.0	14400	0.0	15300	0.0	16200	0.0	17100	0.0	18000	0.0	18900	0.0	19800	0.0	20700	0.0	21600	0.0	22500	0.0	23400	0.0	24300	0.0	25200	0.0	26100	0.0	27000	0.0	27900	0.0	28800	0.0	29700	0.0	30600	0.0	31500	0.0	32400	0.0	33300	0.0	34200	0.0	35100	0.0	36000	0.0
90044	0	6.352941176470588	900	7.826086956521739	1800	0.0	2700	0.0	3600	0.0	4500	0.0	5400	0.0	6300	0.0	7200	0.0	8100	0.0	9000	0.0	9900	0.0	10800	0.0	11700	0.0	12600	0.0	13500	0.0	14400	0.0	15300	0.0	16200	0.0	17100	0.0	18000	0.0	18900	0.0	19800	0.0	20700	0.0	21600	0.0	22500	0.0	23400	0.0	24300	0.0	25200	0.0	26100	0.0	27000	0.0	27900	0.0	28800	0.0	29700	0.0	30600	0.0	31500	0.0	32400	0.0	33300	0.0	34200	0.0	35100	0.0	36000	0.0
902323	0	7.674418604651163	900	8.318181818181818	1800	0.0	2700	0.0	3600	0.0	4500	0.0	5400	0.0	6300	0.0	7200	0.0	8100	0.0	9000	0.0	9900	0.0	10800	0.0	11700	0.0	12600	0.0	13500	0.0	14400	0.0	15300	0.0	16200	0.0	17100	0.0	18000	0.0	18900	0.0	19800	0.0	20700	0.0	21600	0.0	22500	0.0	23400	0.0	24300	0.0	25200	0.0	26100	0.0	27000	0.0	27900	0.0	28800	0.0	29700	0.0	30600	0.0	31500	0.0	32400	0.0	33300	0.0	34200	0.0	35100	0.0	36000	0.0
90055	0	6.333333333333333	900	6.0	1800	0.0	2700	0.0	3600	0.0	4500	0.0	5400	0.0	6300	0.0	7200	0.0	8100	0.0	9000	0.0	9900	0.0	10800	0.0	11700	0.0	12600	0.0	13500	0.0	14400	0.0	15300	0.0	16200	0.0	17100	0.0	18000	0.0	18900	0.0	19800	0.0	20700	0.0	21600	0.0	22500	0.0	23400	0.0	24300	0.0	25200	0.0	26100	0.0	27000	0.0	27900	0.0	28800	0.0	29700	0.0	30600	0.0	31500	0.0	32400	0.0	33300	0.0	34200	0.0	35100	0.0	36000	0.0
901313	0	6.681818181818182	900	7.108695652173913	1800	0.0	2700	0.0	3600	0.0	4500	0.0	5400	0.0	6300	0.0	7200	0.0	8100	0.0	9000	0.0	9900	0.0	10800	0.0	11700	0.0	12600	0.0	13500	0.0	14400	0.0	15300	0.0	16200	0.0	17100	0.0	18000	0.0	18900	0.0	19800	0.0	20700	0.0	21600	0.0	22500	0.0	23400	0.0	24300	0.0	25200	0.0	26100	0.0	27000	0.0	27900	0.0	28800	0.0	29700	0.0	30600	0.0	31500	0.0	32400	0.0	33300	0.0	34200	0.0	35100	0.0	36000	0.0
718	0	120.08695652173913	900	120.06521739130434	1800	120.0	2700	0.0	3600	0.0	4500	0.0	5400	0.0	6300	0.0	7200	0.0	8100	0.0	9000	0.0	9900	0.0	10800	0.0	11700	0.0	12600	0.0	13500	0.0	14400	0.0	15300	0.0	16200	0.0	17100	0.0	18000	0.0	18900	0.0	19800	0.0	20700	0.0	21600	0.0	22500	0.0	23400	0.0	24300	0.0	25200	0.0	26100	0.0	27000	0.0	27900	0.0	28800	0.0	29700	0.0	30600	0.0	31500	0.0	32400	0.0	33300	0.0	34200	0.0	35100	0.0	36000	0.0
2019020	0	6.0	900	6.0	1800	6.0	2700	6.0	3600	0.0	4500	0.0	5400	0.0	6300	0.0	7200	0.0	8100	0.0	9000	0.0	9900	0.0	10800	0.0	11700	0.0	12600	0.0	13500	0.0	14400	0.0	15300	0.0	16200	0.0	17100	0.0	18000	0.0	18900	0.0	19800	0.0	20700	0.0	21600	0.0	22500	0.0	23400	0.0	24300	0.0	25200	0.0	26100	0.0	27000	0.0	27900	0.0	28800	0.0	29700	0.0	30600	0.0	31500	0.0	32400	0.0	33300	0.0	34200	0.0	35100	0.0	36000	0.0
90066	0	7.534883720930233	900	8.042553191489361	1800	0.0	2700	0.0	3600	0.0	4500	0.0	5400	0.0	6300	0.0	7200	0.0	8100	0.0	9000	0.0	9900	0.0	10800	0.0	11700	0.0	12600	0.0	13500	0.0	14400	0.0	15300	0.0	16200	0.0	17100	0.0	18000	0.0	18900	0.0	19800	0.0	20700	0.0	21600	0.0	22500	0.0	23400	0.0	24300	0.0	25200	0.0	26100	0.0	27000	0.0	27900	0.0	28800	0.0	29700	0.0	30600	0.0	31500	0.0	32400	0.0	33300	0.0	34200	0.0	35100	0.0	36000	0.0
1219012	0	6.0	900	6.0	1800	6.0	2700	6.0	3600	0.0	4500	0.0	5400	0.0	6300	0.0	7200	0.0	8100	0.0	9000	0.0	9900	0.0	10800	0.0	11700	0.0	12600	0.0	13500	0.0	14400	0.0	15300	0.0	16200	0.0	17100	0.0	18000	0.0	18900	0.0	19800	0.0	20700	0.0	21600	0.0	22500	0.0	23400	0.0	24300	0.0	25200	0.0	26100	0.0	27000	0.0	27900	0.0	28800	0.0	29700	0.0	30600	0.0	31500	0.0	32400	0.0	33300	0.0	34200	0.0	35100	0.0	36000	0.0
119001	0	6.0	900	6.0	1800	6.0	2700	6.0	3600	0.0	4500	0.0	5400	0.0	6300	0.0	7200	0.0	8100	0.0	9000	0.0	9900	0.0	10800	0.0	11700	0.0	12600	0.0	13500	0.0	14400	0.0	15300	0.0	16200	0.0	17100	0.0	18000	0.0	18900	0.0	19800	0.0	20700	0.0	21600	0.0	22500	0.0	23400	0.0	24300	0.0	25200	0.0	26100	0.0	27000	0.0	27900	0.0	28800	0.0	29700	0.0	30600	0.0	31500	0.0	32400	0.0	33300	0.0	34200	0.0	35100	0.0	36000	0.0
90077	0	6.257142857142857	900	6.416666666666667	1800	0.0	2700	0.0	3600	0.0	4500	0.0	5400	0.0	6300	0.0	7200	0.0	8100	0.0	9000	0.0	9900	0.0	10800	0.0	11700	0.0	12600	0.0	13500	0.0	14400	0.0	15300	0.0	16200	0.0	17100	0.0	18000	0.0	18900	0.0	19800	0.0	20700	0.0	21600	0.0	22500	0.0	23400	0.0	24300	0.0	25200	0.0	26100	0.0	27000	0.0	27900	0.0	28800	0.0	29700	0.0	30600	0.0	31500	0.0	32400	0.0	33300	0.0	34200	0.0	35100	0.0	36000	0.0
2018	0	240.0	900	240.0	1800	240.0	2700	0.0	3600	0.0	4500	0.0	5400	0.0	6300	0.0	7200	0.0	8100	0.0	9000	0.0	9900	0.0	10800	0.0	11700	0.0	12600	0.0	13500	0.0	14400	0.0	15300	0.0	16200	0.0	17100	0.0	18000	0.0	18900	0.0	19800	0.0	20700	0.0	21600	0.0	22500	0.0	23400	0.0	24300	0.0	25200	0.0	26100	0.0	27000	0.0	27900	0.0	28800	0.0	29700	0.0	30600	0.0	31500	0.0	32400	0.0	33300	0.0	34200	0.0	35100	0.0	36000	0.0
2019	0	242.48275862068965	900	246.1818181818182	1800	0.0	2700	0.0	3600	0.0	4500	0.0	5400	0.0	6300	0.0	7200	0.0	8100	0.0	9000	0.0	9900	0.0	10800	0.0	11700	0.0	12600	0.0	13500	0.0	14400	0.0	15300	0.0	16200	0.0	17100	0.0	18000	0.0	18900	0.0	19800	0.0	20700	0.0	21600	0.0	22500	0.0	23400	0.0	24300	0.0	25200	0.0	26100	0.0	27000	0.0	27900	0.0	28800	0.0	29700	0.0	30600	0.0	31500	0.0	32400	0.0	33300	0.0	34200	0.0	35100	0.0	36000	0.0
902121	0	8.117647058823529	900	8.492307692307692	1800	6.0	2700	0.0	3600	0.0	4500	0.0	5400	0.0	6300	0.0	7200	0.0	8100	0.0	9000	0.0	9900	0.0	10800	0.0	11700	0.0	12600	0.0	13500	0.0	14400	0.0	15300	0.0	16200	0.0	17100	0.0	18000	0.0	18900	0.0	19800	0.0	20700	0.0	21600	0.0	22500	0.0	23400	0.0	24300	0.0	25200	0.0	26100	0.0	27000	0.0	27900	0.0	28800	0.0	29700	0.0	30600	0.0	31500	0.0	32400	0.0	33300	0.0	34200	0.0	35100	0.0	36000	0.0
2021	0	364.5	900	362.1	1800	360.0	2700	0.0	3600	0.0	4500	0.0	5400	0.0	6300	0.0	7200	0.0	8100	0.0	9000	0.0	9900	0.0	10800	0.0	11700	0.0	12600	0.0	13500	0.0	14400	0.0	15300	0.0	16200	0.0	17100	0.0	18000	0.0	18900	0.0	19800	0.0	20700	0.0	21600	0.0	22500	0.0	23400	0.0	24300	0.0	25200	0.0	26100	0.0	27000	0.0	27900	0.0	28800	0.0	29700	0.0	30600	0.0	31500	0.0	32400	0.0	33300	0.0	34200	0.0	35100	0.0	36000	0.0
1510	0	360.0	900	360.0	1800	360.0	2700	0.0	3600	0.0	4500	0.0	5400	0.0	6300	0.0	7200	0.0	8100	0.0	9000	0.0	9900	0.0	10800	0.0	11700	0.0	12600	0.0	13500	0.0	14400	0.0	15300	0.0	16200	0.0	17100	0.0	18000	0.0	18900	0.0	19800	0.0	20700	0.0	21600	0.0	22500	0.0	23400	0.0	24300	0.0	25200	0.0	26100	0.0	27000	0.0	27900	0.0	28800	0.0	29700	0.0	30600	0.0	31500	0.0	32400	0.0	33300	0.0	34200	0.0	35100	0.0	36000	0.0
2022	0	303.0	900	303.1034482758621	1800	301.3333333333333	2700	0.0	3600	0.0	4500	0.0	5400	0.0	6300	0.0	7200	0.0	8100	0.0	9000	0.0	9900	0.0	10800	0.0	11700	0.0	12600	0.0	13500	0.0	14400	0.0	15300	0.0	16200	0.0	17100	0.0	18000	0.0	18900	0.0	19800	0.0	20700	0.0	21600	0.0	22500	0.0	23400	0.0	24300	0.0	25200	0.0	26100	0.0	27000	0.0	27900	0.0	28800	0.0	29700	0.0	30600	0.0	31500	0.0	32400	0.0	33300	0.0	34200	0.0	35100	0.0	36000	0.0
90088	0	10.08	900	11.333333333333334	1800	0.0	2700	0.0	3600	0.0	4500	0.0	5400	0.0	6300	0.0	7200	0.0	8100	0.0	9000	0.0	9900	0.0	10800	0.0	11700	0.0	12600	0.0	13500	0.0	14400	0.0	15300	0.0	16200	0.0	17100	0.0	18000	0.0	18900	0.0	19800	0.0	20700	0.0	21600	0.0	22500	0.0	23400	0.0	24300	0.0	25200	0.0	26100	0.0	27000	0.0	27900	0.0	28800	0.0	29700	0.0	30600	0.0	31500	0.0	32400	0.0	33300	0.0	34200	0.0	35100	0.0	36000	0.0
1514	0	301.8333333333333	900	301.84615384615387	1800	302.0	2700	0.0	3600	0.0	4500	0.0	5400	0.0	6300	0.0	7200	0.0	8100	0.0	9000	0.0	9900	0.0	10800	0.0	11700	0.0	12600	0.0	13500	0.0	14400	0.0	15300	0.0	16200	0.0	17100	0.0	18000	0.0	18900	0.0	19800	0.0	20700	0.0	21600	0.0	22500	0.0	23400	0.0	24300	0.0	25200	0.0	26100	0.0	27000	0.0	27900	0.0	28800	0.0	29700	0.0	30600	0.0	31500	0.0	32400	0.0	33300	0.0	34200	0.0	35100	0.0	36000	0.0
1519	0	265.8679245283019	900	471.8139534883721	1800	314.36842105263156	2700	0.0	3600	0.0	4500	0.0	5400	0.0	6300	0.0	7200	0.0	8100	0.0	9000	0.0	9900	0.0	10800	0.0	11700	0.0	12600	0.0	13500	0.0	14400	0.0	15300	0.0	16200	0.0	17100	0.0	18000	0.0	18900	0.0	19800	0.0	20700	0.0	21600	0.0	22500	0.0	23400	0.0	24300	0.0	25200	0.0	26100	0.0	27000	0.0	27900	0.0	28800	0.0	29700	0.0	30600	0.0	31500	0.0	32400	0.0	33300	0.0	34200	0.0	35100	0.0	36000	0.0
919009	0	6.0	900	6.0	1800	6.0	2700	0.0	3600	0.0	4500	0.0	5400	0.0	6300	0.0	7200	0.0	8100	0.0	9000	0.0	9900	0.0	10800	0.0	11700	0.0	12600	0.0	13500	0.0	14400	0.0	15300	0.0	16200	0.0	17100	0.0	18000	0.0	18900	0.0	19800	0.0	20700	0.0	21600	0.0	22500	0.0	23400	0.0	24300	0.0	25200	0.0	26100	0.0	27000	0.0	27900	0.0	28800	0.0	29700	0.0	30600	0.0	31500	0.0	32400	0.0	33300	0.0	34200	0.0	35100	0.0	36000	0.0
1522	0	183.0	900	181.96	1800	182.1818181818182	2700	0.0	3600	0.0	4500	0.0	5400	0.0	6300	0.0	7200	0.0	8100	0.0	9000	0.0	9900	0.0	10800	0.0	11700	0.0	12600	0.0	13500	0.0	14400	0.0	15300	0.0	16200	0.0	17100	0.0	18000	0.0	18900	0.0	19800	0.0	20700	0.0	21600	0.0	22500	0.0	23400	0.0	24300	0.0	25200	0.0	26100	0.0	27000	0.0	27900	0.0	28800	0.0	29700	0.0	30600	0.0	31500	0.0	32400	0.0	33300	0.0	34200	0.0	35100	0.0	36000	0.0
90099	0	6.063157894736842	900	6.0625	1800	6.0	2700	0.0	3600	0.0	4500	0.0	5400	0.0	6300	0.0	7200	0.0	8100	0.0	9000	0.0	9900	0.0	10800	0.0	11700	0.0	12600	0.0	13500	0.0	14400	0.0	15300	0.0	16200	0.0	17100	0.0	18000	0.0	18900	0.0	19800	0.0	20700	0.0	21600	0.0	22500	0.0	23400	0.0	24300	0.0	25200	0.0	26100	0.0	27000	0.0	27900	0.0	28800	0.0	29700	0.0	30600	0.0	31500	0.0	32400	0.0	33300	0.0	34200	0.0	35100	0.0	36000	0.0
1011	0	301.98	900	302.32758620689657	1800	301.09090909090907	2700	0.0	3600	0.0	4500	0.0	5400	0.0	6300	0.0	7200	0.0	8100	0.0	9000	0.0	9900	0.0	10800	0.0	11700	0.0	12600	0.0	13500	0.0	14400	0.0	15300	0.0	16200	0.0	17100	0.0	18000	0.0	18900	0.0	19800	0.0	20700	0.0	21600	0.0	22500	0.0	23400	0.0	24300	0.0	25200	0.0	26100	0.0	27000	0.0	27900	0.0	28800	0.0	29700	0.0	30600	0.0	31500	0.0	32400	0.0	33300	0.0	34200	0.0	35100	0.0	36000	0.0
1719017	0	6.0	900	6.0	1800	6.0	2700	6.0	3600	0.0	4500	0.0	5400	0.0	6300	0.0	7200	0.0	8100	0.0	9000	0.0	9900	0.0	10800	0.0	11700	0.0	12600	0.0	13500	0.0	14400	0.0	15300	0.0	16200	0.0	17100	0.0	18000	0.0	18900	0.0	19800	0.0	20700	0.0	21600	0.0	22500	0.0	23400	0.0	24300	0.0	25200	0.0	26100	0.0	27000	0.0	27900	0.0	28800	0.0	29700	0.0	30600	0.0	31500	0.0	32400	0.0	33300	0.0	34200	0.0	35100	0.0	36000	0.0
1015	0	360.54545454545456	900	360.40909090909093	1800	360.0	2700	0.0	3600	0.0	4500	0.0	5400	0.0	6300	0.0	7200	0.0	8100	0.0	9000	0.0	9900	0.0	10800	0.0	11700	0.0	12600	0.0	13500	0.0	14400	0.0	15300	0.0	16200	0.0	17100	0.0	18000	0.0	18900	0.0	19800	0.0	20700	0.0	21600	0.0	22500	0.0	23400	0.0	24300	0.0	25200	0.0	26100	0.0	27000	0.0	27900	0.0	28800	0.0	29700	0.0	30600	0.0	31500	0.0	32400	0.0	33300	0.0	34200	0.0	35100	0.0	36000	0.0
619006	0	6.0	900	6.0	1800	6.0	2700	6.0	3600	0.0	4500	0.0	5400	0.0	6300	0.0	7200	0.0	8100	0.0	9000	0.0	9900	0.0	10800	0.0	11700	0.0	12600	0.0	13500	0.0	14400	0.0	15300	0.0	16200	0.0	17100	0.0	18000	0.0	18900	0.0	19800	0.0	20700	0.0	21600	0.0	22500	0.0	23400	0.0	24300	0.0	25200	0.0	26100	0.0	27000	0.0	27900	0.0	28800	0.0	29700	0.0	30600	0.0	31500	0.0	32400	0.0	33300	0.0	34200	0.0	35100	0.0	36000	0.0
1016	0	259.38461538461536	900	370.9830508474576	1800	443.17241379310343	2700	0.0	3600	0.0	4500	0.0	5400	0.0	6300	0.0	7200	0.0	8100	0.0	9000	0.0	9900	0.0	10800	0.0	11700	0.0	12600	0.0	13500	0.0	14400	0.0	15300	0.0	16200	0.0	17100	0.0	18000	0.0	18900	0.0	19800	0.0	20700	0.0	21600	0.0	22500	0.0	23400	0.0	24300	0.0	25200	0.0	26100	0.0	27000	0.0	27900	0.0	28800	0.0	29700	0.0	30600	0.0	31500	0.0	32400	0.0	33300	0.0	34200	0.0	35100	0.0	36000	0.0
1017	0	0.0	900	0.0	1800	0.0	2700	0.0	3600	0.0	4500	0.0	5400	0.0	6300	0.0	7200	0.0	8100	0.0	9000	0.0	9900	0.0	10800	0.0	11700	0.0	12600	0.0	13500	0.0	14400	0.0	15300	0.0	16200	0.0	17100	0.0	18000	0.0	18900	0.0	19800	0.0	20700	0.0	21600	0.0	22500	0.0	23400	0.0	24300	0.0	25200	0.0	26100	0.0	27000	0.0	27900	0.0	28800	0.0	29700	0.0	30600	0.0	31500	0.0	32400	0.0	33300	0.0	34200	0.0	35100	0.0	36000	0.0
901111	0	9.526717557251908	900	9.138461538461538	1800	12.0	2700	0.0	3600	0.0	4500	0.0	5400	0.0	6300	0.0	7200	0.0	8100	0.0	9000	0.0	9900	0.0	10800	0.0	11700	0.0	12600	0.0	13500	0.0	14400	0.0	15300	0.0	16200	0.0	17100	0.0	18000	0.0	18900	0.0	19800	0.0	20700	0.0	21600	0.0	22500	0.0	23400	0.0	24300	0.0	25200	0.0	26100	0.0	27000	0.0	27900	0.0	28800	0.0	29700	0.0	30600	0.0	31500	0.0	32400	0.0	33300	0.0	34200	0.0	35100	0.0	36000	0.0
901616	0	31.17721518987342	900	137.61783439490446	1800	90.0	2700	0.0	3600	0.0	4500	0.0	5400	0.0	6300	0.0	7200	0.0	8100	0.0	9000	0.0	9900	0.0	10800	0.0	11700	0.0	12600	0.0	13500	0.0	14400	0.0	15300	0.0	16200	0.0	17100	0.0	18000	0.0	18900	0.0	19800	0.0	20700	0.0	21600	0.0	22500	0.0	23400	0.0	24300	0.0	25200	0.0	26100	0.0	27000	0.0	27900	0.0	28800	0.0	29700	0.0	30600	0.0	31500	0.0	32400	0.0	33300	0.0	34200	0.0	35100	0.0	36000	0.0
