id	type	origin	dest	dtime	vot
42	111	1	5	58	10.042515940054143
24	111	1	5	91	2.8581669786001545
20	111	1	5	98	7.662563558026827
3	111	1	5	108	9.469431915183009
26	111	1	5	152	3.4853561560607953
28	111	1	5	172	0.9670576118997007
2	111	1	5	194	15.918114280496873
25	111	1	5	216	6.106539882185638
9	111	1	5	251	3.412492709201221
8	111	1	5	295	11.783967948994675
30	111	1	5	298	42.8248954920562
35	111	1	5	299	4.86977531663428
5	111	1	5	302	32.94024940127484
36	111	1	5	303	43.3097430932532
38	111	1	5	323	0.4461974879553524
13	111	1	5	329	32.262071131583895
18	111	1	5	344	6.2900798019262645
29	111	1	5	434	16.872122001534056
6	111	1	5	455	14.540141575230582
10	111	1	5	467	10.681607066719884
32	111	1	5	511	4.395580119883733
11	111	1	5	515	103.5808076902391
27	111	1	5	540	1.2284632953315824
22	111	1	5	595	25.328416365405964
21	111	1	5	615	47.46973605907038
40	111	1	5	624	36.10430413603879
1	111	1	5	630	17.050873036960876
19	111	1	5	649	21.711330534191376
7	111	1	5	651	27.62922183802941
37	111	1	5	656	22.056836343615835
33	111	1	5	659	6.404727790398734
31	111	1	5	678	38.783567870643836
14	111	1	5	679	20.525798454662496
23	111	1	5	694	11.189966485973866
39	111	1	5	711	10.625568258749478
34	111	1	5	725	92.49037465789749
17	111	1	5	733	7.262034096291404
43	111	1	5	792	74.15739225472137
4	111	1	5	834	21.688581692563883
41	111	1	5	854	5.105285658360791
15	111	1	5	863	12.907133232649832
12	111	1	5	865	31.79838574192041
16	111	1	5	890	25.711532854043863
82	111	1	5	905	25.295142041009374
85	111	1	5	905	11.94568548917926
48	111	1	5	911	5.709703353014268
69	111	1	5	914	55.39480500396854
52	111	1	5	925	19.86634370923209
53	111	1	5	927	7.497865630167448
72	111	1	5	992	14.345480382909077
86	111	1	5	999	26.109062355683182
44	111	1	5	1016	17.808487137220684
65	111	1	5	1042	6.801038811178646
64	111	1	5	1049	17.238459722835575
49	111	1	5	1056	1.5102909862417286
77	111	1	5	1068	81.44058901263712
76	111	1	5	1092	37.451626182166926
84	111	1	5	1126	10.01189849015779
71	111	1	5	1139	27.423293278666243
61	111	1	5	1179	3.8281272381620166
73	111	1	5	1185	15.164606012857519
47	111	1	5	1250	14.949879776530203
51	111	1	5	1323	18.689913971125225
56	111	1	5	1354	10.770568617250916
68	111	1	5	1419	39.09961009129801
80	111	1	5	1446	12.081455875871892
67	111	1	5	1456	25.97052242911718
78	111	1	5	1468	11.896595462305257
58	111	1	5	1470	0.6272821505754275
63	111	1	5	1473	18.062810133568405
70	111	1	5	1479	18.324902315793558
74	111	1	5	1489	39.719088514893244
55	111	1	5	1545	3.059816942267581
46	111	1	5	1560	32.61902688398486
50	111	1	5	1587	46.07928976387213
54	111	1	5	1591	25.799210317579156
59	111	1	5	1641	12.011301000400929
79	111	1	5	1656	2.2840504094401757
75	111	1	5	1658	10.969296962915013
60	111	1	5	1690	11.72319936075224
66	111	1	5	1690	1.2662659196401433
62	111	1	5	1729	22.0215541000611
45	111	1	5	1731	21.227423192063398
83	111	1	5	1749	2.588330431406199
87	111	1	5	1750	7.01570695416668
57	111	1	5	1768	4.609119490247315
81	111	1	5	1789	55.43716169946655
94	111	1	5	1823	34.34402994766104
97	111	1	5	1850	7.968486126263306
103	111	1	5	1872	26.656738820731153
106	111	1	5	1904	105.26839292196834
101	111	1	5	1953	37.9191702343742
115	111	1	5	1960	20.195461375423786
121	111	1	5	1988	29.51260135540194
104	111	1	5	2003	3.033902150688857
118	111	1	5	2060	41.35859659654389
102	111	1	5	2062	66.2451619528915
111	111	1	5	2062	30.596979622592546
116	111	1	5	2077	7.284866570689252
123	111	1	5	2078	60.95157219370805
119	111	1	5	2098	1.4791883747957786
89	111	1	5	2105	4.42006034885807
120	111	1	5	2113	3.523237546433204
124	111	1	5	2113	77.31005397051686
95	111	1	5	2124	4.271400576019094
100	111	1	5	2139	111.83732172212652
110	111	1	5	2186	1.5531037075388425
107	111	1	5	2189	16.183371168347048
93	111	1	5	2200	20.82653338277584
129	111	1	5	2218	17.62921551512039
96	111	1	5	2219	4.46734620575321
108	111	1	5	2253	0.8633805050004093
122	111	1	5	2282	12.98901255535084
92	111	1	5	2303	23.646441884924137
105	111	1	5	2311	2.3285200516923665
126	111	1	5	2402	4.21480640560058
128	111	1	5	2467	2.2433096577867953
130	111	1	5	2477	12.318039720912122
125	111	1	5	2518	123.06947101228864
98	111	1	5	2580	26.41185280743534
114	111	1	5	2595	26.87068659259633
99	111	1	5	2605	5.865744280093245
88	111	1	5	2607	28.02071954329948
112	111	1	5	2612	79.45349355498372
127	111	1	5	2633	81.22679419833352
117	111	1	5	2638	17.583629213868615
109	111	1	5	2643	8.774930443414313
91	111	1	5	2645	21.421111518407468
90	111	1	5	2667	23.129098652693596
113	111	1	5	2669	10.466295071715702
134	111	1	5	2709	18.349084853262823
155	111	1	5	2734	80.95578959766425
156	111	1	5	2754	15.313372204014055
163	111	1	5	2761	32.15748757727253
174	111	1	5	2794	14.477578234369053
166	111	1	5	2834	13.145523663099869
140	111	1	5	2874	21.486031474127373
171	111	1	5	2877	9.124242377502707
151	111	1	5	2880	12.186097151282627
160	111	1	5	2881	2.8161864180154956
135	111	1	5	2906	64.03557871705233
146	111	1	5	2906	41.23618363547058
168	111	1	5	2907	13.32915546326261
157	111	1	5	2923	94.21623161428549
164	111	1	5	2933	17.153370532523887
161	111	1	5	2961	35.90268800202616
133	111	1	5	2982	25.511307270927233
150	111	1	5	3003	43.183210978427994
147	111	1	5	3030	60.1631637624047
169	111	1	5	3030	32.70413252861387
154	111	1	5	3035	23.34524373255927
148	111	1	5	3117	2.0725960108722554
143	111	1	5	3121	10.46573298488739
159	111	1	5	3155	12.393400266478235
142	111	1	5	3163	4.002965710156945
172	111	1	5	3189	9.914333397410143
167	111	1	5	3246	0.0018944276545558346
131	111	1	5	3251	6.5271901939484644
138	111	1	5	3266	61.66848652967317
162	111	1	5	3278	0.7246469615673738
153	111	1	5	3299	29.97703993513953
165	111	1	5	3302	27.485537154455848
137	111	1	5	3305	26.10291857383871
132	111	1	5	3314	2.827549079206819
145	111	1	5	3330	16.12831769062824
158	111	1	5	3338	23.035562487177252
139	111	1	5	3339	0.22309737253817066
149	111	1	5	3349	15.068004264783182
144	111	1	5	3395	6.14302915008621
136	111	1	5	3461	2.0669028548343538
170	111	1	5	3487	1.898830027252081
141	111	1	5	3546	34.272867032451266
152	111	1	5	3550	17.68069149096398
173	111	1	5	3567	17.74278174816743
