id	parking		park_cost	hold_cost	walk_time	probability
5106	0
5107	0
5135	0
5143	0
5151	0
5152	0
5178	0
5188	0
5189	0
5197	0
5198	0
5208	0
5210	0
5211	0
5212	0
5214	0
5215	0
5220	0
5414	1	1	1	2.0	0.1
5431	0
5452	0
5453	0
5454	1	1	1	0	0.1
5455	0
5456	0
5458	1	1	1	1.0	0.1
5464	1	1	1	1.0	0.1
5465	0
5469	0
5471	1	1	1	2.0	0.1
5544	0
5545	0
5551	0
5553	0
5570	0
5571	0
5572	0
5573	0
5574	0
5576	0
5577	0
5579	0
5581	0
5582	0
5583	0
5584	1	1	1	3.0	0.5
5585	0
5586	0
5587	0
5588	0
5589	0
5654	0
5655	0
5659	0
5685	0
5709	0
5710	0
5711	0
5712	0
5713	0
5714	0
5715	0
5716	0
5717	0
5718	0
5719	0
5722	0
5723	0
5724	0
5725	0
5726	1	1	1	4.0	0.5
5727	0
5728	0
5729	0
5730	0
5731	0
5732	0
5733	0
5737	0
5738	0
5739	0
5740	0
5741	1	1	1	3.0	0.1
5742	0
5743	0
5744	0
5745	1	1	1	3.0	0.5
5746	0
5747	0
5748	1	1	1	2.0	0.1
5749	1	1	1	1.0	0.1
5750	0
5751	0
5752	0
5753	0
5754	0
5755	0
5756	0
5757	0
5758	0
5759	0
5760	0
5761	0
5762	0
5763	0
5764	0
5770	0
5771	0
5772	0
5773	0
5777	0
5778	0
5779	0
5780	0
5782	0
5784	0
5788	0
5789	0
6144	0
6145	0
6146	0
6147	0
6166	0
6167	0
6169	0
6174	0
6175	0
6183	0
6184	0
6188	0
6191	0
6230	0
6231	0
6232	0
6234	0
6236	0
6304	0
6305	0
6307	0
6311	0
6312	0
6315	0
6318	0
6319	0
6320	0
6322	0
6326	0
6327	0
6328	0
6332	0
6333	0
6334	0
6335	0
6336	0
6337	0
6338	0
6339	0
6340	0
6341	0
6342	0
6343	0
6344	0
6345	0
6346	0
6347	0
6348	0
6349	0
6350	0
6351	0
6353	0
6354	0
6355	0
6356	0
6357	0
6359	0
6361	0
6362	0
6364	0
6376	0
6378	0
6399	0
10457	0
10458	0
10459	0
10460	0
10461	0
10486	0
10487	1	1	1	3.0	0.5
10488	1	1	1	4.0	0.5
10489	0
10490	0
10491	0
10601	0
10602	0
10606	0
10607	0
10609	0
10610	0
10611	1	1	1	2.0	0.1
10777	1	1	1	1.0	0.1
10778	1	1	1	2.0	0.5
10782	1	1	1	2.0	0.1
11030	0
11031	0
11044	0
11080	0
11081	0
11082	0
11084	0
11085	0
11086	0
11121	0
11206	0
11207	0
11208	0
11229	0
11272	0
11273	0
11274	0
11298	0
11299	0
11308	0
11337	0
11355	0
11381	0
11382	0
11384	0
11483	0
11484	0
11501	0
11502	0
11504	0
11509	0
11531	0
11532	0
11533	0
11536	0
11537	0
11574	0
11600	0
11605	0
11637	0
11642	0
11713	0
11743	0
11756	0
11770	1	1	1	2.0	0.1
11786	0
11866	0
11966	0
12010	0
12022	0
12036	0
12043	0
12044	0
12060	0
12061	0
12064	0
12065	0
12078	0
12098	0
12135	0
12136	0
12137	0
12149	0
12261	0
12266	0
12282	0
12668	0
12669	1	1	1	3.0	0.1
12670	1	1	1	3.0	0.1
12671	0
12672	0
12734	0
12735	1	1	1	3.0	0.1
12736	0
12737	0
13009	0
13010	0
13011	0
13012	0
13013	0
13015	0
13016	0
13017	0
13018	0
13019	0
13020	0
13021	0
13022	0
13023	0
13024	0
13025	0
13026	0
13028	0
13029	0
13030	0
13031	0
13032	0
13033	0
13034	0
13035	0
13036	0
13037	0
13038	0
13039	0
13040	0
13041	0
13042	0
13043	0
13044	0
13045	0
13046	0
13047	0
13048	0
13049	0
13050	0
13051	0
13052	0
13053	0
13054	0
13055	0
13056	0
13057	0
13058	0
13059	0
13060	0
13061	0
13062	0
13063	0
13064	0
13065	0
13066	0
13067	0
13068	0
13069	0
13070	0
13071	0
13072	0
13073	0
13075	1	1	1	2.0	0.1
13076	0
13077	0
13078	0
13079	0
13080	1	1	1	4.0	0.5
13081	0
13082	1	1	1	2.0	0.1
13083	1	1	1	4.0	0.5
13084	0
13085	0
13086	0
13087	0
13088	0
13089	0
13091	0
13093	0
13094	0
13095	0
13096	0
13098	0
13099	0
13100	0
13101	0
13102	0
13103	0
13104	0
13105	0
13106	0
13107	0
13108	0
13109	0
13110	0
13111	0
13112	0
13113	0
13114	0
13115	0
13116	0
13118	0
13119	0
13122	0
13123	0
13124	0
13125	0
13126	0
13128	0
13130	0
13131	0
13132	0
13133	0
13134	0
13135	0
13136	0
13137	0
13138	0
13139	0
13140	0
13141	0
13142	0
13143	0
13144	0
13145	0
13146	0
13147	0
13148	0
13149	0
13150	0
13151	0
13152	0
13153	0
13154	0
13155	0
13156	0
13157	0
13158	0
13159	0
13160	0
13161	0
13162	0
13163	0
13164	0
13165	0
13166	0
13167	0
13168	0
13169	0
13170	0
13171	0
13172	0
13173	0
13174	0
13175	0
13176	0
13177	0
13178	0
13179	0
13180	0
13181	0
13182	0
13183	0
13184	0
13194	0
13195	0
13196	0
13198	0
13199	0
100344	0
200344	0
100345	0
200345	0
100356	0
200356	0
100358	0
200358	0
100359	0
200359	0
100360	0
200360	0
100361	0
200361	0
100362	0
200362	0
100363	0
200363	0
100372	0
200372	0
100373	0
200373	0
100374	0
200374	0
100375	0
200375	0
100376	0
200376	0
100377	0
200377	0
100378	0
200378	0
100379	0
200379	0
100380	0
200380	0
100381	0
200381	0
100382	0
200382	0
100383	0
200383	0
100384	0
200384	0
100385	0
200385	0
100386	0
200386	0
100403	0
200403	0
100404	0
200404	0
100405	0
200405	0
100406	0
200406	0
100407	0
200407	0
100849	0
200849	0
101408	0
201408	0
101409	0
201409	0
101410	0
201410	0
101413	0
201413	0
133192	0
233192	0
13500	0
12997	0
5200	0
9911	0
5144	0
5142	0
5687	0
6396	0
5206	0
5205	0
6395	0
5199	0
12168	0
6394	0
6390	0
5141	0
6397	0
9910	0
6386	0
6392	0
6389	0
6391	0
10631	0
9912	0
5734	0
5691	0
5781	0
5775	0
5787	0
5720	0
5684	0
10616	0
5776	0
5786	0
5774	0
5783	0
5785	0
12097	0
12138	0
12642	0
5689	0
5674	0
5669	0
5698	0
5682	0
3426	0
10584	0
5766	0
5686	0
5767	0
5769	0
10479	0
5721	0
5676	0
10617	0
10615	0
12673	0
12674	0
5673	0
5708	0
5672	0
5657	0
5681	0
5656	0
11551	0
5658	0
12566	0
3427	0
5680	0
12565	0
5768	0
5765	0
5662	0
6384	0
9913	0
6393	0
6373	0
10261	0
6370	0
6371	0
9915	0
9914	0
6379	0
6374	0
6377	0
12077	0
6400	0
6383	0
11791	0
6387	0
11027	0
12169	0
13129	0
5694	0
6398	0
5735	0
18630	0
125469	0
125545	0
125551	0
125553	0
125659	0
125709	0
125710	0
125761	0
125762	0
125763	0
125772	0
125780	0
126234	0
126307	0
126359	0
126364	0
126376	0
126398	0
126399	0
131229	0
131483	0
131536	0
131786	0
132672	0
133094	0
133096	0
133099	0
133115	0
133116	0
133122	0
125669	0
125682	0
125694	0
126384	0
126386	0
126392	0
129912	0
130479	0
130584	0
130616	0
130631	0
131027	0
131551	0
132077	0
132097	0
133129	0
225469	0
225545	0
225551	0
225553	0
225659	0
225709	0
225710	0
225761	0
225762	0
225763	0
225772	0
225780	0
226234	0
226307	0
226359	0
226364	0
226376	0
226398	0
226399	0
231229	0
231483	0
231536	0
231786	0
232672	0
233094	0
233096	0
233099	0
233115	0
233116	0
233122	0
225669	0
225682	0
225694	0
226384	0
226386	0
226392	0
229912	0
230479	0
230584	0
230616	0
230631	0
231027	0
231551	0
232077	0
232097	0
233129	0
225673	0
125673	0
225698	0
125698	0
226393	0
126393	0
229913	0
129913	0
230615	0
231791	0
131791	0
130615	0
233193	0
133118	0
233118	0
5472	1	1	1	3.0	0.5
