id	type	origin	dest	dtime	vot
35	111	1	5	49	4.86977531663428
157	121	1	5	57	94.21623161428549
177	121	1	5	57	33.596356669682905
18	111	1	5	59	6.2900798019262645
22	111	1	5	79	25.328416365405964
1	111	1	5	90	17.050873036960876
13	111	1	5	99	32.262071131583895
183	121	1	5	109	7.5447629671216285
16	111	1	5	124	25.711532854043863
11	111	1	5	130	103.5808076902391
20	111	1	5	134	7.662563558026827
178	121	1	5	134	50.776289008657415
26	111	1	5	144	3.4853561560607953
50	111	1	5	152	1.5102909862417286
188	121	1	5	153	6.3993768815586405
156	121	1	5	173	15.313372204014055
195	121	1	5	183	39.33796279313408
159	121	1	5	193	12.393400266478235
186	121	1	5	203	22.97686321868528
32	111	1	5	213	4.395580119883733
4	111	1	5	224	21.688581692563883
36	111	1	5	243	43.3097430932532
176	121	1	5	244	0.06341011876453738
39	111	1	5	250	10.625568258749478
33	111	1	5	253	6.404727790398734
8	111	1	5	284	11.783967948994675
162	121	1	5	285	0.7246469615673738
47	111	1	5	289	32.61902688398486
152	121	1	5	289	17.68069149096398
196	121	1	5	293	13.073637457474513
168	121	1	5	316	13.32915546326261
153	121	1	5	322	29.97703993513953
166	121	1	5	327	13.145523663099869
181	121	1	5	330	9.66433540101989
31	111	1	5	331	38.783567870643836
173	121	1	5	337	17.74278174816743
7	111	1	5	369	27.62922183802941
200	121	1	5	373	21.039321691293374
163	121	1	5	399	32.15748757727253
151	121	1	5	403	12.186097151282627
46	111	1	5	411	21.227423192063398
14	111	1	5	420	20.525798454662496
170	121	1	5	420	1.898830027252081
15	111	1	5	426	12.907133232649832
34	111	1	5	426	92.49037465789749
17	111	1	5	439	7.262034096291404
48	111	1	5	442	14.949879776530203
174	121	1	5	446	14.477578234369053
160	121	1	5	448	2.8161864180154956
180	121	1	5	457	83.38934230302681
9	111	1	5	458	3.412492709201221
189	121	1	5	462	28.53641543381318
29	111	1	5	487	16.872122001534056
49	111	1	5	498	5.709703353014268
2	111	1	5	511	15.918114280496873
38	111	1	5	519	0.4461974879553524
184	121	1	5	526	11.554484195508396
191	121	1	5	536	10.72453149327532
25	111	1	5	550	6.106539882185638
197	121	1	5	551	3.1414202882702837
167	121	1	5	571	0.0018944276545558346
42	111	1	5	590	10.042515940054143
199	121	1	5	604	4.0615165088225424
192	121	1	5	607	18.787327877780903
158	121	1	5	614	23.035562487177252
194	121	1	5	614	19.260201140144023
45	111	1	5	630	17.808487137220684
37	111	1	5	632	22.056836343615835
28	111	1	5	652	0.9670576118997007
169	121	1	5	664	32.70413252861387
185	121	1	5	666	8.168907400365834
23	111	1	5	678	11.189966485973866
21	111	1	5	682	47.46973605907038
182	121	1	5	682	11.094098844246522
44	111	1	5	684	8.108125378782525
41	111	1	5	688	5.105285658360791
30	111	1	5	698	42.8248954920562
19	111	1	5	703	21.711330534191376
154	121	1	5	715	23.34524373255927
164	121	1	5	729	17.153370532523887
190	121	1	5	730	86.40028935041556
10	111	1	5	740	10.681607066719884
27	111	1	5	741	1.2284632953315824
40	111	1	5	749	36.10430413603879
172	121	1	5	760	9.914333397410143
12	111	1	5	768	31.79838574192041
193	121	1	5	784	6.950226155481177
179	121	1	5	800	8.855464267142949
5	111	1	5	802	32.94024940127484
24	111	1	5	809	2.8581669786001545
3	111	1	5	813	9.469431915183009
155	121	1	5	828	80.95578959766425
161	121	1	5	846	35.90268800202616
175	121	1	5	848	52.298168103170795
198	121	1	5	853	34.562393555454356
6	111	1	5	882	14.540141575230582
43	111	1	5	887	74.15739225472137
171	121	1	5	890	9.124242377502707
187	121	1	5	895	9.831175235098844
165	121	1	5	899	27.485537154455848
201	121	1	5	984	24.668932954388726
241	121	1	5	993	21.393704153299883
98	111	1	5	995	7.968486126263306
87	111	1	5	1002	7.01570695416668
215	121	1	5	1039	49.65149232825221
52	111	1	5	1043	19.86634370923209
202	121	1	5	1052	9.095769206535518
93	111	1	5	1056	23.646441884924137
235	121	1	5	1060	1.4686017636482958
71	111	1	5	1066	27.423293278666243
207	121	1	5	1074	14.115220168034773
206	121	1	5	1086	2.6235902783236416
239	121	1	5	1087	9.66845063720341
223	121	1	5	1094	10.502549332541363
55	111	1	5	1109	3.059816942267581
73	111	1	5	1126	15.164606012857519
91	111	1	5	1130	23.129098652693596
66	111	1	5	1142	1.2662659196401433
100	111	1	5	1143	5.865744280093245
89	111	1	5	1149	28.02071954329948
217	121	1	5	1158	41.47037453753923
57	111	1	5	1165	4.609119490247315
53	111	1	5	1170	7.497865630167448
78	111	1	5	1187	11.896595462305257
209	121	1	5	1189	0.5168346541607522
224	121	1	5	1191	15.5612946009174
59	111	1	5	1196	12.011301000400929
75	111	1	5	1203	10.969296962915013
88	111	1	5	1212	36.781262857278975
231	121	1	5	1231	39.085306445836906
213	121	1	5	1233	15.225945275727478
240	121	1	5	1242	30.15233679634205
51	111	1	5	1257	18.689913971125225
225	121	1	5	1261	1.8334022477937024
96	111	1	5	1265	4.271400576019094
228	121	1	5	1269	4.763491502127407
77	111	1	5	1275	81.44058901263712
203	121	1	5	1286	21.86334381545502
237	121	1	5	1288	63.20170890490489
94	111	1	5	1301	20.82653338277584
79	111	1	5	1312	2.2840504094401757
222	121	1	5	1318	4.776386979283012
84	111	1	5	1332	10.01189849015779
95	111	1	5	1334	34.34402994766104
61	111	1	5	1336	3.8281272381620166
230	121	1	5	1350	31.373379246568838
58	111	1	5	1353	0.6272821505754275
234	121	1	5	1364	5.843974679080266
54	111	1	5	1381	25.799210317579156
72	111	1	5	1381	14.345480382909077
208	121	1	5	1388	80.87336895733193
247	121	1	5	1394	14.905438411825338
205	121	1	5	1412	30.412465945811153
226	121	1	5	1414	6.298303950551761
221	121	1	5	1416	7.4753179355004145
227	121	1	5	1435	38.44022190382136
232	121	1	5	1436	23.072179974666533
74	111	1	5	1445	39.719088514893244
82	111	1	5	1445	25.295142041009374
81	111	1	5	1456	55.43716169946655
210	121	1	5	1458	9.950817921595533
67	111	1	5	1459	25.97052242911718
238	121	1	5	1460	7.070921646638495
242	121	1	5	1460	18.268130820211407
68	111	1	5	1461	39.09961009129801
63	111	1	5	1466	18.062810133568405
211	121	1	5	1468	25.787768934869767
60	111	1	5	1482	11.72319936075224
64	111	1	5	1489	17.238459722835575
97	111	1	5	1495	4.46734620575321
212	121	1	5	1500	2.3879406615481864
249	121	1	5	1505	48.88757163593227
83	111	1	5	1513	2.588330431406199
90	111	1	5	1518	4.42006034885807
248	121	1	5	1536	14.235521618106084
214	121	1	5	1556	46.62643800492962
220	121	1	5	1556	11.494576709369474
233	121	1	5	1556	29.228188036601193
99	111	1	5	1570	26.41185280743534
219	121	1	5	1570	5.1428733893234595
86	111	1	5	1584	26.109062355683182
245	121	1	5	1622	13.390385385500057
70	111	1	5	1624	18.324902315793558
62	111	1	5	1645	22.0215541000611
65	111	1	5	1664	6.801038811178646
216	121	1	5	1666	52.09234934789948
69	111	1	5	1669	55.39480500396854
243	121	1	5	1674	3.1935875150958344
218	121	1	5	1697	10.159202418139746
246	121	1	5	1699	16.24259622502025
244	121	1	5	1700	48.253188717323404
204	121	1	5	1712	20.323973111006662
85	111	1	5	1730	11.94568548917926
250	121	1	5	1762	56.73763242627726
236	121	1	5	1764	29.536184258746
56	111	1	5	1769	10.770568617250916
80	111	1	5	1784	12.081455875871892
229	121	1	5	1785	23.741093147370457
76	111	1	5	1793	37.451626182166926
92	111	1	5	1794	21.421111518407468
126	111	1	5	1804	4.21480640560058
281	121	1	5	1826	75.82783778645205
112	111	1	5	1851	79.45349355498372
295	121	1	5	1854	10.512990024198325
106	111	1	5	1857	105.26839292196834
113	111	1	5	1869	10.466295071715702
114	111	1	5	1870	26.87068659259633
275	121	1	5	1870	16.64559617461053
104	111	1	5	1873	3.033902150688857
263	121	1	5	1875	20.623252408494764
145	111	1	5	1884	6.14302915008621
282	121	1	5	1901	24.494644445802614
256	121	1	5	1932	36.99709951828405
120	111	1	5	1945	3.523237546433204
144	111	1	5	1953	10.46573298488739
278	121	1	5	1966	15.103810011025072
147	111	1	5	1976	41.23618363547058
123	111	1	5	1980	60.95157219370805
129	111	1	5	1986	17.62921551512039
138	111	1	5	1990	26.10291857383871
280	121	1	5	2004	50.50381636398048
293	121	1	5	2028	14.531082173335232
135	111	1	5	2044	18.349084853262823
254	121	1	5	2075	1.8434710530439333
108	111	1	5	2092	0.8633805050004093
258	121	1	5	2093	81.22748406778811
300	121	1	5	2096	22.17810701926423
255	121	1	5	2099	0.6267345530418937
119	111	1	5	2113	1.4791883747957786
271	121	1	5	2117	22.056541773538335
264	121	1	5	2126	12.566002016482477
265	121	1	5	2136	7.002796687450928
107	111	1	5	2149	16.183371168347048
251	121	1	5	2151	70.70025070277944
257	121	1	5	2167	44.3942474414743
292	121	1	5	2175	54.23280439614439
267	121	1	5	2181	61.46788424551353
285	121	1	5	2185	9.332192951176937
116	111	1	5	2203	7.284866570689252
283	121	1	5	2226	9.373876982940391
109	111	1	5	2229	8.774930443414313
131	111	1	5	2262	6.647722424757379
132	111	1	5	2292	6.5271901939484644
117	111	1	5	2305	17.583629213868615
287	121	1	5	2308	34.06386181270527
110	111	1	5	2323	1.5531037075388425
122	111	1	5	2324	12.98901255535084
274	121	1	5	2325	8.600759752270994
289	121	1	5	2327	26.51234808157627
268	121	1	5	2329	17.46025542113681
298	121	1	5	2354	19.72566321485378
102	111	1	5	2358	66.2451619528915
261	121	1	5	2366	15.263965609531402
272	121	1	5	2369	77.54744752290802
294	121	1	5	2374	2.1061910981869096
128	111	1	5	2380	2.2433096577867953
121	111	1	5	2383	29.51260135540194
286	121	1	5	2413	24.915144702604593
143	111	1	5	2421	4.002965710156945
103	111	1	5	2438	26.656738820731153
127	111	1	5	2449	81.22679419833352
137	111	1	5	2450	2.0669028548343538
146	111	1	5	2456	16.12831769062824
253	121	1	5	2459	11.532575326321686
142	111	1	5	2466	34.272867032451266
105	111	1	5	2472	2.3285200516923665
291	121	1	5	2472	135.39395586528897
136	111	1	5	2474	64.03557871705233
139	111	1	5	2474	61.66848652967317
134	111	1	5	2477	25.511307270927233
266	121	1	5	2478	14.284127362783133
124	111	1	5	2479	77.31005397051686
276	121	1	5	2481	25.69308869078058
288	121	1	5	2486	65.17057675507775
273	121	1	5	2488	28.770472509290595
277	121	1	5	2496	15.749941452347207
259	121	1	5	2500	12.474555096858529
118	111	1	5	2511	41.35859659654389
148	111	1	5	2531	60.1631637624047
260	121	1	5	2543	5.55056797441138
115	111	1	5	2547	20.195461375423786
270	121	1	5	2560	20.835808273171395
125	111	1	5	2585	123.06947101228864
141	111	1	5	2598	21.486031474127373
284	121	1	5	2605	23.56497126060584
279	121	1	5	2610	30.312173916850657
149	111	1	5	2611	2.0725960108722554
296	121	1	5	2618	46.422117182395276
262	121	1	5	2621	6.215597275575057
130	111	1	5	2629	12.318039720912122
252	121	1	5	2631	98.75167553582128
269	121	1	5	2640	63.95126510782893
297	121	1	5	2649	2.0963606209517542
133	111	1	5	2650	2.827549079206819
101	111	1	5	2657	37.9191702343742
111	111	1	5	2658	30.596979622592546
290	121	1	5	2662	1.967823306372537
150	111	1	5	2676	15.068004264783182
299	121	1	5	2679	6.62035925044997
140	111	1	5	2684	0.22309737253817066
