id	type	source	dest	length (ft)	ffspd (mph)	w (mph)	capacity	num_lanes
312	100	3	12	21120.0	60.0	30.0	2340.0	1
43	100	4	3	21120.0	60.0	30.0	1711.0	1
45	100	4	5	10560.0	60.0	30.0	1778.0	1
411	100	4	11	31680.0	60.0	30.0	491.0	1
54	100	5	4	10560.0	60.0	30.0	1778.0	1
56	100	5	6	21120.0	60.0	30.0	495.0	1
59	100	5	9	26400.0	60.0	30.0	1000.0	1
62	100	6	2	26400.0	60.0	30.0	496.0	1
65	100	6	5	21120.0	60.0	30.0	495.0	1
68	100	6	8	10560.0	60.0	30.0	490.0	1
78	100	7	8	15840.0	60.0	30.0	784.0	1
718	100	7	18	10560.0	60.0	30.0	2340.0	1
86	100	8	6	10560.0	60.0	30.0	490.0	1
87	100	8	7	15840.0	60.0	30.0	784.0	1
89	100	8	9	52800.0	60.0	30.0	505.0	1
816	100	8	16	26400.0	60.0	30.0	505.0	1
95	100	9	5	26400.0	60.0	30.0	1000.0	1
98	100	9	8	52800.0	60.0	30.0	505.0	1
910	100	9	10	15840.0	60.0	30.0	1392.0	1
109	100	10	9	15840.0	60.0	30.0	1392.0	1
1011	100	10	11	26400.0	60.0	30.0	1000.0	1
1015	100	10	15	31680.0	60.0	30.0	1351.0	1
1016	100	10	16	21120.0	60.0	30.0	485.0	1
1017	100	10	17	42240.0	60.0	30.0	499.0	1
114	100	11	4	31680.0	60.0	30.0	491.0	1
1110	100	11	10	26400.0	60.0	30.0	1000.0	1
1112	100	11	12	31680.0	60.0	30.0	491.0	1
1114	100	11	14	21120.0	60.0	30.0	488.0	1
123	100	12	3	21120.0	60.0	30.0	2340.0	1
1211	100	12	11	31680.0	60.0	30.0	491.0	1
1213	100	12	13	15840.0	60.0	30.0	2590.0	1
1312	100	13	12	15840.0	60.0	30.0	2590.0	1
1324	100	13	24	21120.0	60.0	30.0	509.0	1
1411	100	14	11	21120.0	60.0	30.0	488.0	1
1415	100	14	15	26400.0	60.0	30.0	513.0	1
1423	100	14	23	21120.0	60.0	30.0	492.0	1
1510	100	15	10	31680.0	60.0	30.0	1351.0	1
1514	100	15	14	26400.0	60.0	30.0	513.0	1
1519	100	15	19	15840.0	60.0	30.0	1456.0	1
1522	100	15	22	15840.0	60.0	30.0	960.0	1
168	100	16	8	26400.0	60.0	30.0	505.0	1
1610	100	16	10	21120.0	60.0	30.0	485.0	1
1617	100	16	17	10560.0	60.0	30.0	523.0	1
1618	100	16	18	15840.0	60.0	30.0	1968.0	1
1710	100	17	10	42240.0	60.0	30.0	499.0	1
1716	100	17	16	10560.0	60.0	30.0	523.0	1
1719	100	17	19	10560.0	60.0	30.0	482.0	1
187	100	18	7	10560.0	60.0	30.0	2340.0	1
1816	100	18	16	15840.0	60.0	30.0	1968.0	1
1820	100	18	20	21120.0	60.0	30.0	2340.0	1
1915	100	19	15	15840.0	60.0	30.0	1456.0	1
1917	100	19	17	10560.0	60.0	30.0	482.0	1
1920	100	19	20	21120.0	60.0	30.0	500.0	1
2018	100	20	18	21120.0	60.0	30.0	2340.0	1
2019	100	20	19	21120.0	60.0	30.0	500.0	1
2021	100	20	21	31680.0	60.0	30.0	506.0	1
2022	100	20	22	26400.0	60.0	30.0	508.0	1
2120	100	21	20	31680.0	60.0	30.0	506.0	1
2122	100	21	22	10560.0	60.0	30.0	523.0	1
2124	100	21	24	15840.0	60.0	30.0	489.0	1
2215	100	22	15	15840.0	60.0	30.0	960.0	1
2220	100	22	20	26400.0	60.0	30.0	508.0	1
2221	100	22	21	10560.0	60.0	30.0	523.0	1
2223	100	22	23	21120.0	60.0	30.0	500.0	1
2314	100	23	14	21120.0	60.0	30.0	492.0	1
2322	100	23	22	21120.0	60.0	30.0	500.0	1
2324	100	23	24	10560.0	60.0	30.0	508.0	1
2413	100	24	13	21120.0	60.0	30.0	509.0	1
2421	100	24	21	15840.0	60.0	30.0	489.0	1
2423	100	24	23	10560.0	60.0	30.0	508.0	1
90011	1000	9001	1	1.0	60.0	30.0	1.0	1
119001	1000	1	9001	1.0	60.0	30.0	1.0	1
90022	1000	9002	2	1.0	60.0	30.0	1.0	1
219002	1000	2	9002	1.0	60.0	30.0	1.0	1
90033	1000	9003	3	1.0	60.0	30.0	1.0	1
319003	1000	3	9003	1.0	60.0	30.0	1.0	1
90044	1000	9004	4	1.0	60.0	30.0	1.0	1
419004	1000	4	9004	1.0	60.0	30.0	1.0	1
90055	1000	9005	5	1.0	60.0	30.0	1.0	1
519005	1000	5	9005	1.0	60.0	30.0	1.0	1
90066	1000	9006	6	1.0	60.0	30.0	1.0	1
619006	1000	6	9006	1.0	60.0	30.0	1.0	1
90077	1000	9007	7	1.0	60.0	30.0	1.0	1
719007	1000	7	9007	1.0	60.0	30.0	1.0	1
90088	1000	9008	8	1.0	60.0	30.0	1.0	1
819008	1000	8	9008	1.0	60.0	30.0	1.0	1
90099	1000	9009	9	1.0	60.0	30.0	1.0	1
919009	1000	9	9009	1.0	60.0	30.0	1.0	1
901010	1000	9010	10	1.0	60.0	30.0	1.0	1
1019010	1000	10	9010	1.0	60.0	30.0	1.0	1
901111	1000	9011	11	1.0	60.0	30.0	1.0	1
1119011	1000	11	9011	1.0	60.0	30.0	1.0	1
901212	1000	9012	12	1.0	60.0	30.0	1.0	1
1219012	1000	12	9012	1.0	60.0	30.0	1.0	1
901313	1000	9013	13	1.0	60.0	30.0	1.0	1
1319013	1000	13	9013	1.0	60.0	30.0	1.0	1
901414	1000	9014	14	1.0	60.0	30.0	1.0	1
1419014	1000	14	9014	1.0	60.0	30.0	1.0	1
901515	1000	9015	15	1.0	60.0	30.0	1.0	1
1519015	1000	15	9015	1.0	60.0	30.0	1.0	1
901616	1000	9016	16	1.0	60.0	30.0	1.0	1
1619016	1000	16	9016	1.0	60.0	30.0	1.0	1
901717	1000	9017	17	1.0	60.0	30.0	1.0	1
1719017	1000	17	9017	1.0	60.0	30.0	1.0	1
901818	1000	9018	18	1.0	60.0	30.0	1.0	1
1819018	1000	18	9018	1.0	60.0	30.0	1.0	1
901919	1000	9019	19	1.0	60.0	30.0	1.0	1
1919019	1000	19	9019	1.0	60.0	30.0	1.0	1
902020	1000	9020	20	1.0	60.0	30.0	1.0	1
2019020	1000	20	9020	1.0	60.0	30.0	1.0	1
902121	1000	9021	21	1.0	60.0	30.0	1.0	1
2119021	1000	21	9021	1.0	60.0	30.0	1.0	1
902222	1000	9022	22	1.0	60.0	30.0	1.0	1
2219022	1000	22	9022	1.0	60.0	30.0	1.0	1
902323	1000	9023	23	1.0	60.0	30.0	1.0	1
2319023	1000	23	9023	1.0	60.0	30.0	1.0	1
902424	1000	9024	24	1.0	60.0	30.0	1.0	1
2419024	1000	24	9024	1.0	60.0	30.0	1.0	1
12	100	1	2	31680.0	60.0	30.0	2590.0	1
13	100	1	3	21120.0	60.0	30.0	2340.0	1
21	100	2	1	31680.0	60.0	30.0	2590.0	1
26	100	2	6	26400.0	60.0	30.0	496.0	1
31	100	3	1	21120.0	60.0	30.0	2340.0	1
34	100	3	4	21120.0	60.0	30.0	1711.0	1
