id	type	origin	dest	dtime	vot
33	121	1	5	6	6.404727790398734
22	121	1	5	15	25.328416365405964
2	121	1	5	19	15.918114280496873
23	121	1	5	78	11.189966485973866
14	121	1	5	93	20.525798454662496
19	121	1	5	97	21.711330534191376
27	121	1	5	104	1.2284632953315824
32	121	1	5	107	4.395580119883733
15	121	1	5	111	12.907133232649832
1	121	1	5	115	17.050873036960876
30	121	1	5	124	42.8248954920562
25	121	1	5	137	6.106539882185638
3	121	1	5	222	9.469431915183009
36	121	1	5	222	43.3097430932532
10	121	1	5	245	10.681607066719884
35	121	1	5	250	4.86977531663428
39	121	1	5	259	10.625568258749478
40	121	1	5	269	36.10430413603879
21	121	1	5	272	47.46973605907038
18	121	1	5	276	6.2900798019262645
8	121	1	5	285	11.783967948994675
5	121	1	5	309	32.94024940127484
16	121	1	5	341	25.711532854043863
6	121	1	5	342	14.540141575230582
20	121	1	5	349	7.662563558026827
41	121	1	5	420	5.105285658360791
26	121	1	5	449	3.4853561560607953
29	121	1	5	458	16.872122001534056
43	121	1	5	545	74.15739225472137
28	121	1	5	546	0.9670576118997007
9	121	1	5	550	3.412492709201221
31	121	1	5	565	38.783567870643836
13	121	1	5	697	32.262071131583895
34	121	1	5	714	92.49037465789749
38	121	1	5	718	0.4461974879553524
4	121	1	5	772	21.688581692563883
42	121	1	5	807	10.042515940054143
11	121	1	5	834	103.5808076902391
37	121	1	5	848	22.056836343615835
12	121	1	5	849	31.79838574192041
7	121	1	5	892	27.62922183802941
17	121	1	5	895	7.262034096291404
24	121	1	5	898	2.8581669786001545
55	121	1	5	902	3.059816942267581
49	121	1	5	907	1.5102909862417286
46	121	1	5	909	32.61902688398486
64	121	1	5	914	17.238459722835575
84	121	1	5	925	10.01189849015779
58	121	1	5	951	0.6272821505754275
66	121	1	5	953	1.2662659196401433
70	121	1	5	962	18.324902315793558
57	121	1	5	974	4.609119490247315
83	121	1	5	982	2.588330431406199
67	121	1	5	998	25.97052242911718
45	121	1	5	1009	21.227423192063398
81	121	1	5	1027	55.43716169946655
68	121	1	5	1069	39.09961009129801
48	121	1	5	1077	5.709703353014268
73	121	1	5	1101	15.164606012857519
59	121	1	5	1109	12.011301000400929
54	121	1	5	1115	25.799210317579156
53	121	1	5	1123	7.497865630167448
69	121	1	5	1174	55.39480500396854
60	121	1	5	1242	11.72319936075224
86	121	1	5	1262	26.109062355683182
79	121	1	5	1303	2.2840504094401757
62	121	1	5	1361	22.0215541000611
63	121	1	5	1422	18.062810133568405
76	121	1	5	1427	37.451626182166926
71	121	1	5	1459	27.423293278666243
75	121	1	5	1476	10.969296962915013
51	121	1	5	1481	18.689913971125225
74	121	1	5	1493	39.719088514893244
82	121	1	5	1515	25.295142041009374
80	121	1	5	1526	12.081455875871892
50	121	1	5	1569	46.07928976387213
56	121	1	5	1575	10.770568617250916
65	121	1	5	1580	6.801038811178646
52	121	1	5	1582	19.86634370923209
77	121	1	5	1622	81.44058901263712
85	121	1	5	1636	11.94568548917926
87	121	1	5	1667	7.01570695416668
44	121	1	5	1696	17.808487137220684
61	121	1	5	1716	3.8281272381620166
72	121	1	5	1769	14.345480382909077
47	121	1	5	1771	14.949879776530203
78	121	1	5	1774	11.896595462305257
99	121	1	5	1805	5.865744280093245
126	121	1	5	1808	4.21480640560058
92	121	1	5	1814	23.646441884924137
113	121	1	5	1820	10.466295071715702
120	121	1	5	1888	3.523237546433204
103	121	1	5	1905	26.656738820731153
100	121	1	5	1912	111.83732172212652
105	121	1	5	1932	2.3285200516923665
107	121	1	5	1932	16.183371168347048
115	121	1	5	1937	20.195461375423786
116	121	1	5	1940	7.284866570689252
96	121	1	5	1977	4.46734620575321
91	121	1	5	1981	21.421111518407468
129	121	1	5	2015	17.62921551512039
110	121	1	5	2024	1.5531037075388425
97	121	1	5	2058	7.968486126263306
98	121	1	5	2061	26.41185280743534
102	121	1	5	2090	66.2451619528915
93	121	1	5	2107	20.82653338277584
123	121	1	5	2131	60.95157219370805
118	121	1	5	2141	41.35859659654389
95	121	1	5	2166	4.271400576019094
108	121	1	5	2213	0.8633805050004093
125	121	1	5	2231	123.06947101228864
128	121	1	5	2251	2.2433096577867953
119	121	1	5	2266	1.4791883747957786
94	121	1	5	2298	34.34402994766104
122	121	1	5	2306	12.98901255535084
101	121	1	5	2369	37.9191702343742
112	121	1	5	2399	79.45349355498372
127	121	1	5	2453	81.22679419833352
104	121	1	5	2465	3.033902150688857
114	121	1	5	2471	26.87068659259633
117	121	1	5	2479	17.583629213868615
111	121	1	5	2485	30.596979622592546
106	121	1	5	2489	105.26839292196834
124	121	1	5	2529	77.31005397051686
88	121	1	5	2560	28.02071954329948
121	121	1	5	2572	29.51260135540194
109	121	1	5	2577	8.774930443414313
130	121	1	5	2584	12.318039720912122
89	121	1	5	2611	4.42006034885807
90	121	1	5	2657	23.129098652693596
140	121	1	5	2710	21.486031474127373
138	121	1	5	2717	61.66848652967317
136	121	1	5	2775	2.0669028548343538
165	121	1	5	2784	27.485537154455848
153	121	1	5	2822	29.97703993513953
143	121	1	5	2856	10.46573298488739
148	121	1	5	2889	2.0725960108722554
159	121	1	5	2891	12.393400266478235
155	121	1	5	2905	80.95578959766425
158	121	1	5	2921	23.035562487177252
172	121	1	5	2937	9.914333397410143
161	121	1	5	2954	35.90268800202616
141	121	1	5	2957	34.272867032451266
151	121	1	5	2980	12.186097151282627
147	121	1	5	2981	60.1631637624047
169	121	1	5	2993	32.70413252861387
157	121	1	5	3007	94.21623161428549
133	121	1	5	3043	25.511307270927233
139	121	1	5	3080	0.22309737253817066
149	121	1	5	3091	15.068004264783182
134	121	1	5	3139	18.349084853262823
142	121	1	5	3181	4.002965710156945
131	121	1	5	3212	6.5271901939484644
156	121	1	5	3225	15.313372204014055
160	121	1	5	3226	2.8161864180154956
145	121	1	5	3264	16.12831769062824
144	121	1	5	3279	6.14302915008621
168	121	1	5	3282	13.32915546326261
154	121	1	5	3287	23.34524373255927
152	121	1	5	3292	17.68069149096398
166	121	1	5	3296	13.145523663099869
162	121	1	5	3317	0.7246469615673738
163	121	1	5	3319	32.15748757727253
150	121	1	5	3372	43.183210978427994
137	121	1	5	3406	26.10291857383871
135	121	1	5	3486	64.03557871705233
173	121	1	5	3498	17.74278174816743
174	121	1	5	3498	14.477578234369053
164	121	1	5	3535	17.153370532523887
167	121	1	5	3546	0.0018944276545558346
171	121	1	5	3550	9.124242377502707
132	121	1	5	3565	2.827549079206819
170	121	1	5	3575	1.898830027252081
146	121	1	5	3577	41.23618363547058
