7861	6	1.0	902424	2421	2122	2215	1510	1019010
7464	4	1.0	902424	2413	1312	1219012
8073	3	1.0	902424	2413	1319013
7653	5	1.0	902424	2421	2122	2215	1519015
7841	3	1.0	902424	2421	2119021
7641	4	1.0	902424	2421	2122	2219022
7715	3	1.0	902424	2423	2319023
7926	7	1.0	902424	2421	2120	2018	187	78	819008
9311	3	1.0	90011	12	219002
7989	3	1.0	90011	13	319003
7873	4	1.0	90011	13	34	419004
7535	4	1.0	90011	12	26	619006
7944	6	1.0	90011	12	26	68	87	719007
7763	5	1.0	90011	12	26	68	819008
8092	6	1.0	90011	13	34	45	59	919009
7323	7	1.0	90011	13	34	45	59	910	1019010
7362	5	1.0	90011	13	34	411	1119011
8009	4	1.0	90011	13	312	1219012
7670	5	1.0	90011	13	312	1213	1319013
8477	6	1.0	90011	13	34	411	1114	1419014
7482	7	1.0	90011	13	34	411	1114	1415	1519015
8154	6	1.0	90011	12	26	68	816	1619016
7888	7	1.0	90011	12	26	68	816	1617	1719017
7416	7	1.0	90011	12	26	68	87	718	1819018
8281	8	1.0	90011	12	26	68	816	1617	1719	1919019
7720	8	1.0	90011	12	26	68	87	718	1820	2019020
8279	7	1.0	90011	13	312	1213	1324	2421	2119021
7427	8	1.0	90011	13	312	1213	1324	2421	2122	2219022
7360	7	1.0	90011	13	312	1213	1324	2423	2319023
8394	6	1.0	90011	13	312	1213	1324	2419024
7881	3	1.0	90022	21	119001
8225	5	1.0	90022	26	65	54	419004
8211	3	1.0	90022	26	619006
7746	5	1.0	90022	26	68	87	719007
7883	4	1.0	90022	26	68	819008
8028	5	1.0	90022	26	65	59	919009
7386	6	1.0	90022	26	68	816	1610	1019010
7831	6	1.0	90022	26	65	54	411	1119011
8408	5	1.0	90022	21	13	312	1219012
8317	6	1.0	90022	21	13	312	1213	1319013
8327	7	1.0	90022	26	65	54	411	1114	1419014
7307	8	1.0	90022	26	68	816	1617	1719	1915	1519015
7868	5	1.0	90022	26	68	816	1619016
8112	6	1.0	90022	26	68	816	1617	1719017
8382	7	1.0	90022	26	68	816	1617	1719	1919019
8231	7	1.0	90022	26	68	87	718	1820	2019020
7949	8	1.0	90022	26	68	87	718	1820	2022	2219022
8479	3	1.0	90033	31	119001
7854	3	1.0	90033	34	419004
8517	5	1.0	90033	34	45	56	619006
9196	7	1.0	90033	34	45	56	68	87	719007
8527	6	1.0	90033	34	45	56	68	819008
9147	5	1.0	90033	34	45	59	919009
8082	6	1.0	90033	34	45	59	910	1019010
8494	4	1.0	90033	312	1211	1119011
7890	3	1.0	90033	312	1219012
8418	4	1.0	90033	312	1213	1319013
8165	5	1.0	90033	312	1211	1114	1419014
7974	6	1.0	90033	312	1211	1114	1415	1519015
7885	7	1.0	90033	34	45	56	68	816	1619016
7875	8	1.0	90033	34	45	56	68	816	1617	1719017
8519	7	1.0	90033	312	1213	1324	2421	2122	2219022
8414	6	1.0	90033	312	1213	1324	2423	2319023
7792	4	1.0	90044	43	31	119001
8435	5	1.0	90044	45	56	62	219002
8248	3	1.0	90044	43	319003
7700	4	1.0	90044	45	56	619006
7856	6	1.0	90044	45	56	68	87	719007
7557	5	1.0	90044	45	56	68	819008
7566	4	1.0	90044	45	59	919009
7269	5	1.0	90044	45	59	910	1019010
7246	3	1.0	90044	411	1119011
7248	4	1.0	90044	43	312	1219012
7620	5	1.0	90044	43	312	1213	1319013
7768	4	1.0	90044	411	1114	1419014
7271	5	1.0	90044	411	1114	1415	1519015
7315	6	1.0	90044	45	56	68	816	1619016
7843	7	1.0	90044	45	56	68	816	1617	1719017
8490	8	1.0	90044	45	56	68	816	1617	1719	1919019
7506	8	1.0	90044	45	56	68	87	718	1820	2019020
8179	7	1.0	90044	43	312	1213	1324	2421	2119021
7773	6	1.0	90044	411	1114	1423	2322	2219022
8324	5	1.0	90044	411	1114	1423	2319023
7794	6	1.0	90044	43	312	1213	1324	2419024
7252	4	1.0	90055	59	910	1019010
7317	5	1.0	90055	54	411	1114	1419014
7572	7	1.0	90055	59	910	1015	1522	2221	2119021
7501	4	1.0	90066	62	21	119001
8371	3	1.0	90066	62	219002
9200	5	1.0	90066	65	54	43	319003
7622	4	1.0	90066	65	54	419004
7847	4	1.0	90066	68	87	719007
7492	3	1.0	90066	68	819008
7412	4	1.0	90066	65	59	919009
7677	5	1.0	90066	68	816	1610	1019010
8019	5	1.0	90066	65	54	411	1119011
7863	6	1.0	90066	65	54	43	312	1219012
7471	7	1.0	90066	65	54	43	312	1213	1319013
7637	6	1.0	90066	65	54	411	1114	1419014
8458	7	1.0	90066	68	816	1617	1719	1915	1519015
7494	4	1.0	90066	68	816	1619016
7459	5	1.0	90066	68	816	1617	1719017
8462	6	1.0	90066	68	816	1617	1719	1919019
8140	6	1.0	90066	68	87	718	1820	2019020
8336	7	1.0	90066	68	87	718	1820	2021	2119021
8094	7	1.0	90066	68	87	718	1820	2022	2219022
8261	8	1.0	90066	68	87	718	1820	2022	2223	2319023
8438	8	1.0	90066	68	87	718	1820	2021	2124	2419024
8048	6	1.0	90077	78	86	62	21	119001
9349	5	1.0	90077	78	86	62	219002
8206	6	1.0	90077	78	86	65	54	419004
7531	4	1.0	90077	78	86	619006
7299	3	1.0	90077	78	819008
7785	6	1.0	90077	718	1816	1610	109	919009
7661	5	1.0	90077	718	1816	1610	1019010
7801	6	1.0	90077	718	1816	1610	1011	1119011
7849	8	1.0	90077	78	86	65	54	43	312	1219012
8071	7	1.0	90077	718	1820	2021	2124	2413	1319013
8341	8	1.0	90077	718	1816	1617	1719	1915	1514	1419014
8240	7	1.0	90077	718	1816	1617	1719	1915	1519015
7537	4	1.0	90077	718	1816	1619016
7504	5	1.0	90077	718	1816	1617	1719017
7981	6	1.0	90077	718	1816	1617	1719	1919019
7865	4	1.0	90077	718	1820	2019020
8351	5	1.0	90077	718	1820	2021	2119021
7911	5	1.0	90077	718	1820	2022	2219022
8377	6	1.0	90077	718	1820	2022	2223	2319023
8149	5	1.0	90088	86	62	21	119001
8214	4	1.0	90088	86	62	219002
7787	6	1.0	90088	86	65	54	43	319003
7845	5	1.0	90088	86	65	54	419004
7369	4	1.0	90088	86	65	519005
7722	3	1.0	90088	86	619006
7568	3	1.0	90088	87	719007
8192	3	1.0	90088	89	919009
7803	4	1.0	90088	816	1610	1019010
7979	5	1.0	90088	816	1610	1011	1119011
8284	7	1.0	90088	86	65	54	43	312	1219012
7466	8	1.0	90088	86	65	54	43	312	1213	1319013
7598	7	1.0	90088	816	1617	1719	1915	1514	1419014
7789	6	1.0	90088	816	1617	1719	1915	1519015
7726	3	1.0	90088	816	1619016
7626	4	1.0	90088	816	1617	1719017
7711	5	1.0	90088	816	1617	1719	1919019
7291	5	1.0	90088	87	718	1820	2019020
8114	6	1.0	90088	87	718	1820	2021	2119021
8116	6	1.0	90088	87	718	1820	2022	2219022
7273	7	1.0	90088	87	718	1820	2022	2223	2319023
7645	7	1.0	90088	87	718	1820	2021	2124	2419024
8201	6	1.0	90099	95	54	43	31	119001
7897	5	1.0	90099	95	56	62	219002
8598	5	1.0	90099	95	54	43	319003
7604	4	1.0	90099	95	54	419004
7805	4	1.0	90099	95	56	619006
8303	6	1.0	90099	910	1016	1618	187	719007
8123	3	1.0	90099	98	819008
7410	3	1.0	90099	910	1019010
7748	4	1.0	90099	910	1011	1119011
7450	5	1.0	90099	910	1011	1112	1219012
8086	6	1.0	90099	910	1011	1112	1213	1319013
8274	5	1.0	90099	910	1011	1114	1419014
8107	4	1.0	90099	910	1015	1519015
7589	4	1.0	90099	910	1016	1619016
7643	5	1.0	90099	910	1016	1617	1719017
7444	6	1.0	90099	910	1016	1617	1719	1919019
7967	6	1.0	90099	910	1016	1618	1820	2019020
8454	6	1.0	90099	910	1015	1522	2221	2119021
7969	5	1.0	90099	910	1015	1522	2219022
8012	6	1.0	90099	910	1011	1114	1423	2319023
8046	7	1.0	90099	910	1015	1522	2221	2124	2419024
7690	7	1.0	901010	109	95	54	43	31	119001
7612	6	1.0	901010	1016	168	86	62	219002
7977	6	1.0	901010	109	95	54	43	319003
7305	5	1.0	901010	109	95	54	419004
7333	4	1.0	901010	109	95	519005
7550	5	1.0	901010	1016	168	86	619006
7234	5	1.0	901010	1016	1618	187	719007
7452	4	1.0	901010	1016	168	819008
7389	3	1.0	901010	109	919009
7433	3	1.0	901010	1011	1119011
7392	4	1.0	901010	1011	1112	1219012
7371	5	1.0	901010	1011	1112	1213	1319013
7327	4	1.0	901010	1011	1114	1419014
7337	3	1.0	901010	1015	1519015
7418	3	1.0	901010	1016	1619016
7293	4	1.0	901010	1016	1617	1719017
7354	5	1.0	901010	1016	1617	1719	1919019
7421	5	1.0	901010	1016	1618	1820	2019020
7562	5	1.0	901010	1015	1522	2221	2119021
7402	4	1.0	901010	1015	1522	2219022
7461	5	1.0	901010	1015	1522	2223	2319023
7429	6	1.0	901010	1015	1522	2221	2124	2419024
7736	5	1.0	901111	114	43	31	119001
8389	6	1.0	901111	114	45	56	62	219002
8216	4	1.0	901111	114	43	319003
7796	3	1.0	901111	114	419004
8267	5	1.0	901111	114	45	56	619006
7928	6	1.0	901111	1110	1016	1618	187	719007
8132	5	1.0	901111	1110	1016	168	819008
7679	4	1.0	901111	1110	109	919009
7250	3	1.0	901111	1110	1019010
7813	3	1.0	901111	1112	1219012
8053	4	1.0	901111	1112	1213	1319013
7663	3	1.0	901111	1114	1419014
8015	4	1.0	901111	1114	1415	1519015
7423	4	1.0	901111	1110	1016	1619016
7595	5	1.0	901111	1110	1016	1617	1719017
7236	5	1.0	901111	1114	1415	1519	1919019
7587	6	1.0	901111	1114	1415	1519	1920	2019020
7809	6	1.0	901111	1114	1423	2324	2421	2119021
7435	5	1.0	901111	1114	1415	1522	2219022
7818	4	1.0	901111	1114	1423	2319023
7254	5	1.0	901111	1114	1423	2324	2419024
7373	4	1.0	901212	123	31	119001
7394	5	1.0	901212	123	31	12	219002
8161	3	1.0	901212	123	319003
7283	4	1.0	901212	123	34	419004
7544	5	1.0	901212	123	34	45	519005
8144	6	1.0	901212	123	34	45	56	619006
8369	8	1.0	901212	123	34	45	56	68	87	719007
8077	7	1.0	901212	123	34	45	56	68	819008
7997	5	1.0	901212	1211	1110	109	919009
7647	4	1.0	901212	1211	1110	1019010
7958	3	1.0	901212	1211	1119011
7939	3	1.0	901212	1213	1319013
7707	4	1.0	901212	1211	1114	1419014
7757	5	1.0	901212	1211	1114	1415	1519015
7396	5	1.0	901212	1211	1110	1016	1619016
8119	6	1.0	901212	1211	1110	1016	1617	1719017
7486	6	1.0	901212	1211	1110	1016	1618	1819018
7238	6	1.0	901212	1211	1114	1415	1519	1919019
7437	6	1.0	901212	1213	1324	2421	2120	2019020
7907	5	1.0	901212	1213	1324	2421	2119021
8055	6	1.0	901212	1213	1324	2421	2122	2219022
8125	5	1.0	901212	1213	1324	2423	2319023
7657	4	1.0	901212	1213	1324	2419024
7446	5	1.0	901313	1312	123	31	119001
8050	6	1.0	901313	1312	123	31	12	219002
8021	4	1.0	901313	1312	123	319003
7655	5	1.0	901313	1312	123	34	419004
7693	7	1.0	901313	1312	123	34	45	56	619006
8064	7	1.0	901313	1324	2421	2120	2018	187	719007
7753	8	1.0	901313	1312	123	34	45	56	68	819008
7525	6	1.0	901313	1312	1211	1110	109	919009
7592	5	1.0	901313	1312	1211	1110	1019010
7455	4	1.0	901313	1312	1211	1119011
7582	3	1.0	901313	1312	1219012
7780	5	1.0	901313	1324	2423	2314	1419014
7575	6	1.0	901313	1324	2421	2122	2215	1519015
7892	6	1.0	901313	1312	1211	1110	1016	1619016
7742	8	1.0	901313	1324	2421	2122	2215	1519	1917	1719017
7564	7	1.0	901313	1324	2421	2122	2215	1519	1919019
7924	5	1.0	901313	1324	2421	2120	2019020
8024	4	1.0	901313	1324	2421	2119021
8035	5	1.0	901313	1324	2421	2122	2219022
7301	4	1.0	901313	1324	2423	2319023
8310	3	1.0	901313	1324	2419024
7240	6	1.0	901414	1411	1112	123	31	119001
8447	7	1.0	901414	1411	114	45	56	62	219002
8398	5	1.0	901414	1411	1112	123	319003
8037	4	1.0	901414	1411	114	419004
7909	6	1.0	901414	1411	114	45	56	619006
8109	8	1.0	901414	1415	1519	1917	1716	1618	187	719007
7713	7	1.0	901414	1415	1519	1917	1716	168	819008
7685	5	1.0	901414	1411	1110	109	919009
7529	4	1.0	901414	1411	1110	1019010
7900	3	1.0	901414	1411	1119011
8089	4	1.0	901414	1411	1112	1219012
7339	5	1.0	901414	1423	2324	2413	1319013
7615	3	1.0	901414	1415	1519015
7672	6	1.0	901414	1415	1519	1917	1716	1619016
7309	5	1.0	901414	1415	1519	1917	1719017
7376	4	1.0	901414	1415	1519	1919019
8183	5	1.0	901414	1415	1519	1920	2019020
7509	5	1.0	901414	1423	2324	2421	2119021
7776	4	1.0	901414	1415	1522	2219022
7751	3	1.0	901414	1423	2319023
7341	4	1.0	901414	1423	2324	2419024
7577	7	1.0	901515	1514	1411	1112	123	31	119001
8514	8	1.0	901515	1519	1917	1716	168	86	62	219002
8387	6	1.0	901515	1514	1411	1112	123	319003
7815	5	1.0	901515	1514	1411	114	419004
7261	7	1.0	901515	1519	1917	1716	168	86	619006
8220	7	1.0	901515	1519	1917	1716	1618	187	719007
7559	6	1.0	901515	1519	1917	1716	168	819008
7343	4	1.0	901515	1510	109	919009
7345	3	1.0	901515	1510	1019010
7833	4	1.0	901515	1514	1411	1119011
7859	5	1.0	901515	1514	1411	1112	1219012
8365	6	1.0	901515	1522	2221	2124	2413	1319013
7639	3	1.0	901515	1514	1419014
7991	5	1.0	901515	1519	1917	1716	1619016
7709	4	1.0	901515	1519	1917	1719017
7517	6	1.0	901515	1519	1917	1716	1618	1819018
7484	3	1.0	901515	1519	1919019
7285	4	1.0	901515	1519	1920	2019020
7552	4	1.0	901515	1522	2221	2119021
7629	3	1.0	901515	1522	2219022
7256	4	1.0	901515	1522	2223	2319023
8432	5	1.0	901515	1522	2221	2124	2419024
7319	6	1.0	901616	168	86	62	21	119001
8259	5	1.0	901616	168	86	62	219002
8391	7	1.0	901616	168	86	65	54	43	319003
7311	6	1.0	901616	168	86	65	54	419004
7439	4	1.0	901616	168	86	619006
7474	4	1.0	901616	1618	187	719007
7511	3	1.0	901616	168	819008
7527	4	1.0	901616	1610	109	919009
7513	3	1.0	901616	1610	1019010
7947	4	1.0	901616	1610	1011	1119011
7759	5	1.0	901616	1610	1011	1112	1219012
7930	6	1.0	901616	1610	1011	1112	1213	1319013
7702	6	1.0	901616	1617	1719	1915	1514	1419014
7766	5	1.0	901616	1617	1719	1915	1519015
7275	3	1.0	901616	1617	1719017
7279	3	1.0	901616	1618	1819018
7554	4	1.0	901616	1617	1719	1919019
7695	4	1.0	901616	1618	1820	2019020
7263	7	1.0	901616	1617	1719	1915	1522	2221	2119021
7347	6	1.0	901616	1617	1719	1915	1522	2219022
7478	7	1.0	901616	1617	1719	1915	1522	2223	2319023
7378	7	1.0	901717	1716	168	86	62	21	119001
7835	6	1.0	901717	1716	168	86	62	219002
7313	8	1.0	901717	1716	168	86	65	54	43	319003
8223	7	1.0	901717	1716	168	86	65	54	419004
7674	5	1.0	901717	1716	168	86	619006
7659	5	1.0	901717	1716	1618	187	719007
7457	4	1.0	901717	1716	168	819008
7811	5	1.0	901717	1716	1610	109	919009
7600	4	1.0	901717	1716	1610	1019010
7414	5	1.0	901717	1716	1610	1011	1119011
8000	6	1.0	901717	1716	1610	1011	1112	1219012
7799	8	1.0	901717	1719	1915	1522	2221	2124	2413	1319013
7515	5	1.0	901717	1719	1915	1514	1419014
7932	4	1.0	901717	1719	1915	1519015
7265	3	1.0	901717	1716	1619016
7649	3	1.0	901717	1719	1919019
7698	4	1.0	901717	1719	1920	2019020
8176	6	1.0	901717	1719	1915	1522	2221	2119021
7548	5	1.0	901717	1719	1915	1522	2219022
7349	6	1.0	901717	1719	1915	1522	2223	2319023
7922	7	1.0	901717	1719	1915	1522	2221	2124	2419024
7681	5	1.0	901818	1816	1610	109	919009
7635	6	1.0	901818	1816	1610	1011	1112	1219012
8511	3	1.0	901818	1816	1619016
7242	7	1.0	901818	187	78	86	62	21	119001
7398	5	1.0	901818	1816	1617	1719	1919019
8423	8	1.0	901919	1917	1716	168	86	62	21	119001
9332	7	1.0	901919	1917	1716	168	86	62	219002
8400	8	1.0	901919	1917	1716	168	86	65	54	419004
7533	6	1.0	901919	1917	1716	168	86	619006
8269	6	1.0	901919	1917	1716	1618	187	719007
7962	5	1.0	901919	1917	1716	168	819008
8158	6	1.0	901919	1917	1716	1610	109	919009
8265	5	1.0	901919	1917	1716	1610	1019010
7823	5	1.0	901919	1915	1514	1411	1119011
8291	8	1.0	901919	1915	1522	2221	2124	2413	1312	1219012
7902	7	1.0	901919	1915	1522	2221	2124	2413	1319013
7606	4	1.0	901919	1915	1514	1419014
7480	3	1.0	901919	1915	1519015
7380	4	1.0	901919	1917	1716	1619016
7295	3	1.0	901919	1917	1719017
7382	3	1.0	901919	1920	2019020
8271	5	1.0	901919	1915	1522	2221	2119021
7277	4	1.0	901919	1915	1522	2219022
7258	5	1.0	901919	1915	1522	2223	2319023
7488	6	1.0	901919	1915	1522	2221	2124	2419024
8473	8	1.0	902020	2018	187	78	86	62	21	119001
8523	7	1.0	902020	2018	187	78	86	62	219002
7837	8	1.0	902020	2018	187	78	86	65	54	419004
8170	6	1.0	902020	2018	187	78	86	619006
7441	4	1.0	902020	2018	187	719007
7448	5	1.0	902020	2018	187	78	819008
7983	6	1.0	902020	2018	1816	1610	109	919009
7919	5	1.0	902020	2018	1816	1610	1019010
7877	6	1.0	902020	2019	1915	1514	1411	1119011
7618	6	1.0	902020	2021	2124	2413	1312	1219012
7303	5	1.0	902020	2021	2124	2413	1319013
7829	5	1.0	902020	2019	1915	1514	1419014
7425	4	1.0	902020	2019	1915	1519015
7329	4	1.0	902020	2018	1816	1619016
7365	4	1.0	902020	2019	1917	1719017
7497	3	1.0	902020	2019	1919019
7739	3	1.0	902020	2021	2119021
7468	3	1.0	902020	2022	2219022
7281	4	1.0	902020	2022	2223	2319023
7744	4	1.0	902020	2021	2124	2419024
8443	7	1.0	902121	2124	2413	1312	123	31	119001
7732	7	1.0	902121	2124	2413	1312	123	34	419004
8227	7	1.0	902121	2120	2018	187	78	86	619006
7778	5	1.0	902121	2120	2018	187	719007
8242	6	1.0	902121	2120	2018	187	78	819008
7942	6	1.0	902121	2122	2215	1510	109	919009
7357	5	1.0	902121	2122	2215	1510	1019010
7755	6	1.0	902121	2124	2423	2314	1411	1119011
8069	5	1.0	902121	2124	2413	1312	1219012
7267	4	1.0	902121	2124	2413	1319013
8199	5	1.0	902121	2124	2423	2314	1419014
7321	4	1.0	902121	2122	2215	1519015
7602	7	1.0	902121	2122	2215	1519	1917	1716	1619016
7904	6	1.0	902121	2122	2215	1519	1917	1719017
7476	5	1.0	902121	2122	2215	1519	1919019
7287	3	1.0	902121	2120	2019020
7335	3	1.0	902121	2122	2219022
7871	4	1.0	902121	2124	2423	2319023
8380	3	1.0	902121	2124	2419024
7986	8	1.0	902222	2221	2124	2413	1312	123	31	119001
8488	8	1.0	902222	2220	2018	187	78	86	62	219002
7728	7	1.0	902222	2221	2124	2413	1312	123	319003
7331	6	1.0	902222	2223	2314	1411	114	419004
7971	7	1.0	902222	2220	2018	187	78	86	619006
7523	5	1.0	902222	2220	2018	187	719007
7408	6	1.0	902222	2220	2018	187	78	819008
7609	5	1.0	902222	2215	1510	109	919009
7400	4	1.0	902222	2215	1510	1019010
8100	5	1.0	902222	2223	2314	1411	1119011
7761	6	1.0	902222	2221	2124	2413	1312	1219012
7783	5	1.0	902222	2221	2124	2413	1319013
7351	4	1.0	902222	2223	2314	1419014
7546	3	1.0	902222	2215	1519015
7570	6	1.0	902222	2215	1519	1917	1716	1619016
7367	5	1.0	902222	2215	1519	1917	1719017
7405	4	1.0	902222	2215	1519	1919019
7325	3	1.0	902222	2220	2019020
7244	3	1.0	902222	2221	2119021
7431	3	1.0	902222	2223	2319023
7297	4	1.0	902222	2221	2124	2419024
7718	7	1.0	902323	2324	2413	1312	123	31	119001
8361	6	1.0	902323	2324	2413	1312	123	319003
7289	5	1.0	902323	2314	1411	114	419004
8186	7	1.0	902323	2314	1411	114	45	56	619006
8298	6	1.0	902323	2322	2220	2018	187	719007
7955	7	1.0	902323	2322	2220	2018	187	78	819008
8127	6	1.0	902323	2314	1411	1110	109	919009
8146	5	1.0	902323	2314	1411	1110	1019010
7820	4	1.0	902323	2314	1411	1119011
8295	5	1.0	902323	2324	2413	1312	1219012
7651	4	1.0	902323	2324	2413	1319013
7895	3	1.0	902323	2314	1419014
7704	4	1.0	902323	2322	2215	1519015
7879	7	1.0	902323	2322	2215	1519	1917	1716	1619016
7519	6	1.0	902323	2322	2215	1519	1917	1719017
7579	5	1.0	902323	2322	2220	2018	1819018
7499	5	1.0	902323	2322	2215	1519	1919019
7541	4	1.0	902323	2322	2220	2019020
8229	4	1.0	902323	2324	2421	2119021
7633	3	1.0	902323	2322	2219022
