1886	7234
2990	7236
3309	7238
3647	7240
5352	7242
6695	7244
427	7246
446	7248
2802	7250
598	7252
3069	7254
4347	7256
5695	7258
569	7252
3951	7261
4839	7263
5173	7265
6152	7267
400	7269
475	7271
1382	7273
2790	7250
4694	7275
5686	7277
4727	7279
6057	7281
2807	7250
3096	7283
4232	7285
6220	7287
6806	7289
1343	7291
2396	7293
5598	7295
6781	7297
846	7299
3630	7301
5857	7303
1766	7305
225	7307
3824	7309
4391	7311
4896	7313
495	7315
629	7317
4366	7319
6165	7321
53	7323
6680	7325
2213	7327
5938	7329
6322	7331
1844	7333
6265	7335
2317	7337
3774	7339
3927	7341
3983	7343
4037	7345
4843	7347
5323	7349
6497	7351
6676	7325
642	7317
2443	7354
5698	7258
6125	7357
6504	7351
172	7360
5932	7329
67	7362
1850	7333
2306	7337
5898	7329
5960	7365
6598	7367
1094	7369
2193	7371
3083	7373
3616	7301
3842	7376
4880	7378
5588	7380
5646	7382
2255	7337
2266	7337
2747	7250
207	7386
2421	7293
1940	7389
5628	7295
2163	7392
3088	7394
6498	7351
3274	7396
5434	7398
6392	7400
2555	7402
4715	7275
6643	7405
6173	7321
6352	7408
1517	7410
720	7412
5037	7414
135	7416
2345	7418
4382	7311
2219	7327
2490	7421
2949	7423
2271	7337
4692	7275
5873	7425
162	7427
2313	7337
2398	7293
2609	7429
3068	7254
6745	7431
2050	7433
3022	7435
3315	7437
4398	7439
5742	7441
6663	7325
1667	7444
1923	7389
2951	7423
3360	7446
5765	7448
597	7252
1584	7450
1900	7452
1995	7389
3461	7455
4947	7457
782	7459
2579	7461
5977	7365
7144	7464
1238	7466
6042	7468
437	7248
756	7471
3975	7343
3018	7435
4439	7474
6213	7476
644	7317
4869	7478
5557	7480
115	7482
4197	7484
3301	7486
5704	7488
2190	7371
6327	7331
6429	7400
698	7492
767	7494
2048	7433
5133	7265
5996	7497
7006	7499
671	7501
1529	7410
2222	7327
3834	7309
991	7504
1338	7291
517	7506
4848	7347
5174	7265
6365	7408
3864	7509
4490	7511
4532	7513
5092	7515
4176	7517
6973	7519
522	7506
2205	7371
6341	7523
2423	7293
2581	7461
3413	7525
4506	7527
3714	7529
556	7252
835	7531
5453	7533
5762	7448
50	7323
2447	7354
25	7535
951	7537
3713	7529
717	7412
2394	7293
6622	7367
7026	7541
603	7252
2121	7433
3118	7544
5134	7265
6546	7546
5294	7548
1874	7550
4265	7552
4759	7554
6763	7431
358	7557
3965	7559
4246	7285
433	7248
2511	7562
3579	7564
361	7566
1174	7568
2135	7433
2741	7250
6560	7570
1997	7389
656	7572
1789	7305
3544	7575
3932	7577
4847	7347
6743	7431
6990	7579
2600	7461
3508	7582
4410	7474
6618	7367
1459	7410
2495	7562
3003	7587
3832	7309
1632	7589
3072	7373
3424	7592
4835	7263
855	7299
2069	7433
2959	7595
4517	7527
781	7459
1249	7598
2724	7250
4980	7600
6181	7602
1423	7604
3542	7575
3840	7376
5523	7606
3779	7339
5894	7329
6373	7609
143	7416
1746	7612
1930	7389
3108	7283
3785	7615
5659	7382
5845	7618
461	7620
680	7622
4036	7345
4712	7275
6569	7570
485	7315
836	7531
3696	7529
6617	7367
1323	7626
3479	7582
4318	7629
4459	7511
5533	7480
6121	7357
7043	7633
2117	7433
5399	7635
5435	7398
758	7637
1478	7410
2305	7337
4098	7639
7208	7641
1660	7643
7025	7541
445	7248
1394	7645
1484	7410
3158	7647
5202	7649
6906	7651
7180	7653
3385	7655
7049	7633
425	7246
2053	7433
3346	7657
4926	7659
895	7661
2789	7250
2882	7663
6004	7497
3074	7373
3783	7615
4443	7474
5046	7414
6516	7546
168	7360
3082	7373
5321	7349
6108	7357
95	7670
3807	7672
4921	7674
5993	7497
6678	7325
6703	7244
6780	7297
664	7572
724	7677
2707	7679
5376	7681
6242	7335
6564	7570
2070	7433
3449	7455
3683	7685
3971	7559
4383	7311
7210	7641
784	7459
977	7537
1651	7643
1728	7690
4349	7256
482	7271
3392	7693
4819	7695
5017	7600
5244	7698
4038	7345
336	7700
476	7271
1668	7444
4658	7702
6940	7704
1812	7333
1813	7333
3262	7707
4164	7709
975	7537
1329	7711
3680	7713
7221	7715
3518	7582
6704	7244
1908	7452
6547	7546
4984	7600
6792	7718
6988	7579
6339	7523
153	7720
970	7537
1137	7722
1673	7444
4747	7279
4813	7695
5599	7295
1286	7726
2013	7389
6315	7728
2900	7663
4580	7513
6081	7732
200	7386
2220	7327
4032	7345
563	7252
1109	7369
2628	7736
3934	7577
4095	7639
6011	7739
6338	7523
2477	7421
3574	7742
5603	7295
6069	7744
6987	7579
192	7746
1557	7748
1943	7389
3061	7254
3909	7751
4812	7695
4202	7484
1462	7410
1534	7410
2397	7293
3020	7435
3409	7753
3510	7582
4716	7275
4870	7478
6133	7755
665	7572
897	7661
2002	7389
2249	7337
2750	7250
3270	7757
4643	7759
4849	7347
5246	7698
6468	7761
7179	7653
5377	7681
34	7763
1155	7568
6267	7335
4672	7766
5374	7681
468	7768
945	7537
2267	7337
4270	7629
5436	7398
6659	7325
2346	7418
3483	7582
4322	7629
4915	7674
5016	7600
5203	7649
5600	7295
60	7323
529	7773
2524	7402
3875	7776
4464	7511
6092	7778
7050	7633
1937	7389
3538	7780
4222	7484
5140	7265
5895	7329
5902	7329
6489	7783
1633	7589
2314	7337
888	7785
1079	7787
1258	7789
2073	7433
3893	7751
313	7792
550	7794
2656	7796
3677	7713
4278	7629
5074	7799
2067	7433
6566	7570
916	7801
1214	7803
6543	7546
1434	7805
4688	7275
5136	7265
6171	7321
6748	7431
2883	7663
6899	7651
74	7362
1770	7305
2347	7418
3009	7809
4972	7811
2116	7433
2835	7813
3942	7815
4361	7319
6217	7287
1152	7568
3043	7818
6876	7820
5277	7548
5510	7823
6179	7602
383	7269
1891	7234
990	7504
1652	7643
1752	7612
1847	7333
2636	7736
3895	7751
4409	7474
5859	7829
6694	7244
210	7831
4065	7833
4718	7275
4887	7835
5647	7382
5717	7837
6147	7267
6999	7579
7184	7841
506	7843
567	7252
1082	7845
689	7847
919	7849
3985	7343
6391	7400
6422	7400
1907	7452
2935	7423
4415	7474
156	7720
1527	7410
2068	7433
3472	7582
6074	7744
261	7854
346	7856
841	7531
4086	7859
6044	7468
7101	7861
747	7863
1026	7865
2795	7250
5939	7329
6519	7546
921	7849
2274	7337
3876	7776
236	7868
1199	7803
6280	7871
6541	7546
6998	7579
17	7873
301	7875
1196	7803
2000	7389
5833	7877
6954	7879
182	7881
196	7883
297	7885
1810	7333
3566	7742
5538	7480
133	7888
1804	7333
282	7890
2191	7371
3562	7892
3784	7615
5931	7329
5934	7329
144	7416
4077	7833
6644	7405
6928	7895
1176	7568
1406	7897
2566	7402
3050	7818
3724	7900
5517	7902
5585	7380
6202	7904
6182	7602
1252	7789
5764	7448
3317	7907
3670	7909
3711	7529
4690	7275
1049	7911
2237	7327
4772	7695
5505	7823
6803	7289
2526	7402
4779	7695
1271	7726
1310	7626
1458	7410
5802	7919
3725	7900
5077	7515
5330	7922
1147	7568
3591	7924
7079	7926
5554	7480
4389	7311
4518	7527
6512	7546
6517	7546
6647	7405
2679	7928
4288	7629
4654	7930
5121	7932
4687	7275
693	7847
2065	7433
4540	7513
5363	7242
6022	7468
6065	7281
2499	7562
2607	7429
3514	7582
3833	7309
3995	7345
4276	7629
2006	7389
3201	7939
4256	7552
6105	7942
29	7944
971	7537
2388	7293
4074	7833
61	7323
4749	7279
992	7504
1532	7410
1576	7748
2836	7813
4607	7947
6372	7609
254	7949
1037	7865
3796	7615
4696	7275
5839	7877
6477	7783
6821	7955
1474	7410
1944	7389
2043	7433
2257	7337
2462	7354
3193	7958
5526	7606
5421	7398
136	7416
1793	7305
2214	7327
3486	7582
5461	7962
605	7252
873	7299
5849	7618
7045	7633
972	7537
1562	7748
2384	7293
4733	7279
5365	7242
6398	7400
1139	7722
1583	7450
2804	7250
3184	7958
5437	7398
1683	7967
1702	7969
3894	7751
4897	7313
5372	7681
6332	7971
6548	7546
2986	7236
4944	7457
290	7974
1857	7333
6003	7497
7065	7633
601	7252
655	7572
7219	7715
1760	7977
2001	7389
2275	7337
5610	7295
6696	7244
1220	7979
1635	7589
5586	7380
1013	7981
1081	7845
1211	7803
2486	7421
4659	7702
6354	7408
3820	7309
5398	7635
4461	7511
5792	7983
6017	7739
6301	7986
6705	7244
1574	7748
3236	7939
4	7989
950	7537
1662	7643
4116	7991
6087	7778
6662	7325
6896	7651
6970	7519
499	7843
2995	7587
3835	7309
5012	7600
5801	7919
7228	7715
2653	7796
3156	7997
5531	7480
363	7566
435	7248
1354	7291
3162	7647
5054	8000
2686	7928
4411	7474
1926	7389
5080	7515
5227	7698
2797	7250
5805	7919
6028	7468
6234	7335
6290	7871
1559	7748
3095	7283
3374	7655
3773	7339
6335	7971
1212	7803
2316	7337
2963	7595
3293	7486
3885	7776
5146	7265
6428	7400
66	7362
77	8009
2496	7562
5217	7649
5807	7919
1713	8012
1880	7550
2913	8015
3991	7345
5049	7414
6802	7289
6187	7602
3014	7809
6878	7820
7001	7579
1481	7410
3211	7939
6386	7400
743	8019
1195	7803
1924	7389
3368	8021
5884	7425
6938	7704
314	7792
2743	7250
3375	7655
3594	8024
4495	7511
5147	7265
257	7949
2180	7392
3780	7339
4285	7629
4786	7695
6698	7244
7052	7633
1951	7389
2039	7433
2221	7327
4390	7311
4544	7513
1763	7305
2204	7371
2268	7337
6281	7871
3119	7544
4237	7285
6006	7497
198	8028
3891	7751
5959	7365
700	7492
2798	7250
3257	7707
3984	7343
4542	7513
127	7888
2385	7293
2599	7461
5199	7649
6563	7570
571	7252
6102	7942
6633	7405
7169	7653
1291	7726
1811	7333
3241	7939
3612	8035
4583	7513
4814	7695
5048	7414
5979	7365
2507	7562
2800	7250
3659	8037
6646	7405
7122	7861
7139	7464
137	7416
2075	7433
4893	7835
180	7881
3423	7592
4199	7484
1678	7967
4107	7639
5137	7265
5676	7277
6744	7431
7170	7653
690	7847
1722	8046
1726	7690
2386	7293
4879	7378
6969	7519
380	7269
824	8048
2218	7327
2270	7337
3015	7809
3302	7486
4820	7695
6426	7400
7211	7641
1303	7626
2322	7337
3366	8050
6929	7895
206	7386
1035	7865
1246	7598
3099	7283
4120	7991
1020	7865
1630	7589
2853	8053
4384	7311
5296	7548
5908	7329
5940	7329
3327	8055
4713	7275
6525	7546
7017	7541
3042	7818
4537	7513
5781	7448
322	7792
353	7557
3604	8035
6524	7546
739	8019
2371	7418
2476	7421
4219	7484
5632	7295
501	7843
2950	7423
3401	8064
4731	7279
4956	7457
6400	7400
6478	7783
7196	7641
4131	7991
4279	7629
6144	8069
923	8071
4732	7279
6700	7244
7161	8073
2897	7663
2922	8015
3151	7997
323	7792
3145	8077
3485	7582
4967	7811
6045	7468
7053	7633
3688	7685
5061	8000
5324	7349
6779	7297
276	8082
1756	7977
2136	7433
3359	7446
3509	7582
6068	7744
6346	7523
1593	8086
2207	7371
5414	7635
5634	7295
1845	7333
2425	7293
6600	7367
558	7252
2372	7418
3763	8089
4526	7513
4638	7759
5905	7329
3010	7809
6597	7367
47	8092
398	7269
811	8094
853	7299
1920	7389
6109	7357
273	8082
1308	7626
1334	7711
2556	7402
5124	7932
5248	7698
6965	7879
845	7299
2596	7461
4493	7511
5820	7919
6444	8100
7007	7499
2426	7293
4990	7600
5143	7265
645	7317
1910	7452
3076	7373
6393	7400
6895	7651
399	7269
752	7471
978	7537
1022	7865
5892	7329
6927	7895
167	7360
1118	7722
2192	7371
5466	7962
1717	8046
2516	7402
2559	7402
2875	7663
3164	7647
4665	7702
1621	8107
2272	7337
2725	7250
2964	7595
3674	8109
3815	7672
4238	7285
6957	7879
244	8112
5685	7277
1262	7726
4258	7552
6766	7431
1363	8114
1377	8116
4130	7991
5860	7829
68	7362
1018	7865
2914	8015
3267	7757
3284	8119
3422	7592
2342	7418
2393	7293
3477	7582
3676	7713
6012	7739
6231	7335
3318	7907
4201	7484
6583	7570
697	7492
1464	7410
2179	7392
6972	7519
7	7873
3235	7939
3478	7582
6302	7986
1446	8123
3337	8125
3976	7343
5231	7698
5893	7329
6768	7431
6831	8127
3841	7376
3866	7509
5073	7799
2216	7327
4935	7659
3977	7343
142	7416
1624	8107
3568	7742
4314	7629
1787	7305
2978	7595
4316	7629
6083	7732
7178	7653
52	7323
2691	8132
3278	7396
194	7883
566	7252
4317	7629
199	8028
5060	8000
6974	7519
42	8092
432	7248
1198	7803
4035	7345
44	8092
1643	7589
2044	7433
4868	7478
5741	7441
7162	8073
552	7252
600	7252
6989	7579
2733	7250
3884	7776
4255	7552
5411	7635
5897	7329
6701	7244
1807	7333
1916	7389
262	7854
803	8140
5995	7497
2424	7293
2715	7679
3554	7892
5275	7548
5739	7441
28	7944
2584	7461
3138	8144
6055	7281
6844	8146
7008	7499
3376	7655
3470	7582
1855	7333
1875	7550
2921	8015
4470	7511
4587	7513
18	7873
4141	7709
4670	7766
6212	7476
6840	8146
436	7248
488	7315
2554	7402
4044	7345
5351	7242
6063	7281
1071	8149
1666	7444
2055	7433
2654	7796
2792	7250
3384	7655
6194	7904
89	8009
2666	7796
4689	7275
4817	7695
123	8154
2531	7402
1701	7969
2349	7418
4573	7513
4637	7759
6245	7335
1197	7803
5822	7919
6740	7431
2754	7250
4146	7709
357	7557
3698	7529
4287	7629
5101	7932
6123	7357
3106	7283
6385	7400
726	7677
911	7801
2059	7433
3567	7742
6599	7367
5472	8158
2665	7796
4785	7695
5465	7962
65	7362
564	7252
4313	7629
4901	7313
5953	7365
6025	7468
893	7661
2350	7418
2565	7402
477	7271
2045	7433
3092	8161
5072	7799
5311	7349
5782	7448
5929	7329
7093	7926
4075	7833
5627	7295
596	7252
3552	7892
288	8165
294	7885
454	7620
2188	7371
3349	7446
6467	7761
3194	7958
5731	8170
844	7299
1369	8116
1897	7452
2168	7392
6843	8146
378	7269
570	7252
2595	7461
3130	7544
4574	7513
4576	7513
4630	7947
4875	7478
5259	8176
7229	7715
1990	7389
3418	7525
3990	7345
4266	7552
4489	7511
5090	7515
7100	7861
2442	7354
4776	7695
527	8179
2583	7461
2834	7813
4981	7600
5726	8170
6240	7335
6864	7820
3212	7939
3859	8183
4274	7629
4957	7457
6494	7351
7217	7715
851	7299
4588	7513
5148	7265
5469	8158
324	7792
463	7620
2929	7423
4039	7345
5106	7932
5694	7258
6810	8186
7200	7641
2931	7423
5803	7919
7198	7641
1267	7726
1790	7305
2114	7433
4681	7766
6305	7986
6367	7408
6930	7895
995	7504
6318	7728
6916	7895
848	7299
1186	8192
1306	7626
2395	7293
4978	7600
5767	7448
6636	7405
1156	7568
38	7763
1067	8149
1270	7726
3660	8037
4447	7474
4650	7930
6793	7718
6991	7579
1851	7333
2705	7679
3041	7818
4811	7695
6835	8127
2984	7236
3208	7939
3808	7672
402	7269
673	7501
1922	7389
2008	7389
2557	7402
3805	7672
3914	7751
6157	8199
1402	8201
5171	7265
6148	7267
6632	7405
3750	7900
4613	7947
7149	8073
1725	7690
452	7620
1709	8012
7082	7926
7105	7861
829	8206
2534	7402
1191	8192
1466	7410
3216	7939
4988	7600
272	8082
6473	7761
1266	7726
2748	7250
3748	7900
4491	7511
5701	7488
6122	7357
6479	7783
188	8211
1762	7305
2528	7402
5175	7265
5215	7649
5674	7277
547	7794
1073	8214
2646	8216
3852	8183
6581	7570
1200	7803
2318	7337
4548	7513
4628	7947
4679	7766
6264	7335
59	7323
1157	7568
1213	7803
5082	7515
5834	7877
5907	7329
1019	7865
2708	7679
3873	7776
4096	7639
5274	7548
6619	7367
6203	7904
7099	7861
493	7315
1333	7711
6232	7335
2009	7389
2012	7389
2877	7663
4008	7345
4686	7275
5055	8000
5362	7242
7227	7715
1873	7550
4945	7457
856	7299
3543	7575
3631	7301
6868	7820
81	8009
1465	7410
2857	8053
3030	7435
3955	8220
6584	7570
6963	7879
3621	7301
4472	7511
4934	7659
6565	7570
643	7317
3619	7301
4115	7991
5178	7265
2652	7796
2740	7250
3411	7525
994	7504
2319	7337
3507	7582
3994	7345
51	7323
2948	7423
4310	7629
3553	7892
5011	7600
834	7531
4615	7947
6420	7400
232	7868
3751	7900
4903	8223
3084	7373
4781	7695
6596	7367
184	8225
2074	7433
3215	7939
3426	7592
3471	7582
4545	7513
5975	7365
2120	7433
3350	7446
4468	7511
5719	7837
7044	7633
1148	7568
2582	7461
4769	7695
6085	8227
6241	7335
7039	8229
2448	7354
5180	7265
6604	7367
252	8231
1672	7444
1992	7389
2585	7461
3172	7647
3183	7958
3854	8183
4000	7345
5736	7441
5763	7448
5817	7919
292	7974
2985	7236
4492	7511
1476	7410
6980	7519
3322	8055
5281	7548
2061	7433
6268	7335
1730	7690
6005	7497
6488	7783
2133	7433
5268	8176
1769	7305
1895	7452
2464	7354
4861	7347
1989	7389
1993	7389
2637	7736
2664	7796
2736	7250
2910	8015
6399	7400
2472	7421
2562	7402
3152	7997
3210	7939
3697	7529
4099	7639
3425	7592
6153	7267
385	7269
1650	7643
2622	7429
3206	7939
3871	7776
4543	7513
7068	7633
1767	7305
2809	7250
4745	7279
4787	7695
871	7299
4924	7659
4982	7600
6019	7739
935	8240
3728	7900
6095	8242
1629	7589
1757	7977
6233	7335
6562	7570
6746	7431
2137	7433
2529	7402
3786	7615
462	7620
467	7768
6679	7325
6964	7879
1024	7865
1479	7410
3584	7924
6138	7755
7033	8229
3684	7685
6164	7321
6340	7523
1885	7234
2351	7418
4118	7991
6722	7244
947	7537
1721	8046
2004	7389
3213	7939
5635	7295
6907	7651
2049	7433
2311	7337
3428	7592
3561	7892
4539	7513
5139	7265
6523	7546
332	8248
1456	7410
2444	7354
3603	8035
5571	7380
5735	7441
1111	7369
2867	8053
3417	7525
5605	7295
6518	7546
6656	7325
6765	7431
3754	7900
5181	7265
5196	7649
351	7557
1707	8012
4680	7766
4217	7484
5297	7548
5333	7922
6320	7331
7046	7633
1645	7589
4466	7511
4668	7766
5451	7533
5658	7382
379	7269
1461	7410
7083	7926
1523	7410
1611	8107
2058	7433
2753	7250
3848	7376
5233	7698
6505	7351
1942	7389
6729	7244
1806	7333
1872	7550
4584	7513
6587	7570
1693	7969
2215	7327
3310	7437
3480	7582
3596	8024
4471	7511
4649	7930
6912	7895
4884	7378
6238	7335
1150	7568
3332	8125
1149	7568
4371	8259
4840	7263
4888	7835
1194	7803
4664	7702
4734	7279
6172	7321
6326	7331
2066	7433
5962	7365
6261	7335
815	8261
2056	7433
3898	7751
4076	7833
5354	7242
924	8071
3116	7544
4119	7991
4374	8259
5936	7329
6655	7325
7091	7926
6064	7281
6381	7609
6807	7289
946	7537
1747	7612
5470	8158
5478	8265
2387	7293
1138	7722
2878	7663
3032	7435
4166	7709
4271	7629
1039	7865
2674	8267
5458	8269
5666	8271
2852	8053
3931	7577
5630	7295
5982	7365
790	7459
1201	7803
1608	8274
3874	7776
4460	7511
5609	7295
6855	8146
1856	7333
3053	7818
1370	8116
2508	7562
5799	7919
734	7677
1477	7410
1772	7305
3307	7238
3323	8055
3970	7559
6720	7244
6941	7704
2727	7250
3646	7240
4003	7345
4177	7517
6915	7895
159	8279
828	8206
2003	7389
2965	7595
3586	7924
5532	7480
150	8281
3459	7455
4150	7709
5033	7414
658	7572
878	7299
4778	7695
212	7831
1235	8284
2321	7337
3618	7301
4810	7695
1884	7234
6137	7755
535	7773
3953	7261
1087	7845
1288	7726
1899	7452
2533	7402
5587	7380
6244	7335
632	7317
1210	7803
3204	7939
5754	7441
2235	7327
6788	7297
1563	7748
4507	7527
6101	7942
1591	8086
2169	7392
2460	7354
2734	7250
4533	7513
3726	7900
5515	8291
894	7661
3352	7446
6949	7704
4002	7345
7051	7633
3923	7341
5903	7329
6070	7744
516	7506
1321	7626
2896	7663
6884	8295
6024	7468
2845	7813
2975	7595
5349	7242
6396	7400
6981	7519
604	7252
1025	7865
2348	7418
4396	7439
6201	7904
6818	8298
93	7670
1003	7504
1075	8214
6797	7718
1530	7410
2854	8053
6971	7519
2352	7418
5556	7480
5823	7919
6195	7904
1442	8303
1682	7967
2370	7418
6727	7244
5198	7649
5668	8271
6830	8127
1245	7598
3004	7587
3993	7345
4766	7554
1524	7410
2261	7337
5047	7414
5994	7497
6814	8298
4277	7629
5783	7448
6282	7871
1352	7291
1520	7410
2846	7813
6046	7468
6822	7955
6926	7895
2263	7337
3303	7486
3668	7909
5481	8265
6321	7331
3243	7939
5901	7329
6431	7400
626	7317
2869	8053
5266	8176
6616	7367
2127	7433
7048	7633
974	7537
3974	7343
5355	7242
5260	8176
7167	7653
165	7427
3109	7283
3788	7615
5214	7649
6193	7904
1909	7452
1950	7389
2680	7928
2746	7250
3643	8310
4370	8259
4946	7457
5107	7932
6953	7879
9	7873
1272	7726
413	7246
1221	7979
2259	7337
6879	7820
7186	7841
3128	7544
6394	7400
1231	8284
2519	7402
2977	7595
6331	7971
299	7875
342	7700
606	7252
1947	7389
3185	7958
4283	7629
5978	7365
5980	7365
3473	7582
4974	7811
5272	7548
2125	7433
3610	8035
4165	7709
7199	7641
949	7537
3342	7657
7019	7541
1264	7726
3795	7615
6522	7546
1853	7333
5267	8176
216	8317
1088	7845
1918	7389
5056	8000
6207	7476
6330	7971
7030	8229
2580	7461
2620	7429
3182	7958
942	7537
1472	7410
2521	7402
4673	7766
5389	7681
5672	7277
6827	7955
702	7492
1175	7568
2126	7433
2866	8053
2933	7423
3928	7341
4765	7554
5397	7635
4577	7513
3860	8183
4494	7511
1623	8107
4247	7285
6013	7739
599	7252
1172	7568
1330	7711
2072	7433
3358	7446
3821	7309
5626	7295
5589	7380
3273	7396
4671	7766
5555	7480
365	7566
554	7252
1023	7865
1398	8201
3715	7529
7220	7715
832	8206
2837	7813
3294	7486
2532	7402
3052	7818
4758	7554
5099	7932
539	8324
2391	7293
4284	7629
4611	7947
5909	7329
6098	8242
1533	7410
6658	7325
6692	7244
1177	7568
2751	7250
3816	7672
4463	7511
5819	7919
220	8327
847	7299
1572	7748
3067	7254
4315	7629
5534	7480
799	8140
2047	7433
2239	7327
2353	7418
4693	7275
5387	7681
709	7492
2420	7293
4321	7629
6983	7519
88	8009
119	8154
1268	7726
6043	7468
6480	7783
6561	7570
952	7537
4220	7484
4530	7513
2118	7433
4198	7484
4625	7947
1854	7333
1948	7389
2367	7418
3438	7592
4695	7275
5282	7548
132	7888
943	7537
2399	7293
3964	7559
4060	7833
4538	7513
5019	7600
6054	7281
101	7670
345	7856
1929	7389
3770	8089
4608	7947
6389	7400
1788	7305
2880	7663
2994	7587
3548	7575
5350	7242
5390	7681
5570	7380
6449	8100
384	7269
955	7537
1304	7626
4505	7527
6216	7287
806	8336
2167	7392
2996	7587
4200	7484
4234	7285
4647	7930
5031	7414
5991	7497
381	7269
766	7494
3549	7575
4163	7709
5657	7382
4728	7279
6107	7357
2749	7250
3752	7900
2623	7429
1038	7865
1410	7604
4906	8223
96	7670
2924	8015
171	7360
2647	8216
3403	7753
3694	7529
5364	7242
1819	7333
4979	7600
5831	7877
7123	7861
1535	7410
1809	7333
4216	7484
4655	7930
6937	7704
4006	7345
4966	7811
6235	7335
7108	7861
2961	7595
3244	7939
1444	8123
1525	7410
3451	7455
4757	7554
5784	7448
1786	7305
5125	7932
7191	7841
453	7620
929	8341
1319	7626
2057	7433
2164	7392
2901	7663
3700	7529
1935	7389
2621	7429
6018	7739
73	7362
560	7252
670	7501
2005	7389
4894	7835
5770	7448
3602	8035
3450	7455
1368	8116
6585	7570
2960	7595
555	7252
939	8240
4203	7484
4575	7513
4964	7811
5065	7799
6355	7408
6	7873
5388	7681
840	7531
3582	7564
4963	7811
5247	7698
6218	7287
6677	7325
2251	7337
2855	8053
32	7763
113	7482
2265	7337
5718	7837
2238	7327
3997	7345
4005	7345
4626	7947
1092	7369
1125	7722
3671	8109
4286	7629
5123	7932
1452	8123
2307	7337
2673	8267
3555	7892
5422	7398
6041	7468
500	7843
1292	7726
2997	7587
5013	7600
5504	7823
5883	7425
721	7412
3234	7939
5737	7441
4589	7513
3883	7776
5343	7922
5495	8265
5753	7441
6857	8146
6911	7895
7218	7715
335	7700
565	7252
5200	7649
2744	7250
3291	7486
4446	7474
4773	7695
5034	7414
6425	7400
486	7315
725	7677
1237	7466
202	7386
1173	7568
1222	7979
2010	7389
4989	7600
1045	8351
2706	7679
4097	7639
5631	7295
1898	7452
1917	7389
5896	7329
6897	7651
1634	7589
749	7863
1124	7722
1822	7333
6364	7408
1187	8192
2630	7736
3730	7900
5769	7448
472	7768
1931	7389
3950	7261
4516	7527
5413	7635
6460	8100
7104	7861
49	7323
2739	7250
4078	7833
5081	7515
5522	7606
6141	8069
6397	7400
6427	7400
6750	7431
7047	7633
337	7700
2253	7337
2523	7402
4730	7279
5821	7919
6621	7367
1946	7389
2341	7418
2374	7418
4109	7639
1305	7626
4782	7695
5740	7441
1654	7643
2898	7663
4319	7629
5906	7329
7168	7653
2264	7337
2608	7429
2699	8132
3733	7900
733	7677
5035	7414
5665	8271
6742	7431
3338	8125
3462	7455
3513	7582
7195	7641
1773	7305
3729	7900
4281	7629
1068	8149
1729	7690
5279	7548
6812	8186
382	7269
553	7252
1122	7722
3107	7283
3637	8310
4195	7484
5509	7823
7103	7861
3447	7455
4508	7527
152	7720
877	7299
2390	7293
3534	7780
4846	7347
5396	7635
6865	7820
540	8324
546	7794
3590	7924
4524	7513
5295	7548
6545	7546
473	7768
849	7299
2258	7337
2564	7402
6030	7468
6799	8361
7124	7861
3448	7455
3896	7751
4397	7439
6939	7704
3569	7742
3886	7776
5141	7265
5660	7382
239	8112
362	7566
559	7252
1526	7410
2717	7679
3506	7582
4272	7629
4818	7695
6520	7546
993	7504
3636	8310
4442	7474
4845	7347
6091	7778
4184	7517
4385	7311
4833	7263
5840	7877
6513	7546
1653	7643
4088	8365
4711	7275
6260	7335
1058	7911
4196	7484
6239	7335
2262	7337
3094	8161
4528	7513
4992	7600
6461	8100
128	7888
401	7269
1519	7410
4609	7947
6390	7400
6721	7244
1808	7333
2269	7337
2488	7421
4134	7991
4465	7511
1881	7550
3642	8310
5607	7295
6739	7431
6877	7820
6885	8295
7067	7633
2527	7402
2726	7250
3142	8369
5138	7265
5300	7548
5401	7635
5780	7448
94	7670
609	7252
1340	7291
1471	7410
2923	8015
688	7847
3468	7582
4958	7457
5089	7515
7152	8073
3440	7592
4905	8223
1941	7389
4142	7709
6645	7405
6767	7431
675	8371
1390	7645
4536	7513
5793	7983
5874	7425
1467	7410
5225	7698
666	7572
1260	7726
3200	7939
3716	7529
6459	8100
6601	7367
1463	7410
3364	8050
2123	7433
4867	7478
5604	7295
6192	7904
6549	7546
33	7763
3947	7815
4007	7345
4777	7695
686	7622
1063	8377
1592	8086
4257	7552
1480	7410
3798	7615
2132	7433
4194	7484
4418	7474
4421	7474
5755	7441
186	8225
2522	7402
6490	7783
7125	7861
2471	7421
3734	7900
6112	7357
6631	7405
352	7557
6294	8380
6487	7783
944	7537
2509	7562
5768	7448
6657	7325
2525	7402
3484	7582
3753	7900
246	8382
694	7847
1848	7333
3019	7435
4178	7517
6842	8146
494	7315
973	7537
1460	7410
1573	7748
2799	7250
3161	7647
5521	7606
4362	7319
1371	8116
3039	7818
1232	8284
5930	7329
6225	7287
6723	7244
1737	7690
5105	7932
6898	7651
2650	8216
2655	7796
3939	8387
6728	7244
6905	7651
769	7494
823	8048
2129	7433
2640	8389
6446	8100
7092	7926
6424	7400
2517	7402
3899	7751
7126	7861
1381	7273
2909	8015
4135	7991
5014	7600
5935	7329
3181	7958
3532	7780
4187	7517
4380	8391
4582	7513
5400	7635
5677	7277
6819	8298
1482	7410
2677	8267
5332	7922
117	8154
174	8394
3638	8310
5353	7242
6295	8380
6661	7325
7081	7926
521	7506
1289	7726
2441	7354
3129	7544
5688	7277
6145	8069
1006	7504
5176	7265
2698	8132
5423	7398
2796	7250
3311	7437
4614	7947
5224	7698
6653	7325
2881	7663
4612	7947
783	7459
3585	7924
1615	8107
3475	7582
5871	7425
608	7252
1108	7369
1414	7604
4444	7474
630	7317
1320	7626
1727	7690
4535	7513
5496	8265
6913	7895
148	8281
813	8094
3655	8398
5447	8400
6226	7287
631	7317
1602	8274
1996	7389
4911	8223
5872	7425
6796	7718
5102	7932
5766	7448
316	7792
2805	7250
2879	7663
5150	7265
5650	7382
6495	7351
417	7246
1771	7305
2498	7562
3996	7345
4729	7279
5852	7303
6023	7468
3989	7345
416	7246
910	7801
1110	7369
1342	7291
2418	7293
3998	7345
4043	7345
5900	7329
6269	7335
6506	7351
1290	7726
4816	7695
753	7471
954	7537
1455	7410
5078	7515
4223	7484
6156	8199
7015	7541
7018	7541
3397	8064
5572	7380
7138	7464
2474	7421
4121	7991
5104	7932
5373	7681
6263	7335
6982	7519
7012	7499
891	7785
2189	7371
6237	7335
1558	7748
1765	7305
2041	7433
3482	7582
6029	7468
6387	7400
4143	7709
4991	7600
1661	7643
4009	7345
5527	7606
6664	7325
6208	7476
6866	7820
214	8408
1151	7568
3814	7672
4889	7835
3601	8035
4585	7513
2586	7461
3799	7615
7098	7861
989	7504
1589	7450
6699	7244
850	7299
4750	7279
5449	8400
5493	8265
6443	8100
732	7677
2256	7337
2930	7423
6026	7468
7066	7633
727	7677
4780	7695
5559	7480
6348	7523
7209	7641
249	8231
2689	8132
6401	7400
1389	7645
1708	8012
3731	7900
1483	7410
2473	7421
2723	7250
3033	7435
3727	7900
3804	7672
5273	7548
5955	7365
6099	8242
6726	7244
403	7269
701	7492
1561	7748
4784	7695
5426	7398
5574	7380
789	7459
1820	7333
3372	7655
3960	8220
3992	7345
2051	7433
3097	7283
3404	7753
3439	7592
4509	7527
4936	7659
6948	7704
572	7252
1293	7726
2868	8053
3872	7776
5861	7829
6236	7335
39	7763
4148	7709
5870	7425
311	8414
4874	7478
2459	7354
2947	7423
4133	7991
4857	7347
5375	7681
6620	7367
1447	8123
4185	7517
4770	7695
6956	7879
677	8371
2119	7433
2895	7663
2976	7595
6841	8146
544	8324
1738	7690
4145	7709
6782	7297
1575	7748
1614	8107
1764	7305
1927	7389
2612	7429
4746	7279
3377	7655
3912	7751
4697	7275
6747	7431
157	7720
2833	7813
3021	7435
3073	7373
3159	7647
4367	7319
5976	7365
6568	7570
2417	7293
2500	7562
2631	7736
2937	7423
3040	7818
5687	7277
5785	7448
6826	7955
2912	8015
3560	7892
4987	7600
6457	8100
1376	8116
1814	7333
2563	7402
4771	7695
7016	7541
285	8418
682	7622
1391	7645
1936	7389
2808	7250
5149	7265
6219	7287
6521	7546
3203	7939
3320	7907
3861	8183
1154	7568
1485	7410
1896	7452
3031	7435
5569	7380
3075	7373
3693	7529
6474	7761
7145	7464
4114	7991
7216	7715
1057	7911
2252	7337
2731	7250
26	7535
1050	7911
3240	7939
4414	7474
6682	7325
1411	7604
2115	7433
3328	8055
4083	7859
4986	7600
6582	7570
1768	7305
3851	8183
6570	7570
3386	7655
4147	7709
4440	7474
5536	7480
543	8324
854	7299
1263	7726
3351	7446
3665	8037
3825	7309
6180	7602
6306	7986
1473	7410
2844	7813
5443	8423
6289	7871
536	7773
712	7492
3620	7301
2368	7418
5182	7265
6702	7244
2007	7389
434	7248
487	7315
1430	7805
2060	7433
4249	7285
573	7252
1062	8377
1261	7726
3469	7582
4928	7659
5483	8265
4927	7659
5575	7380
5885	7425
826	8048
1745	7612
1815	7333
2962	7595
5278	7548
7185	7841
374	7566
5015	7600
5519	7902
1099	7369
1791	7305
2876	7663
5172	7265
5280	7548
5476	8265
424	7246
1415	7604
1818	7333
2194	7371
4639	7759
481	7271
1676	7967
1915	7389
4441	7474
5537	7480
5798	7919
231	7868
3239	7939
4132	7991
6886	8295
221	8327
1309	7626
1413	7604
3131	7544
3921	7341
4445	7474
5097	7932
5851	7303
515	7506
2254	7337
5649	7382
6374	7609
7177	7653
2934	7423
2974	7595
3149	8077
3173	7647
5228	7698
6602	7367
178	8394
628	7317
776	7494
3175	7647
4041	7345
7032	8229
2520	7402
3272	7396
3481	7582
7024	7541
1356	7291
3398	8064
4578	7513
5479	8265
387	7269
2610	7429
4355	8432
4883	7378
5122	7932
1694	7969
2728	7250
3207	7939
3412	7525
3846	7376
6787	7297
6890	8295
328	8435
5298	7548
6448	8100
5553	7480
6047	7468
6683	7325
315	7792
2203	7371
5344	7922
118	8154
330	8435
3205	7939
3314	7437
3373	7655
4469	7511
78	8009
138	7416
1939	7389
2320	7337
4417	7474
4815	7695
2794	7250
3333	8125
4186	7517
4858	7347
872	7299
874	7299
4144	7709
852	7299
1341	7291
1613	8107
3913	7751
6162	7321
6371	7609
819	8438
1588	7450
2489	7421
5098	7932
5477	8265
6299	8380
3090	7394
3098	7283
5573	7380
6660	7325
223	8327
912	7801
4735	7279
5091	7515
6078	8443
6298	8380
2248	7337
2806	7250
4760	7554
5079	7515
817	8261
3853	8183
6586	7570
1945	7389
2641	8389
3005	7587
6395	7400
7136	7464
7160	8073
904	7661
1004	7504
1919	7389
3163	7647
3174	7647
3651	8447
3695	7529
6496	7351
31	7944
4985	7600
5957	7365
1096	7369
1412	7604
2932	7423
248	8231
3146	8077
3595	8024
5103	7932
2801	7250
4586	7513
5135	7265
6603	7367
371	7566
810	8094
5539	7480
201	7386
561	7252
646	7317
744	8019
1598	8086
1999	7389
5067	7799
1365	8114
2304	7337
1226	7979
3192	7958
4859	7347
1475	7410
2369	7418
3657	8398
5882	7425
7106	7861
1080	7845
1287	7726
2745	7250
4395	7439
6188	7602
3266	7757
5018	7600
5806	7919
3533	7780
3699	7529
4062	7833
4233	7285
5151	7265
5480	8265
1677	7967
2667	7796
3764	8089
4264	7552
4748	7279
625	7317
1686	8454
5722	7837
6815	8298
4348	7256
5120	7932
5331	7922
5558	7480
1112	7369
3195	7958
3516	7582
876	7299
1852	7333
4983	7600
6314	7728
6837	8146
4710	7275
5540	7480
5576	7380
240	8112
1047	8351
1339	7291
2952	7423
3209	7939
3331	8125
4809	7695
5727	8170
6634	7405
764	8458
2062	7433
798	8140
2046	7433
3324	8055
4031	7345
1307	7626
3599	8024
3653	8447
3847	7376
5841	7877
6347	7523
7102	7861
414	7246
1932	7389
1934	7389
6867	7820
443	7248
1938	7389
2446	7354
3943	7815
5756	7441
794	8462
4416	7474
4487	7511
4904	8223
5804	7919
2936	7423
3911	7751
4420	7474
4422	7474
1021	7865
1556	7748
1933	7389
2389	7293
2497	7562
1065	8377
1097	7369
2273	7337
3732	7900
5732	8170
6423	7400
6838	8146
3427	7592
4336	7256
4993	7600
5386	7681
364	7566
2187	7371
2315	7337
43	8092
175	8394
3869	7509
607	7252
1457	7410
3769	8089
4404	7439
4910	8223
1433	7805
4403	7439
4610	7947
229	7307
3242	7939
4066	7833
4860	7347
6088	7778
6458	8100
7071	7633
2052	7433
2718	7679
6542	7546
681	7622
2732	7250
3059	7254
3999	7345
4412	7474
5313	7349
5963	7365
6388	7400
6764	7431
2063	7433
3238	7939
3395	7693
5371	7681
5395	7635
5981	7365
6357	7408
710	7492
2064	7433
4100	7639
6189	7602
79	8009
87	8009
1269	7726
1429	7805
2122	7433
2832	7813
4117	7991
7151	8073
1146	7568
2703	7679
4448	7474
4467	7511
5145	7265
5606	7295
6635	7405
2166	7392
3436	7592
3476	7582
4193	7484
4275	7629
7150	8073
1631	7589
2124	7433
2874	7663
3617	7301
102	7670
502	7843
415	7246
1120	7722
1739	7690
2181	7392
3180	7958
3263	7707
4488	7511
6283	7871
1121	7722
1603	8274
4834	7263
5891	7329
6955	7879
7069	7633
775	7494
4900	7313
4925	7659
5410	7635
915	7801
2250	7337
2308	7337
3038	7818
4167	7709
5045	7414
5064	7799
6027	7468
7109	7861
1153	7568
1998	7389
6445	8100
218	8317
2312	7337
5460	7962
932	8341
1242	7466
5723	7837
6356	7408
6917	7895
1816	7333
2343	7418
5706	8473
699	7492
808	8336
5494	8265
309	8414
2685	7928
3515	7582
4519	7527
110	8477
259	8479
760	7637
1521	7410
5314	7349
6514	7546
72	7362
2131	7433
2738	7250
4629	7947
762	8458
4360	7319
5482	8265
1582	7450
3408	7753
4001	7345
4546	7513
5036	7414
7070	7633
1386	7273
1470	7410
3892	7751
6854	8146
4644	7759
562	7252
875	7299
896	7661
1928	7389
1994	7389
5216	7649
940	8240
1522	7410
2561	7402
6031	7468
6741	7431
1422	7604
4920	7674
927	8071
2113	7433
4248	7285
1123	7722
1441	8303
2597	7461
5197	7649
1253	7789
1991	7389
1077	7787
1716	8046
3806	7672
6113	7357
4175	7517
5245	7698
6869	7820
525	8179
2737	7250
3421	7592
6770	7431
568	7252
3539	7780
5425	7398
6132	7755
6379	7609
80	8009
2697	8132
2858	8053
4004	7345
5261	8176
5601	7295
107	8477
879	7299
2911	8015
4064	7833
4547	7513
5310	7349
455	7620
3511	7582
5066	7799
5671	7277
1135	7722
3114	7544
10	7873
797	8140
4462	7511
4714	7275
5904	7329
6308	8488
7194	7641
657	7572
1622	8107
2236	7327
3117	7544
3160	7647
3956	8220
6681	7325
510	8490
1098	7369
2735	7250
4236	7285
6312	8488
3664	8037
3717	7529
3775	7339
905	7661
3137	8144
4943	7457
4955	7457
5213	7649
6174	7321
1740	7690
2310	7337
2475	7421
2692	8132
4040	7345
4916	7674
373	7566
711	7492
3120	7544
4110	7639
6947	7704
386	7269
451	7620
2716	7679
3288	8119
4218	7484
280	8494
2856	8053
4162	7709
5201	7649
5846	7618
6447	8100
2445	7354
2463	7354
3214	7939
4108	7639
4774	7695
5424	7398
2742	7250
6111	7357
2598	7461
7137	7464
654	7572
2427	7293
243	8112
1294	7726
3922	7341
6110	7357
7107	7861
7128	7861
936	8240
5796	7983
5818	7919
4358	8432
4581	7513
6353	7408
1805	7333
4340	7256
5341	7922
5633	7295
1012	7981
2240	7327
2998	7587
6892	8295
1692	7969
4339	7256
7040	8229
2730	7250
5258	8176
6481	7783
627	7317
2178	7392
3944	7815
5010	7600
5446	8400
4149	7709
5800	7919
1803	7333
5832	7877
6142	8069
7153	8073
278	8494
530	7773
1353	7291
3370	8021
5711	8473
5856	7303
2793	7250
3237	7939
5119	7932
124	8154
5956	7365
190	7746
372	7566
1516	7410
2134	7433
2611	7429
2690	8132
5899	7329
1227	7979
2071	7433
4413	7474
4541	7513
5492	8265
5958	7365
2309	7337
3797	7615
5342	7922
1703	7969
2729	7250
3258	7707
312	7792
557	7252
1136	7722
3628	7301
4394	7439
6056	7281
6469	7761
2344	7418
3460	7455
3463	7455
3823	7309
4034	7345
7197	7641
334	8248
1528	7410
2644	8389
3295	7486
6724	7244
531	7773
1696	7969
3292	7486
4660	7702
6075	7744
6131	7755
768	7494
934	8240
2054	7433
2788	7250
4061	7833
4942	7457
5629	7295
507	7843
1925	7389
4529	7513
2518	7402
2791	7250
1170	7568
4192	7484
4941	7457
6693	7244
6697	7244
1322	7626
1604	8274
1644	7589
2260	7337
5232	7698
5937	7329
6402	7400
1531	7410
1597	8086
1921	7389
4627	7947
6380	7609
349	7856
976	7537
1468	7410
5299	7548
426	7246
1612	8107
1695	7969
4377	8391
953	7537
1821	7333
3629	7301
4289	7629
4669	7766
7127	7861
2177	7392
2206	7371
5866	7829
6595	7367
1257	7789
1846	7333
2165	7392
3575	7742
5142	7265
3897	7751
4235	7285
5675	7277
6430	7400
2011	7389
2461	7354
3341	7657
6262	7335
6567	7570
293	7885
2681	7928
3749	7900
6856	8146
6550	7546
1093	7369
4033	7345
5738	7441
2373	7418
4579	7513
5177	7265
6839	8146
1560	7748
5249	7698
5530	7480
5992	7497
6160	8199
6309	8488
1518	7410
2383	7293
5301	7548
513	8490
948	7537
1753	7612
3051	7818
3963	7559
5710	8473
6544	7546
1051	7911
3387	7655
3765	8089
4717	7275
5100	7932
1016	7981
1397	8201
1437	8303
2419	7293
5420	8511
6914	7895
1036	7865
1849	7333
4092	8365
633	7317
4312	7629
5702	7488
777	7494
4531	7513
4691	7275
5226	7698
5752	7441
3938	8514
4063	7833
4527	7513
5322	7349
1134	7722
1119	7722
2128	7433
4808	7695
6515	7546
2392	7293
3787	7615
5020	7600
6227	7287
602	7252
1469	7410
3023	7435
3474	7582
3517	7582
5513	8291
5961	7365
6769	7431
444	7248
3282	8119
5312	7349
6725	7244
6834	8127
1052	7911
3060	7254
3691	7529
4042	7345
4273	7629
6124	7357
1421	7604
3283	8119
3437	7592
4338	7256
5954	7365
6891	8295
264	8517
3910	7751
4419	7474
5875	7425
3865	7509
4648	7930
5933	7329
5230	7698
4354	8432
4423	7474
2847	7813
6288	7871
6654	7325
1403	8201
4534	7513
5867	7829
304	8519
2899	7663
5608	7295
7031	8229
1005	7504
4179	7517
1355	7291
2530	7402
3115	7544
3692	7529
4775	7695
6507	7351
6853	8146
1792	7305
2440	7354
2672	8267
1095	7369
2510	7562
3512	7582
5032	7414
5475	8265
4320	7629
5535	7480
3446	7455
2629	7736
4337	7256
5229	7698
7171	7653
1687	8454
4161	7709
4346	7256
2487	7421
3822	7309
7090	7926
1445	8123
1802	7333
3391	7693
3735	7900
4405	7439
7159	8073
8	7873
1171	7568
4844	7347
7190	7841
1949	7389
3611	8035
3936	8514
4973	7811
6749	7431
647	7317
2752	7250
5334	7922
5503	7823
6094	8242
5144	7265
5673	7277
903	7661
1642	7589
2234	7327
3140	8144
404	7269
1337	7291
1817	7333
2704	7679
1438	8303
1892	7234
2803	7250
4280	7629
7000	7579
341	7700
2130	7433
2657	7796
3712	7529
4525	7513
5707	8473
5713	8523
307	8519
1690	8454
2558	7402
5596	7295
5648	7382
6266	7335
7038	8229
267	8527
5276	7548
5602	7295
3279	7396
3649	7240
4965	7811
5250	7698
2422	7293
5714	8523
6163	7321
6243	7335
738	8019
2991	7236
4089	8365
22	7535
1424	7604
5412	7635
5597	7295
106	8477
2560	7402
412	7246
3202	7939
16	7873
3062	7254
4221	7484
4282	7629
4311	7629
5179	7265
226	7307
2042	7433
4783	7695
5329	7922
5455	8269
5560	7480
6366	7408
6421	7400
7080	7926
653	7572
770	7494
1265	7726
2040	7433
2217	7327
1193	8192
1451	8123
2242	7327
4204	7484
5076	7799
7002	7579
4736	7279
5027	7600
1104	7369
1659	7643
2906	7663
348	7856
3026	7435
4082	7833
5970	7365
545	8324
2819	7250
6850	8146
683	7622
3251	7939
3826	7309
4210	7484
6607	7367
2429	7293
5637	7295
1236	8284
1887	7234
2297	7337
2711	7679
4427	7474
5319	7349
5567	7480
7154	8073
1537	7410
1637	7589
2552	7402
2863	8053
3400	8064
389	7269
612	7252
5836	7877
155	7720
685	7622
1179	7568
7187	7841
986	7537
5369	7242
5984	7365
6534	7546
2537	7402
857	7299
2815	7250
3306	7486
5854	7303
6752	7431
7134	7861
1914	7452
2577	7402
4645	7759
6021	7739
7156	8073
92	8009
284	7890
3045	7818
3065	7254
6863	8146
746	8019
956	7537
4243	7285
4724	7275
5440	7398
1409	8598
1670	7444
6529	7546
191	7746
428	7246
4262	7552
5022	7600
369	7566
1600	8086
4550	7513
3027	7435
5156	7265
388	7269
582	7252
3321	7907
4738	7279
6992	7579
1074	8214
1207	7803
3490	7582
3669	7909
306	8519
2992	7236
4822	7695
112	8477
982	7537
2335	7337
3064	7254
3589	7924
4122	7991
5917	7329
6053	7468
6808	7289
772	7494
1332	7711
2512	7562
4189	7517
4636	7947
5578	7380
7042	8229
4606	7513
5315	7349
5500	8265
1983	7389
2428	7293
5914	7329
6531	7546
6861	8146
7073	7633
6511	7351
340	7700
2160	7433
728	7677
2871	8053
2545	7402
3453	7455
6462	8100
6824	7955
2553	7402
3016	7809
3132	7544
3654	8447
1836	7333
2038	7389
5988	7365
2755	7250
3782	7339
4052	7345
718	7412
1256	7789
6675	7325
1636	7589
3259	7707
3264	7707
3565	7892
3685	7685
3776	7339
3925	7341
258	7949
922	7849
1029	7865
3456	7455
4633	7947
6984	7519
105	7670
881	7299
2485	7421
6774	7431
422	7246
1831	7333
4708	7275
6016	7739
6439	7400
6829	7955
6875	7820
393	7269
622	7252
1064	8377
5252	7698
483	7271
1215	7803
4015	7345
3900	7751
4790	7695
6995	7579
2850	7813
5068	7799
6528	7546
6648	7405
508	7843
867	7299
2141	7433
968	7537
2551	7402
4922	7674
5263	8176
4977	7811
5621	7295
5848	7618
713	7492
1550	7410
3381	7655
4401	7439
5864	7829
7224	7715
822	8438
3550	7575
4917	7674
6209	7476
6285	7871
7121	7861
2455	7354
2980	7595
5565	7480
1188	8192
3144	8369
5039	7414
227	7307
759	7637
809	8336
1204	7803
1315	7626
6836	8127
2816	7250
3887	7776
4296	7629
5326	7349
5684	7277
5837	7877
97	7670
1646	7589
3802	7615
5402	7635
4562	7513
6791	7297
6931	7895
7207	7641
1540	7410
2097	7433
3121	7544
1043	7865
4948	7457
360	7557
1864	7333
2147	7433
2549	7402
7029	7541
2210	7371
2571	7402
3800	7615
3836	7309
6307	7986
996	7504
1903	7452
2100	7433
4618	7947
5928	7329
6573	7570
807	8336
1183	7568
1905	7452
3522	7582
370	7566
6613	7367
1066	8377
2892	7663
3252	7939
5944	7329
6139	7755
4106	7639
1144	7722
3104	7283
3367	8050
5356	7242
6553	7546
450	7248
1312	7626
1671	7444
4805	7695
3917	7751
6060	7281
6120	7357
1515	7410
1705	7969
2838	7813
3926	7341
4018	7345
4499	7511
4799	7695
6361	7408
6832	8127
305	8519
1345	7291
4378	8391
649	7317
1539	7410
2416	7293
3801	7615
5643	7295
6271	7335
1048	8351
1115	7369
2029	7389
2277	7337
2434	7293
2848	7813
3492	7582
4890	7835
2084	7433
3640	8310
5611	7295
889	7785
2162	7433
15	7873
5186	7265
635	7317
3218	7939
4788	7695
4907	8223
1255	7789
1826	7333
2573	7402
3635	7301
6247	7335
82	8009
158	7720
1184	7568
3739	7900
6116	7357
302	7875
1276	7726
7013	7499
4796	7695
6222	7287
6650	7405
114	7482
2908	7663
3809	7672
907	7661
959	7537
7130	7861
3969	7559
4012	7345
5005	7600
5910	7329
430	7246
6008	7497
241	8112
2148	7433
2840	7813
3198	7958
3652	8447
4244	7285
5338	7922
5887	7425
6502	7351
6968	7879
7226	7715
431	7246
590	7252
3645	8310
3762	7900
4206	7484
5361	7242
2669	7796
4794	7695
5442	7398
6485	7783
941	8240
4019	7345
5829	7919
2358	7418
2376	7418
2380	7418
4737	7279
5155	7265
5622	7295
6176	7321
1824	7333
3704	7529
4158	7709
4739	7279
6090	7778
6967	7879
7087	7926
722	7412
3103	7283
7055	7633
204	7386
1347	7291
5303	7548
5464	7962
6256	7335
1506	7410
1712	8012
5358	7242
5925	7329
6482	7783
3344	7657
3530	7582
6859	8146
4353	7256
4969	7811
5051	7414
2159	7433
2325	7337
3102	7283
3702	7529
3722	7529
5561	7480
6197	7904
333	8248
1962	7389
2365	7418
4139	7991
4823	7695
5922	7329
2226	7327
163	7427
251	8231
2651	8216
2861	8053
5166	7265
6757	7431
6823	7955
7182	7653
2614	7429
6979	7519
3	7989
2870	8053
5108	7932
5716	8523
6717	7244
913	7801
1167	7568
1861	7333
3606	8035
5429	7398
6491	7783
6538	7546
2409	7293
6690	7325
737	7677
1145	7722
1960	7389
2143	7433
2232	7327
4029	7345
5126	7932
5584	7380
621	7252
3365	8050
5050	7414
5952	7329
63	7323
638	7317
2450	7354
5712	8473
6608	7367
5511	7823
409	7269
1297	7726
2605	7461
2988	7236
6508	7351
3973	7559
2822	7250
4021	7345
5346	7922
2709	7679
4014	7345
6185	7602
1890	7234
2109	7433
5359	7242
1142	7722
1801	7305
1902	7452
3127	7544
3778	7339
4051	7345
4994	7600
6714	7244
2492	7421
3150	8077
7110	7861
1056	7911
3793	7615
884	7299
1216	7803
2415	7293
3614	8035
3829	7309
4087	7859
5190	7265
2617	7429
6080	8443
6493	7783
1870	7333
5115	7932
3148	8077
4601	7513
6149	7267
6154	7267
6946	7704
1976	7389
2036	7389
3571	7742
6349	7523
211	7831
1295	7726
1735	7690
5236	7698
6292	7871
6845	8146
1833	7333
5941	7329
2170	7392
2412	7293
2438	7293
6254	7335
6310	8488
2359	7418
4267	7552
5403	7635
347	7856
2979	7595
4024	7345
5269	8176
5545	7480
5729	8170
1777	7305
2818	7250
5152	7265
6378	7609
634	7317
1223	7979
4156	7709
6557	7546
2158	7433
2401	7293
4293	7629
4568	7513
6432	7400
30	7944
83	8009
533	7773
3856	8183
4850	7347
965	7537
1867	7333
6350	7523
395	7269
1101	7369
2333	7337
2884	7663
3935	7577
5086	7515
5427	7398
5547	7480
4155	7709
4557	7513
926	8071
2247	7327
2954	7423
4521	7527
6384	7609
1366	8114
3661	8037
6375	7609
5678	7277
5890	7425
6666	7325
7225	7715
1876	7550
2105	7433
4661	7702
5951	7329
6976	7519
667	7572
1416	7604
4101	7639
4381	8391
1178	7568
4792	7695
6711	7244
189	8211
610	7252
4646	7759
5715	8523
6639	7405
2212	7371
3133	7544
4931	7659
3079	7373
5154	7265
5551	7480
6470	7761
1284	7726
2363	7418
2407	7293
4268	7552
4406	7439
6687	7325
4968	7811
619	7252
2083	7433
3920	7751
4498	7511
5593	7380
1350	7291
3245	7939
4048	7345
4663	7702
4764	7554
3940	8387
4213	7484
6435	7400
4308	7629
5383	7681
5391	7681
6463	8100
6852	8146
40	7763
3057	7818
4334	7629
3247	7939
4898	7313
5652	7382
1130	7722
2501	7562
2676	8267
2889	7663
3255	7939
4376	8259
5168	7265
1395	7645
1723	8046
1906	7452
3525	7582
3986	7343
5947	7329
6345	7523
4151	7709
7232	7715
729	7677
2033	7389
2195	7371
2329	7337
3882	7776
4393	7311
5348	7922
6186	7602
6407	7400
4597	7513
5927	7329
1001	7504
1228	7979
2970	7595
3496	7582
5053	7414
576	7252
1002	7504
3827	7309
3952	7261
5835	7877
3066	7254
5206	7649
1590	7450
3499	7582
3678	7713
3777	7339
796	8462
2015	7389
5211	7649
5302	7548
983	7537
1508	7410
4616	7947
5812	7919
650	7317
5163	7265
5497	8265
1168	7568
2017	7389
2851	7813
3253	7939
3254	7939
3357	7446
6072	7744
6759	7431
958	7537
1784	7305
4501	7511
674	7501
620	7252
998	7504
1385	7273
4073	7833
4522	7527
5304	7548
6344	7523
2145	7433
2354	7418
3889	7776
6437	7400
6945	7704
109	8477
281	8494
1755	7612
2456	7354
3958	8220
6851	8146
514	8490
880	7299
2301	7337
2919	8015
4295	7629
5549	7480
1420	7604
3622	7301
4330	7629
4497	7511
1158	7568
2331	7337
3354	7446
4168	7709
4496	7511
4706	7275
5810	7919
6279	7335
1224	7979
4604	7513
4657	7930
6140	7755
3420	7525
4753	7279
5392	7681
469	7768
2454	7354
3312	7437
1359	7291
1417	7604
1835	7333
1893	7234
2288	7337
3249	7939
4342	7256
5239	7698
6674	7325
1704	7969
2432	7293
2720	7679
3191	7958
3945	7815
4351	7256
6342	7523
793	7459
3013	7809
1961	7389
6097	8242
707	7492
1126	7722
4590	7513
5058	8000
3289	8119
3570	7742
3789	7615
4865	7347
2101	7433
2340	7337
2670	7796
4373	8259
5498	8265
7158	8073
614	7252
2601	7461
5972	7365
2602	7461
6789	7297
3290	8119
5357	7242
6058	7281
6606	7367
23	7535
1596	8086
2813	7250
5305	7548
71	7362
1283	7726
1697	7969
4791	7695
5653	7382
4208	7484
397	7269
2283	7337
3246	7939
3924	7341
4555	7513
5450	8400
1372	8116
2332	7337
2171	7392
2784	7250
3666	8037
5825	7919
170	7360
1361	7291
4357	8432
4570	7513
6651	7405
6795	7718
7202	7641
3035	7435
5512	7823
7176	7653
931	8341
2293	7337
3029	7435
5192	7265
5748	7441
6408	7400
4504	7511
6771	7431
423	7246
660	7572
2151	7433
2198	7371
4067	7833
4138	7991
5095	7515
5287	7548
7057	7633
69	7362
1586	7450
3077	7373
3171	7647
3624	7301
5416	7635
5705	7488
5824	7919
6476	7761
6737	7244
2625	7429
2827	7250
4028	7345
4091	8365
5645	7295
5990	7365
98	7670
391	7269
1553	7410
2843	7813
325	7792
757	7471
1161	7568
3347	7657
4554	7513
5640	7295
5918	7329
6198	7904
1545	7410
3598	8024
4030	7345
6872	7820
6922	7895
3535	7780
5638	7295
1331	7711
4350	7256
130	7888
2411	7293
6533	7546
5816	7919
6126	7357
1749	7612
4962	7457
5516	8291
6910	7651
1823	7333
2078	7433
2572	7402
4704	7275
5003	7600
6738	7244
684	7622
2604	7461
3857	8183
5044	7414
296	7885
4595	7513
5024	7600
505	7843
640	7317
2303	7337
3136	7544
4290	7629
6642	7405
14	7873
2469	7354
4666	7702
6499	7351
1551	7410
5336	7922
6816	8298
5113	7932
574	7252
2542	7402
2972	7595
5288	7548
344	7700
2885	7663
3675	8109
3937	8514
4827	7695
5697	7258
5968	7365
6206	7904
6277	7335
6637	7405
56	7323
4842	7263
6996	7579
3336	8125
3445	7592
3502	7582
1797	7305
3623	7301
4188	7517
6228	7287
1084	7845
1418	7604
2458	7354
3399	8064
3978	7343
4017	7345
5541	7480
2081	7433
5774	7448
5264	8176
5508	7823
5550	7480
5987	7365
1503	7410
1546	7410
2023	7389
4053	7345
129	7888
160	8279
1375	8116
3155	7997
3231	7939
4022	7345
4806	7695
6259	7335
6828	7955
1379	8116
4797	7695
2104	7433
2493	7421
2915	8015
4226	7484
4789	7695
3046	7818
5407	7635
5771	7448
1579	7748
1977	7389
2076	7433
4908	8223
6051	7468
1901	7452
1964	7389
2494	7421
3455	7455
6576	7570
3756	7900
4435	7474
6441	7400
624	7252
1384	7273
2230	7327
3157	7997
3495	7582
1085	7845
2439	7293
3166	7647
3168	7647
3979	7343
6719	7244
1383	7273
750	7863
1981	7389
2513	7562
2769	7250
3701	7529
3837	7309
5949	7329
419	7246
2483	7421
3025	7435
3968	7559
5242	7698
6360	7408
54	7323
283	7890
2366	7418
3679	7713
2946	7423
4341	7256
5286	7548
176	8394
763	8458
2778	7250
3487	7582
1431	7805
1796	7305
3526	7582
6278	7335
4057	7345
4569	7513
4656	7930
5473	8158
5730	8170
6730	7244
2028	7389
4331	7629
6442	7400
1698	7969
1282	7726
5468	7962
5583	7380
6175	7321
6200	7904
7010	7499
377	7566
2014	7389
2941	7423
3297	7486
4479	7511
716	7492
820	8438
1206	7803
1798	7305
2199	7371
2569	7402
5747	7441
139	7416
1129	7722
2244	7327
3233	7939
6223	7287
7117	7861
509	7843
4102	7639
6293	7871
1219	7803
4225	7484
5385	7681
1648	7589
5662	7382
6190	7602
6556	7546
6881	7820
6934	7895
999	7504
1011	7504
5624	7295
6611	7367
183	7881
1040	7865
2619	7429
3063	7254
4763	7554
4877	7478
6500	7351
3908	7751
4872	7478
5052	7414
5459	8269
6589	7570
2026	7389
5847	7618
1732	7690
1866	7333
5724	7837
2323	7337
2841	7813
4010	7345
6932	7895
1164	7568
1404	8201
1432	7805
4140	7991
4700	7275
5111	7932
7036	8229
233	7868
692	7847
2535	7402
5862	7829
6291	7871
2481	7421
3690	7685
5132	7932
5843	7877
5853	7303
672	7501
3124	7544
4049	7345
5309	7548
1163	7568
1606	8274
3759	7900
321	7792
1877	7550
3877	7776
4919	7674
2993	7236
4112	7639
5913	7329
1970	7389
2938	7423
3008	7587
3849	7376
5986	7365
6418	7400
1254	7789
4228	7484
4475	7511
4895	7835
5254	7698
6049	7468
6755	7431
6798	7718
860	7299
2108	7433
4127	7991
4324	7629
4960	7457
1800	7305
3230	7939
5241	7698
6471	7761
1719	8046
2286	7337
5683	7277
6612	7367
6783	7297
842	7531
1318	7626
1912	7452
4013	7345
2603	7461
3199	7958
4325	7629
4515	7527
1140	7722
1829	7333
2330	7337
4481	7511
6580	7570
1718	8046
4070	7833
4653	7930
4754	7279
4878	7478
1105	7369
2467	7354
2983	7595
4832	7695
4951	7457
147	7416
2034	7389
2225	7327
326	7792
3178	7647
825	8048
2763	7250
3830	7309
4828	7695
6716	7244
6731	7244
2139	7433
2436	7293
3396	7693
1218	7803
2361	7418
5743	7441
3177	7647
3491	7582
839	7531
2700	8132
2776	7250
4111	7639
6412	7400
591	7252
1959	7389
2514	7562
2578	7402
3494	7582
5367	7242
5448	8400
5746	7441
3001	7587
193	7746
843	7531
3644	8310
5071	7799
5379	7681
1296	7726
1488	7410
2404	7293
3819	7672
7096	7926
773	7494
4998	7600
5689	7277
6246	7335
1724	8046
2112	7433
5193	7265
6454	8100
866	7299
1599	8086
1688	8454
3048	7818
4802	7695
6404	7400
1888	7234
7146	7464
3818	7672
3901	7751
4191	7517
4881	7378
5368	7242
987	7537
4332	7629
5370	7242
6813	8186
2506	7562
3907	7751
1165	7568
5485	8265
1374	8116
2228	7327
2299	7337
3298	7486
3389	7655
3416	7525
5438	7398
5751	7441
7064	7633
1400	8201
2208	7371
2825	7250
4450	7474
6900	7651
1044	7865
3229	7939
4124	7991
5328	7349
5405	7635
245	8112
1580	7748
3792	7615
4245	7285
7116	7861
890	7785
2764	7250
2945	7423
4183	7517
4602	7513
6801	8361
3343	7657
6118	7357
6415	7400
6883	7820
1015	7981
1968	7389
5612	7295
5943	7329
1072	8149
2185	7392
3791	7615
4027	7345
5591	7380
2465	7354
2659	7796
4152	7709
6936	7895
3723	7529
4473	7511
4599	7513
6558	7546
2175	7392
4160	7709
4229	7484
4726	7275
6849	8146
421	7246
524	7506
3838	7309
5161	7265
4702	7275
4876	7478
6419	7400
695	7847
4023	7345
4104	7639
4297	7629
6453	8100
774	7494
3648	7240
3719	7529
6754	7431
6777	7431
1428	7604
2615	7429
2785	7250
2787	7250
4304	7629
6438	7400
669	7572
1078	7787
4169	7709
4433	7474
5360	7242
6923	7895
4551	7513
329	8435
4113	7639
1904	7452
2095	7433
2466	7354
2624	7429
4252	7285
6605	7367
6776	7431
181	7881
1100	7369
2783	7250
3110	7283
6455	8100
3431	7592
3576	7742
4480	7511
4831	7695
5488	8265
6615	7367
27	7535
577	7252
1046	8351
1486	7410
4240	7285
4803	7695
5153	7265
6000	7497
6324	7331
1665	7643
2786	7250
3564	7892
5404	7635
151	8281
4224	7484
4572	7513
7203	7641
519	7506
2594	7461
3615	8035
99	7670
641	7317
2702	8132
1674	7444
2684	7928
5616	7295
1838	7333
5030	7600
5085	7515
5271	8176
6129	7357
2243	7327
3277	7396
5773	7448
116	7482
2146	7433
3219	7939
4605	7513
7231	7715
4937	7659
1017	7981
1507	7410
2765	7250
3296	7486
3505	7582
4909	8223
6403	7400
618	7252
6059	7281
1868	7333
812	8094
908	7661
1042	7865
2103	7433
3143	8369
3656	8398
4997	7600
5112	7932
5256	7698
5	7989
588	7252
1794	7305
2337	7337
2958	7423
5888	7425
611	7252
1351	7291
1570	7748
3443	7592
4408	7439
6924	7895
7175	7653
354	7557
1761	7977
4173	7709
5750	7441
887	7299
2712	7679
4899	7313
5506	7823
7188	7841
1536	7410
6135	7755
6762	7431
1041	7865
2939	7423
5433	7398
5502	8265
6552	7546
2082	7433
3573	7742
3592	7924
7061	7633
3811	7672
7023	7541
7148	7464
2546	7402
2777	7250
3452	7455
5924	7329
498	7315
3197	7958
5262	8176
3220	7939
4379	8391
7143	7464
6037	7468
6274	7335
2174	7392
4476	7511
804	8140
1070	8149
5484	8265
5787	7448
1128	7722
1720	8046
5942	7329
6086	8227
195	7883
862	7299
1711	8012
3528	7582
4950	7457
4744	7279
5218	7649
2200	7371
3355	7446
4453	7474
898	7661
4069	7833
5415	7635
5966	7365
5886	7425
6539	7546
270	9147
4431	7474
6258	7335
6114	7357
6167	7321
6211	7476
1859	7333
3839	7309
6888	8295
85	8009
2186	7392
2324	7337
3845	7376
5093	7515
5380	7681
1860	7333
3419	7525
5169	7265
5661	7382
6978	7519
2405	7293
3362	7446
6303	7986
6858	8146
287	8418
1133	7722
1547	7410
1780	7305
5919	7329
1542	7410
3326	8055
1987	7389
2098	7433
2768	7250
3767	8089
3858	8183
830	8206
2031	7389
5641	7295
6833	8127
6786	7297
1202	7803
1450	8123
1509	7410
4699	7275
6134	7755
1316	7626
2355	7418
5813	7919
3335	8125
5002	7600
375	7566
581	7252
1243	7466
1349	7291
2927	8015
5094	7515
7223	7715
396	7269
1699	7969
2079	7433
3558	7892
6286	7871
6527	7546
6706	7244
6985	7519
7035	8229
1776	7305
2356	7418
2688	7928
4523	7527
5989	7365
2150	7433
3766	8089
6640	7405
442	7248
616	7252
1229	7979
2087	7433
2173	7392
4333	7629
4662	7702
5775	7448
6958	7879
7084	7926
179	8394
648	7317
1335	7711
2360	7418
2917	8015
2451	7354
3879	7776
6300	8380
6411	7400
7014	7499
491	7315
740	8019
3745	7900
5204	7649
858	7299
5594	7380
5618	7295
76	7362
3054	7818
3708	7529
5337	7922
5417	7635
327	7792
5238	7698
5721	7837
1911	7452
4841	7263
5162	7265
5219	7649
2152	7433
3394	7693
4344	7256
6870	7820
1675	7444
4976	7811
2276	7337
3781	7339
6882	7820
1751	7612
1754	7612
4253	7285
4323	7629
6667	7325
6847	8146
6943	7704
2491	7421
5431	7398
6417	7400
457	7620
3012	7809
4631	7947
310	8414
3625	7301
4251	7285
691	7847
2981	7595
4854	7347
5419	7635
7034	8229
5617	7295
6229	7287
2648	8216
6903	7651
1425	7604
2671	7796
4902	7313
7183	7653
2282	7337
5693	7277
6329	7331
228	7307
235	7868
2956	7423
5795	7983
6846	8146
4622	7947
5208	7649
5457	8269
5759	7441
5826	7919
6409	7400
6624	7367
295	7885
1364	8114
4434	7474
5075	7799
1027	7865
1380	8116
2661	7796
6920	7895
2403	7293
2547	7402
3736	7900
5307	7548
5592	7380
6205	7904
1736	7690
4635	7947
4720	7275
6061	7281
1033	7865
1734	7690
2812	7250
4128	7991
4359	8432
4913	8223
6170	7321
6686	7325
145	7416
2480	7421
3248	7939
6685	7325
6986	7519
166	7427
4755	7279
6249	7335
1975	7389
2969	7595
4085	7859
4345	7256
2570	7402
4241	7285
4486	7511
4996	7600
5117	7932
2968	7595
3226	7939
4477	7511
4174	7709
4632	7947
7147	7464
2357	7418
2780	7250
4299	7629
5725	7837
6572	7570
367	7566
1327	7626
1782	7305
3755	7900
5700	7258
2022	7389
2482	7421
4300	7629
1217	7803
1984	7389
3743	7900
4571	7513
5347	7922
6362	7408
6376	7609
651	7317
1247	7598
1439	8303
1779	7305
3967	7559
5651	7382
623	7252
5520	7902
6707	7244
1089	7845
1691	8454
2639	7736
4259	7552
4591	7513
4885	7378
5499	8265
6614	7367
7085	7926
265	9196
2196	7371
3329	8055
3356	7446
3742	7900
6440	7400
6665	7325
518	7506
1605	8274
3378	7655
6578	7570
883	7299
3261	7707
6337	7971
456	7620
583	7252
679	9200
1180	7568
1251	7598
1742	7690
2658	7796
2886	7663
3228	7939
2085	7433
4307	7629
7094	7926
2281	7337
5577	7380
7206	7641
4594	7513
6625	7367
164	7427
579	7252
580	7252
785	7459
2279	7337
2402	7293
4619	7947
5026	7600
6484	7783
224	8327
2989	7236
617	7252
1883	7550
2872	8053
3179	7647
5564	7480
5828	7919
6100	8242
3081	7373
275	8082
504	7843
5878	7425
6096	8242
6909	7651
1169	7568
1408	7897
2479	7421
4046	7345
5116	7932
6071	7744
6204	7904
7166	8073
2643	8389
2903	7663
4961	7457
1971	7389
5040	7414
4513	7527
6199	7904
319	7792
489	7315
3105	7283
4432	7474
4598	7513
4825	7695
1750	7612
3641	8310
3902	7751
4559	7513
5291	7548
5654	7382
6183	7602
575	7252
4126	7991
7135	7861
861	7299
3334	8125
4154	7709
331	8435
1205	7803
2223	7327
2873	8053
3529	7582
5692	7277
5761	7441
6253	7335
464	7620
1680	7967
4620	7947
714	7492
3493	7582
4437	7474
4621	7947
5165	7265
5293	7548
5432	7398
6708	7244
676	8371
1278	7726
2767	7250
961	7537
1387	7273
2773	7250
1116	7369
2687	7928
3607	8035
3705	7529
3813	7672
6275	7335
343	7700
2761	7250
5023	7600
5985	7365
5474	8158
5880	7425
7037	8229
2183	7392
2693	8132
3504	7582
2575	7402
3626	7301
4652	7930
6736	7244
7072	7633
6671	7325
474	7768
1448	8123
2020	7389
4025	7345
4642	7759
5680	7277
6343	7523
3070	7254
3345	7657
4685	7766
4751	7279
5025	7600
6230	7287
2955	7423
3363	7446
6456	8100
3078	7373
5566	7480
678	8371
5087	7515
7164	8073
736	7677
1314	7626
5974	7365
247	8382
2289	7337
2567	7402
3147	8077
4556	7513
6038	7468
7165	8073
2632	7736
4094	8365
368	7566
914	7801
3593	7924
3772	8089
5063	8000
5644	7295
5794	7983
6862	8146
7058	7633
1009	7504
1825	7333
2209	7371
3430	7592
5642	7295
1034	7865
4430	7474
6406	7400
7174	7653
3028	7435
4837	7263
5679	7277
6115	7357
55	7323
2576	7402
4995	7600
7141	7464
2540	7402
3597	8024
496	7315
3382	7655
3454	7455
5221	7649
5257	7698
5827	7919
408	7269
2231	7327
4170	7709
4940	7659
6935	7895
222	8327
1378	8116
6450	8100
6918	7895
1107	7369
4084	7859
5625	7295
6668	7325
1568	7748
6039	7468
480	7271
2635	7736
2774	7250
2470	7354
3519	7582
5188	7265
5699	7258
6036	7468
2377	7418
3406	7753
6526	7546
6574	7570
208	7386
3380	7655
859	7299
3232	7939
6316	7728
230	7307
761	7637
1076	8214
1714	8012
2543	7402
2842	7813
3275	7396
5285	7548
1326	7626
2161	7433
2284	7337
2302	7337
4352	7256
4369	7319
4836	7263
5185	7265
7056	7633
1554	7410
1655	7643
5007	7600
5158	7265
864	7299
1162	7568
1505	7410
1913	7452
6248	7335
213	7831
2766	7250
2891	7663
5167	7265
7129	7861
1328	7626
3000	7587
4830	7695
1230	7979
492	7315
2982	7595
6368	7408
771	7494
821	8438
1489	7410
4829	7695
5529	7606
6532	7546
5858	7303
439	7248
7060	7633
1641	7589
1658	7643
2714	7679
3047	7818
4335	7629
5544	7480
407	7269
1541	7410
4011	7345
4172	7709
4503	7511
5950	7329
6734	7244
6944	7704
279	8494
1030	7865
1031	7865
2077	7433
3340	8125
4363	7319
5320	7349
5667	8271
6252	7335
1581	7748
4458	7474
4853	7347
6369	7408
7173	7653
863	7299
1955	7389
3721	7529
126	8154
786	7459
1185	7568
3224	7939
3260	7707
3442	7592
4807	7695
5797	7983
6472	7761
1055	7911
1277	7726
2820	7250
3501	7582
4451	7474
6887	8295
4725	7275
7078	7633
4171	7709
5430	7398
534	7773
885	7299
3276	7396
4500	7511
1166	7568
1487	7410
1954	7389
3828	7309
5790	7448
5842	7877
659	7572
1963	7389
2966	7595
3551	7575
4863	7347
173	7360
3055	7818
3540	7780
3609	8035
5948	7329
5969	7365
6960	7879
3959	8220
4056	7345
636	7317
1498	7410
3546	7575
3608	8035
1190	8192
1302	7726
1827	7333
2027	7389
4137	7991
5811	7919
449	7248
882	7299
1514	7410
1967	7389
3225	7939
3305	7486
4260	7552
6626	7367
36	7763
3760	7900
4302	7629
5491	8265
6670	7325
661	7572
2503	7562
2539	7402
2642	8389
3414	7525
4566	7513
5615	7295
3520	7582
1649	7589
6434	7400
2094	7433
3410	7753
4400	7439
4561	7513
5467	7962
5669	8271
6510	7351
6925	7895
792	7459
2326	7337
2618	7429
1449	8123
1501	7410
2292	7337
3167	7647
5038	7414
6713	7244
6951	7704
2484	7421
901	7661
1279	7726
1497	7410
2626	7429
3587	7924
5778	7448
5863	7829
6893	8295
1566	7748
1871	7333
3165	7647
4327	7629
7074	7633
440	7248
592	7252
1233	8284
1324	7626
1982	7389
3982	7343
4209	7484
4914	8223
5041	7414
161	8279
613	7252
723	7412
1781	7305
3758	7900
3881	7776
1106	7369
4294	7629
7088	7926
3718	7529
4055	7345
4449	7474
4478	7511
5109	7932
48	8092
185	8225
687	7622
6177	7321
6191	7602
1160	7568
2430	7293
2920	8015
980	7537
1010	7504
1567	7748
4923	7674
1032	7865
1587	7450
2550	7402
3123	7544
4159	7709
4388	7311
7222	7715
20	7873
865	7299
3379	7655
6117	7357
1490	7410
2645	8389
4600	7513
5292	7548
5542	7480
1638	7589
4667	7702
5998	7497
4263	7552
4953	7457
5619	7295
1348	7291
2756	7250
4795	7695
253	8231
268	8527
3578	7742
4045	7345
4565	7513
6317	7728
6962	7879
3034	7435
5006	7600
234	7868
2953	7423
3987	7343
4190	7517
5345	7922
7027	7541
3650	7240
5869	7829
5062	8000
5237	7698
2944	7423
6673	7325
731	7677
2904	7663
4424	7474
5889	7425
7133	7861
2408	7293
2593	7461
5004	7600
6848	8146
134	7888
298	7885
3583	7564
5664	7382
6084	7732
1731	7690
7213	7641
1865	7333
2296	7337
2701	8132
5408	7635
5877	7425
6257	7335
748	7863
1843	7333
2106	7433
7119	7861
1625	8107
1733	7690
2278	7337
5487	8265
6119	7357
459	7620
1858	7333
3415	7525
3556	7892
6610	7367
7140	7464
7215	7641
320	7792
1499	7410
4291	7629
5613	7295
6684	7325
6933	7895
1493	7410
2339	7337
4651	7930
7028	7541
1209	7803
2682	7928
3686	7685
4767	7554
6161	8199
6166	7321
4298	7629
6874	7820
2587	7461
3339	8125
4675	7766
5159	7265
745	8019
1607	8274
3141	8144
3281	7396
4081	7833
4153	7709
5009	7600
6712	7244
1086	7845
1344	7291
2675	8267
3112	7283
3432	7592
6015	7739
303	7875
2149	7433
6333	7971
754	7471
6413	7400
478	7271
1127	7722
2775	7250
5518	7902
2859	8053
5209	7649
6410	7400
2760	7250
260	8479
2810	7250
64	7323
1240	7466
2544	7402
2633	7736
3703	7529
215	8408
920	7849
1114	7369
2381	7418
277	8082
2592	7461
3080	7373
3316	7437
4520	7527
6405	7400
1985	7389
2089	7433
1564	7748
2290	7337
3465	7455
3812	7672
6451	8100
548	7794
3429	7592
4826	7695
2828	7250
4261	7552
5235	7698
1832	7333
2781	7250
4740	7279
2888	7663
5548	7480
5973	7365
2588	7461
3547	7575
4933	7659
5543	7480
5865	7829
6594	7570
41	7763
394	7269
1189	8192
2030	7389
2504	7562
5590	7380
6804	7289
111	8477
141	7416
735	7677
1392	7645
2154	7433
2298	7337
3176	7647
503	7843
1311	7626
1656	7643
2758	7250
3369	8021
3844	7376
1298	7726
2830	7250
3325	8055
6221	7287
376	7566
2229	7327
2590	7461
5791	7448
6067	7281
356	7557
3011	7809
3639	8310
3810	7672
4214	7484
6483	7783
1393	7645
1741	7690
3918	7751
4020	7345
5270	8176
585	7252
2574	7402
4721	7275
6358	7408
6465	8100
187	8225
1103	7369
2144	7433
3790	7615
663	7572
5008	7600
7132	7861
3383	7655
6873	7820
2182	7392
5029	7600
5187	7265
2021	7389
3221	7939
4703	7275
5189	7265
1358	7291
1979	7389
2172	7392
5881	7425
6623	7367
1510	7410
1626	8107
3286	8119
3746	7900
4292	7629
4683	7766
899	7661
1192	8192
3523	7582
4364	7319
4912	8223
6082	7732
6950	7704
639	7317
2246	7327
5070	7799
5703	7488
6794	7718
870	7299
1132	7722
3435	7592
765	8458
1054	7911
5234	7698
6452	8100
6609	7367
3941	8387
5690	7277
957	7537
1618	8107
4707	7275
5284	7548
7157	8073
2817	7250
4617	7947
5325	7349
5339	7922
5507	7823
255	7949
1953	7389
3169	7647
3467	7455
2032	7389
2241	7327
4640	7759
4682	7766
6215	7476
359	7557
751	7863
4254	7285
4454	7474
3269	7757
5069	7799
3663	8037
5223	7649
5378	7681
5489	8265
5855	7303
58	7323
1143	7722
3304	7486
7193	7841
217	8317
637	7317
3170	7647
4457	7474
1504	7410
1681	7967
3319	7907
6751	7431
7004	7579
1399	8201
2779	7250
5028	7600
5581	7380
802	8140
2176	7392
3287	8119
3744	7900
3946	7815
6579	7570
2	9311
2378	7418
2916	8015
5749	7441
6551	7546
3863	8183
4804	7695
6436	7400
4365	7319
6270	7335
6825	7955
5720	7837
3086	7373
3916	7751
5788	7448
6062	7281
149	8281
1748	7612
6224	7287
429	7246
1502	7410
2153	7433
3633	7301
3757	7900
6537	7546
1225	7979
2638	7736
3353	7446
2772	7250
6272	7335
2295	7337
2375	7418
3888	7776
6593	7570
21	7873
3407	7753
318	7792
542	8324
2102	7433
2918	8015
3371	8021
3915	7751
5164	7265
5691	7277
4356	8432
6251	7335
6966	7879
1234	8284
2568	7402
2668	7796
6691	7325
6977	7519
541	8324
787	7459
1299	7726
1512	7410
1965	7389
3186	7958
3878	7776
5170	7265
6486	7783
2155	7433
3122	7544
4343	7256
2024	7389
5921	7329
6591	7570
339	7700
1647	7589
2233	7327
2894	7663
3500	7582
3972	7559
46	8092
1401	8201
2437	7293
2452	7354
3271	7757
177	8394
1102	7369
1744	7690
2157	7433
4701	7275
2090	7433
5129	7932
6630	7367
5757	7441
6250	7335
1669	7444
5428	7398
5636	7295
5656	7382
805	8140
3867	7509
6649	7405
1759	7977
1837	7333
1841	7333
3605	8035
4634	7947
4722	7275
2091	7433
2890	7663
4071	7833
6559	7546
45	8092
795	8462
1663	7643
4016	7345
4399	7439
5240	7698
140	7416
1620	8107
2821	7250
86	8009
1679	7967
5838	7877
730	7677
3002	7587
3196	7958
3720	7529
3741	7900
6001	7497
75	7362
3521	7582
3600	8024
4593	7513
84	8009
1706	7969
1863	7333
2829	7250
3458	7455
4624	7947
6328	7331
1281	7726
2907	7663
3817	7672
4242	7285
4510	7527
6652	7405
7095	7926
1869	7333
3768	8089
4474	7511
6296	8380
6760	7431
2107	7433
3058	7818
4560	7513
5043	7414
1028	7865
2710	7679
3981	7343
4719	7275
4873	7478
1405	8201
1552	7410
2987	7236
4949	7457
6363	7408
410	7269
1628	8107
1839	7333
3681	7713
3962	8220
6871	7820
242	8112
526	8179
584	7252
2406	7293
2865	8053
3988	7343
6540	7546
350	7856
3190	7958
3870	7509
4641	7759
250	8231
2300	7337
4181	7517
4215	7484
5463	7962
6297	8380
7112	7861
7113	7861
3256	7939
3563	7892
3905	7751
5340	7922
1	9311
985	7537
125	8154
587	7252
593	7252
814	8094
2826	7250
2862	8053
4429	7474
6151	7267
7086	7926
7181	7653
62	7323
1511	7410
4882	7378
6050	7468
2224	7327
2713	7679
4328	7629
5445	9332
6359	7408
7003	7579
2327	7337
4939	7659
5127	7932
5967	7365
6921	7895
266	9196
1785	7305
4482	7511
5318	7349
5444	8423
6103	7942
6351	7523
2967	7595
3707	7529
4752	7279
2515	7562
6033	7468
6034	7468
1952	7389
2759	7250
6089	7778
6284	7871
4301	7629
4386	7311
5563	7480
7097	7926
2942	7423
4930	7659
146	7416
979	7537
6775	7431
100	7670
512	8490
3710	7529
4125	7991
4387	7311
4674	7766
5524	7606
2016	7389
2613	7429
4558	7513
4742	7279
5406	7635
7192	7841
237	7868
2086	7433
2111	7433
3957	8220
6773	7431
7201	7641
1274	7726
3405	7753
5546	7480
1346	7291
4852	7347
6809	7289
6908	7651
837	7531
1775	7305
3285	8119
3536	7780
2019	7389
2505	7562
4892	7835
6689	7325
2928	8015
3089	7394
3961	8220
4072	7833
7111	7861
4103	7639
7075	7633
741	8019
1182	7568
1986	7389
3217	7939
3557	7892
4678	7766
5128	7932
1496	7410
3627	7301
7189	7841
238	7868
2616	7429
3227	7939
3250	7939
4918	7674
2184	7392
3672	8109
3794	7615
5021	7600
6735	7244
1500	7410
2088	7433
4368	7319
6304	7986
471	7768
4212	7484
4592	7513
2683	7928
4207	7484
4866	7347
5514	8291
7212	7641
1569	7748
1830	7333
3527	7582
5926	7329
1578	7748
4971	7811
5786	7448
420	7246
537	7773
981	7537
1181	7568
1453	8123
4129	7991
460	7620
800	8140
966	7537
988	7537
6382	7609
6575	7570
2294	7337
5663	7382
458	7620
2757	7250
3580	7564
4306	7629
4329	7629
5696	7258
405	7269
1684	7967
5393	7681
5997	7497
6273	7335
19	7873
3948	7815
4438	7474
1208	7803
7063	7633
1273	7726
3667	8037
5212	7649
6313	8488
219	8317
438	7248
1627	8107
2291	7337
6790	7297
827	9349
1435	7805
1495	7410
5568	7480
6032	7468
1657	7643
5253	7698
6048	7468
6536	7546
704	7492
3101	7283
4798	7695
7155	8073
1008	7504
2400	7293
3497	7582
5639	7295
5772	7448
1053	7911
2280	7337
2839	7813
3687	7685
4157	7709
4709	7275
4970	7811
5317	7349
5384	7681
6414	7400
7054	7633
2660	7796
3085	7373
5454	7533
3709	7529
3933	7577
5001	7600
5733	8170
6014	7739
470	7768
997	7504
1396	7645
3966	7559
5205	7649
5728	8170
6997	7579
1616	8107
3049	7818
5682	7277
1301	7726
2202	7371
3906	7751
4250	7285
4436	7474
4564	7513
5789	7448
6902	7651
2999	7587
4623	7947
4886	7378
5734	8170
3457	7455
3803	7615
708	7492
2285	7337
4484	7511
5394	7681
1407	7897
2678	8267
5184	7265
5289	7548
7059	7633
4856	7347
5670	8271
490	7315
705	7492
1091	7845
1443	8303
1758	7977
4054	7345
6106	7942
967	7537
2431	7293
3850	7376
6466	8100
6959	7879
1313	7626
1543	7410
3154	7997
4801	7695
818	8261
4929	7659
5582	7380
6577	7570
1367	8114
3831	7309
5528	7606
7005	7579
1317	7626
2362	7418
3308	7238
4303	7629
6904	7651
108	8477
3188	7958
5779	7448
5814	7919
937	8240
2414	7293
2925	8015
3007	7587
3706	7529
4080	7833
5595	7380
1795	7305
2364	7418
3313	7437
6732	7244
390	7269
2694	8132
4824	7695
5418	7635
269	8527
1259	7789
2824	7250
589	7252
1491	7410
1492	7410
933	8341
3503	7582
4230	7484
4975	7811
465	7620
2589	7461
5083	7515
6555	7546
291	7974
3541	7780
4514	7527
4552	7513
4862	7347
1000	7504
2211	7371
2926	8015
4743	7279
4959	7457
6287	7871
7115	7861
984	7537
1440	8303
4407	7439
6010	7497
6323	7331
6501	7351
91	8009
715	7492
909	7661
1743	7690
1980	7389
2695	8132
1828	7333
2831	7250
4684	7766
6464	8100
2197	7371
6143	8069
7204	7641
1280	7726
6104	7942
6377	7609
2606	7461
3444	7592
696	7847
2902	7663
4090	8365
5471	8158
5562	7480
5971	7365
6073	7744
2328	7337
2536	7402
3187	7958
3632	7301
6880	7820
532	7773
595	7252
1862	7333
5456	8269
5965	7365
1973	7389
2649	8216
2893	7663
6214	7476
1601	8086
1879	7550
3036	7435
3037	7435
5580	7380
3390	7655
5084	7515
1360	7291
2449	7354
4567	7513
6590	7570
6688	7325
448	7248
838	7531
4227	7484
3024	7435
4452	7474
7118	7861
7205	7641
1956	7389
6416	7400
1007	7504
4402	7439
6002	7497
7172	7653
779	7494
3577	7742
6066	7281
6628	7367
6894	8295
2435	7293
3135	7544
3880	7776
6709	7244
37	7763
286	8418
1275	7726
1555	7410
3919	7751
4456	7474
4596	7513
7009	7499
1715	8012
3265	7707
3441	7592
3949	7815
4079	7833
5110	7932
6334	7971
209	7386
1958	7389
2940	7423
6079	8443
6178	7321
7131	7861
289	8165
2502	7562
2771	7250
4768	7554
5655	7382
1585	7450
1117	7369
3111	7283
5552	7480
1774	7305
1889	7234
3689	7685
4762	7554
6184	7602
411	7269
511	8490
1565	7748
4512	7527
5808	7919
780	7494
3017	7809
3531	7582
3930	7341
706	7492
1426	7604
5335	7922
5809	7919
1203	7803
3071	7254
5620	7295
5760	7441
6128	7357
3954	7261
5911	7329
528	8179
1141	7722
2227	7327
3100	7283
5042	7414
447	7248
2548	7402
6993	7579
7076	7633
2093	7433
2099	7433
3673	8109
6811	8186
1362	7291
2468	7354
668	7572
938	8240
3126	7544
466	7620
1685	7967
5983	7365
6571	7570
308	8519
578	7252
2156	7433
5183	7265
5194	7265
5777	7448
6800	8361
1610	8274
1689	8454
4068	7833
5366	7242
5486	8265
7021	7541
7142	7464
586	7252
4698	7275
6196	7904
6758	7431
131	7888
3153	7997
4231	7484
6592	7570
7120	7861
1577	7748
2957	7423
4838	7263
3613	8035
4999	7600
6627	7367
6715	7244
719	7412
791	7459
1061	7911
1799	7305
3280	7396
3980	7343
4676	7766
4932	7659
5409	7635
2943	7423
3903	7751
338	7700
1060	7911
3524	7582
4563	7513
5850	7618
6778	7431
5708	8473
6756	7431
538	7773
833	8206
2541	7402
4026	7345
755	7471
3393	7693
4205	7484
6052	7468
7089	7926
203	7386
4603	7513
5207	7649
886	7299
1969	7389
5265	8176
5758	7441
4793	7695
6077	7744
7062	7633
3223	7939
300	7875
3361	7446
3868	7509
5441	7398
6952	7704
7163	8073
1244	7466
1325	7626
5525	7606
6155	7267
1494	7410
1966	7389
5160	7265
5868	7829
6492	7783
2538	7402
3498	7582
3588	7924
4511	7527
4864	7347
652	7317
831	8206
5946	7329
962	7537
1978	7389
1988	7389
2627	7429
4549	7513
4761	7554
6150	7267
11	7873
1248	7598
1594	8086
4952	7457
6311	8488
964	7537
1513	7410
1538	7410
2382	7418
2591	7461
4305	7629
4455	7474
3087	7373
4309	7629
5131	7932
5945	7329
6146	8069
6919	7895
1548	7410
4426	7474
6168	7321
3093	8161
392	7269
868	7299
2037	7389
3545	7575
4851	7347
12	7873
2814	7250
6169	7321
6753	7431
1974	7389
3929	7341
4392	7311
6007	7497
35	7763
1595	8086
5130	7932
6325	7331
57	7323
662	7572
1241	7466
2973	7595
3044	7818
3488	7582
6629	7367
6961	7879
205	7386
892	7785
2110	7433
3222	7939
3634	7301
6136	7755
6383	7609
6772	7431
169	7360
197	7883
2663	7796
2849	7813
3890	7776
4136	7991
4428	7474
4954	7457
6718	7244
1609	8274
1840	7333
5283	7548
5964	7365
6158	8199
869	7299
1250	7598
1619	8107
3056	7818
3434	7592
3581	7564
4372	8259
5243	7698
1357	7291
2287	7337
4800	7695
6889	8295
2453	7354
4058	7345
4723	7275
6093	7778
6210	7476
1336	7711
3572	7742
5114	7932
5462	7962
5623	7295
5681	7277
3433	7592
3855	8183
5776	7448
6901	7651
3466	7455
1710	8012
2433	7293
2905	7663
4123	7991
5195	7265
6076	7744
6276	7335
70	7362
1131	7722
2887	7663
6820	8298
1700	7969
7114	7861
90	8009
594	7252
5327	7349
2379	7418
6669	7325
3091	7394
6805	7289
801	8140
930	8341
1427	7604
2478	7421
4821	7695
5088	7515
969	7537
1069	8149
1285	7726
2762	7250
120	8154
263	7854
918	7801
2096	7433
5439	7398
6672	7325
2092	7433
2201	7371
3125	7544
5744	7441
6040	7468
7020	7541
7041	8229
6530	7546
1059	7911
2696	8132
3662	8037
4553	7513
4705	7275
5220	7649
122	8154
549	7794
3904	7751
5382	7681
6127	7357
1549	7410
1778	7305
3740	7900
4211	7484
4855	7347
6554	7546
5290	7548
5915	7329
5999	7497
6641	7405
6761	7431
3268	7757
3299	7486
4485	7511
742	8019
4182	7517
4483	7511
6130	7357
788	7459
1014	7981
1388	7273
2770	7250
6159	8199
317	7792
1783	7305
2245	7327
2782	7250
3134	7544
6020	7739
523	7506
1617	8107
3862	8183
3761	7900
5844	7877
5876	7425
6784	7297
13	7873
2457	7354
2860	8053
5057	8000
2035	7389
3139	8144
4180	7517
5815	7919
7022	7541
3113	7283
5306	7548
5381	7681
928	8071
1436	7805
2138	7433
5118	7932
1544	7410
3300	7486
4059	7345
3537	7780
5490	8265
6710	7244
6975	7519
103	7670
6009	7497
5920	7329
7011	7499
271	9147
366	7566
1083	7845
1878	7550
1972	7389
3348	7657
5000	7600
1239	7466
4239	7285
4375	8259
6994	7579
484	7271
497	7315
1300	7726
4891	7835
5614	7295
5916	7329
6785	7297
615	7252
4502	7511
1834	7333
2080	7433
4326	7629
4677	7766
4756	7279
5879	7425
5912	7329
6860	8146
703	7492
6535	7546
154	7720
551	7794
1842	7333
5222	7649
24	7535
355	7557
3771	8089
6433	7400
2864	8053
6035	7468
406	7269
778	7494
1894	7234
6638	7405
1113	7369
1640	7589
3388	7655
3559	7892
6475	7761
816	8261
3464	7455
3489	7582
5059	8000
5709	8473
5745	7441
6336	7971
1639	7589
2338	7337
6509	7351
6733	7244
5255	7698
917	7801
963	7537
1419	7604
1957	7389
5157	7265
6319	7728
1454	8123
1882	7550
6370	7408
5191	7265
256	7949
902	7661
2336	7337
4105	7639
4871	7478
5251	7698
5923	7329
7077	7633
900	7661
1664	7643
2634	7736
3682	7713
4050	7345
925	8071
2018	7389
2140	7433
2410	7293
2721	7679
3747	7900
4269	7552
5579	7380
6503	7351
418	7246
1090	7845
2722	7679
6817	8298
6942	7704
1159	7568
1373	8116
2334	7337
2662	7796
6588	7570
7230	7715
3658	8398
3843	7376
5452	7533
2025	7389
2413	7293
3189	7958
5316	7349
6255	7335
3006	7587
3330	8055
3402	8064
3738	7900
4741	7279
5830	7919
274	8082
479	7271
121	8154
520	7506
4425	7474
2142	7433
2719	7679
2811	7250
2823	7250
4047	7345
906	7661
3737	7900
2971	7595
7214	7641
104	7670
1571	7748
4093	8365
4938	7659
5210	7649
5308	7548
441	7248
960	7537
5096	7515
5501	8265
