id	type	origin	dest	dtime	vot
5	111	1	5	46	32.94024940127484
34	111	1	5	69	92.49037465789749
4	111	1	5	85	21.688581692563883
24	111	1	5	89	2.8581669786001545
21	111	1	5	98	47.46973605907038
17	111	1	5	119	7.262034096291404
15	111	1	5	131	12.907133232649832
13	111	1	5	179	32.262071131583895
36	111	1	5	194	43.3097430932532
7	111	1	5	206	27.62922183802941
37	111	1	5	206	22.056836343615835
16	111	1	5	249	25.711532854043863
26	111	1	5	272	3.4853561560607953
2	111	1	5	308	15.918114280496873
23	111	1	5	320	11.189966485973866
29	111	1	5	348	16.872122001534056
40	111	1	5	377	36.10430413603879
9	111	1	5	408	3.412492709201221
20	111	1	5	429	7.662563558026827
22	111	1	5	433	25.328416365405964
32	111	1	5	436	4.395580119883733
33	111	1	5	449	6.404727790398734
12	111	1	5	488	31.79838574192041
39	111	1	5	512	10.625568258749478
27	111	1	5	534	1.2284632953315824
31	111	1	5	539	38.783567870643836
41	111	1	5	539	5.105285658360791
8	111	1	5	572	11.783967948994675
30	111	1	5	587	42.8248954920562
25	111	1	5	633	6.106539882185638
3	111	1	5	673	9.469431915183009
35	111	1	5	673	4.86977531663428
1	111	1	5	702	17.050873036960876
18	111	1	5	714	6.2900798019262645
19	111	1	5	737	21.711330534191376
11	111	1	5	761	103.5808076902391
14	111	1	5	764	20.525798454662496
42	111	1	5	801	10.042515940054143
43	111	1	5	820	74.15739225472137
6	111	1	5	864	14.540141575230582
10	111	1	5	869	10.681607066719884
28	111	1	5	870	0.9670576118997007
38	111	1	5	900	0.4461974879553524
61	111	1	5	916	3.8281272381620166
64	111	1	5	948	17.238459722835575
70	111	1	5	974	18.324902315793558
58	111	1	5	976	0.6272821505754275
54	111	1	5	1021	25.799210317579156
80	111	1	5	1066	12.081455875871892
69	111	1	5	1091	55.39480500396854
67	111	1	5	1112	25.97052242911718
47	111	1	5	1122	14.949879776530203
56	111	1	5	1126	10.770568617250916
49	111	1	5	1130	1.5102909862417286
50	111	1	5	1149	46.07928976387213
62	111	1	5	1194	22.0215541000611
74	111	1	5	1235	39.719088514893244
53	111	1	5	1252	7.497865630167448
55	111	1	5	1326	3.059816942267581
51	111	1	5	1334	18.689913971125225
59	111	1	5	1399	12.011301000400929
87	111	1	5	1401	7.01570695416668
65	111	1	5	1403	6.801038811178646
52	111	1	5	1415	19.86634370923209
44	111	1	5	1454	17.808487137220684
72	111	1	5	1454	14.345480382909077
81	111	1	5	1476	55.43716169946655
76	111	1	5	1488	37.451626182166926
82	111	1	5	1497	25.295142041009374
60	111	1	5	1505	11.72319936075224
79	111	1	5	1505	2.2840504094401757
85	111	1	5	1552	11.94568548917926
75	111	1	5	1573	10.969296962915013
48	111	1	5	1581	5.709703353014268
66	111	1	5	1581	1.2662659196401433
63	111	1	5	1601	18.062810133568405
71	111	1	5	1605	27.423293278666243
46	111	1	5	1609	32.61902688398486
57	111	1	5	1612	4.609119490247315
73	111	1	5	1638	15.164606012857519
84	111	1	5	1669	10.01189849015779
45	111	1	5	1698	21.227423192063398
78	111	1	5	1722	11.896595462305257
86	111	1	5	1750	26.109062355683182
77	111	1	5	1751	81.44058901263712
83	111	1	5	1788	2.588330431406199
68	111	1	5	1796	39.09961009129801
125	111	1	5	1804	123.06947101228864
116	111	1	5	1819	7.284866570689252
124	111	1	5	1829	77.31005397051686
130	111	1	5	1853	12.318039720912122
92	111	1	5	1875	23.646441884924137
115	111	1	5	1890	20.195461375423786
114	111	1	5	1905	26.87068659259633
89	111	1	5	1920	4.42006034885807
127	111	1	5	1932	81.22679419833352
103	111	1	5	1963	26.656738820731153
129	111	1	5	1966	17.62921551512039
100	111	1	5	1971	111.83732172212652
128	111	1	5	2016	2.2433096577867953
96	111	1	5	2028	4.46734620575321
121	111	1	5	2047	29.51260135540194
109	111	1	5	2095	8.774930443414313
88	111	1	5	2104	28.02071954329948
107	111	1	5	2161	16.183371168347048
120	111	1	5	2164	3.523237546433204
91	111	1	5	2191	21.421111518407468
108	111	1	5	2219	0.8633805050004093
112	111	1	5	2281	79.45349355498372
90	111	1	5	2293	23.129098652693596
99	111	1	5	2342	5.865744280093245
119	111	1	5	2352	1.4791883747957786
106	111	1	5	2358	105.26839292196834
104	111	1	5	2376	3.033902150688857
102	111	1	5	2382	66.2451619528915
97	111	1	5	2409	7.968486126263306
111	111	1	5	2416	30.596979622592546
113	111	1	5	2446	10.466295071715702
93	111	1	5	2459	20.82653338277584
95	111	1	5	2467	4.271400576019094
126	111	1	5	2476	4.21480640560058
123	111	1	5	2513	60.95157219370805
101	111	1	5	2540	37.9191702343742
94	111	1	5	2546	34.34402994766104
110	111	1	5	2607	1.5531037075388425
98	111	1	5	2616	26.41185280743534
105	111	1	5	2630	2.3285200516923665
117	111	1	5	2631	17.583629213868615
122	111	1	5	2641	12.98901255535084
118	111	1	5	2675	41.35859659654389
138	111	1	5	2719	61.66848652967317
146	111	1	5	2734	41.23618363547058
169	111	1	5	2745	32.70413252861387
168	111	1	5	2746	13.32915546326261
167	111	1	5	2748	0.0018944276545558346
137	111	1	5	2825	26.10291857383871
134	111	1	5	2856	18.349084853262823
163	111	1	5	2883	32.15748757727253
165	111	1	5	2897	27.485537154455848
156	111	1	5	2950	15.313372204014055
152	111	1	5	2972	17.68069149096398
133	111	1	5	2975	25.511307270927233
158	111	1	5	3031	23.035562487177252
135	111	1	5	3038	64.03557871705233
145	111	1	5	3090	16.12831769062824
164	111	1	5	3101	17.153370532523887
166	111	1	5	3136	13.145523663099869
139	111	1	5	3141	0.22309737253817066
160	111	1	5	3150	2.8161864180154956
171	111	1	5	3159	9.124242377502707
131	111	1	5	3171	6.5271901939484644
173	111	1	5	3202	17.74278174816743
136	111	1	5	3229	2.0669028548343538
153	111	1	5	3254	29.97703993513953
148	111	1	5	3260	2.0725960108722554
174	111	1	5	3264	14.477578234369053
149	111	1	5	3276	15.068004264783182
132	111	1	5	3301	2.827549079206819
154	111	1	5	3301	23.34524373255927
150	111	1	5	3325	43.183210978427994
144	111	1	5	3337	6.14302915008621
170	111	1	5	3341	1.898830027252081
141	111	1	5	3360	34.272867032451266
162	111	1	5	3388	0.7246469615673738
159	111	1	5	3389	12.393400266478235
143	111	1	5	3393	10.46573298488739
140	111	1	5	3398	21.486031474127373
151	111	1	5	3424	12.186097151282627
172	111	1	5	3429	9.914333397410143
155	111	1	5	3494	80.95578959766425
161	111	1	5	3494	35.90268800202616
142	111	1	5	3544	4.002965710156945
147	111	1	5	3569	60.1631637624047
157	111	1	5	3599	94.21623161428549
