7327	6	1.0	902424	2421	2122	2215	1510	1019010
7727	4	1.0	902424	2413	1312	1219012
7259	3	1.0	902424	2413	1319013
7451	5	1.0	902424	2421	2122	2215	1519015
7603	3	1.0	902424	2421	2119021
7391	4	1.0	902424	2421	2122	2219022
7747	3	1.0	902424	2423	2319023
7855	7	1.0	902424	2421	2120	2018	187	78	819008
8091	3	1.0	90011	12	219002
8011	3	1.0	90011	13	319003
7367	4	1.0	90011	13	34	419004
7681	4	1.0	90011	12	26	619006
7763	6	1.0	90011	12	26	68	87	719007
7605	5	1.0	90011	12	26	68	819008
7459	6	1.0	90011	13	34	45	59	919009
7733	7	1.0	90011	13	34	45	59	910	1019010
7657	5	1.0	90011	13	34	411	1119011
7553	4	1.0	90011	13	312	1219012
7677	5	1.0	90011	13	312	1213	1319013
7933	6	1.0	90011	13	34	411	1114	1419014
8025	7	1.0	90011	13	34	411	1114	1415	1519015
7635	6	1.0	90011	12	26	68	816	1619016
7227	7	1.0	90011	12	26	68	816	1617	1719017
7549	7	1.0	90011	12	26	68	87	718	1819018
8049	8	1.0	90011	12	26	68	816	1617	1719	1919019
7881	8	1.0	90011	12	26	68	87	718	1820	2019020
7939	7	1.0	90011	13	312	1213	1324	2421	2119021
7729	8	1.0	90011	13	312	1213	1324	2421	2122	2219022
7335	7	1.0	90011	13	312	1213	1324	2423	2319023
7579	6	1.0	90011	13	312	1213	1324	2419024
7869	3	1.0	90022	21	119001
7909	5	1.0	90022	26	65	54	419004
8063	3	1.0	90022	26	619006
7203	5	1.0	90022	26	68	87	719007
7735	4	1.0	90022	26	68	819008
8021	5	1.0	90022	26	65	59	919009
7849	6	1.0	90022	26	68	816	1610	1019010
7499	6	1.0	90022	26	65	54	411	1119011
7631	5	1.0	90022	21	13	312	1219012
7969	6	1.0	90022	21	13	312	1213	1319013
7655	7	1.0	90022	26	65	54	411	1114	1419014
8007	8	1.0	90022	26	68	816	1617	1719	1915	1519015
7325	5	1.0	90022	26	68	816	1619016
7205	6	1.0	90022	26	68	816	1617	1719017
8001	7	1.0	90022	26	68	816	1617	1719	1919019
7897	7	1.0	90022	26	68	87	718	1820	2019020
7761	8	1.0	90022	26	68	87	718	1820	2022	2219022
7809	3	1.0	90033	31	119001
7891	3	1.0	90033	34	419004
8089	5	1.0	90033	34	45	56	619006
7789	7	1.0	90033	34	45	56	68	87	719007
7379	6	1.0	90033	34	45	56	68	819008
7795	5	1.0	90033	34	45	59	919009
7843	6	1.0	90033	34	45	59	910	1019010
8083	4	1.0	90033	312	1211	1119011
8053	3	1.0	90033	312	1219012
7613	4	1.0	90033	312	1213	1319013
8045	5	1.0	90033	312	1211	1114	1419014
7877	6	1.0	90033	312	1211	1114	1415	1519015
7627	7	1.0	90033	34	45	56	68	816	1619016
7889	8	1.0	90033	34	45	56	68	816	1617	1719017
8079	7	1.0	90033	312	1213	1324	2421	2122	2219022
7997	6	1.0	90033	312	1213	1324	2423	2319023
7953	4	1.0	90044	43	31	119001
7875	5	1.0	90044	45	56	62	219002
8055	3	1.0	90044	43	319003
7807	4	1.0	90044	45	56	619006
8029	6	1.0	90044	45	56	68	87	719007
7637	5	1.0	90044	45	56	68	819008
7585	4	1.0	90044	45	59	919009
7587	5	1.0	90044	45	59	910	1019010
7687	3	1.0	90044	411	1119011
7701	4	1.0	90044	43	312	1219012
7563	5	1.0	90044	43	312	1213	1319013
8041	4	1.0	90044	411	1114	1419014
7467	5	1.0	90044	411	1114	1415	1519015
7559	6	1.0	90044	45	56	68	816	1619016
7755	7	1.0	90044	45	56	68	816	1617	1719017
7935	8	1.0	90044	45	56	68	816	1617	1719	1919019
7903	8	1.0	90044	45	56	68	87	718	1820	2019020
7633	7	1.0	90044	43	312	1213	1324	2421	2119021
7911	6	1.0	90044	411	1114	1423	2322	2219022
7967	5	1.0	90044	411	1114	1423	2319023
7213	6	1.0	90044	43	312	1213	1324	2419024
7337	4	1.0	90055	59	910	1019010
7215	5	1.0	90055	54	411	1114	1419014
7671	7	1.0	90055	59	910	1015	1522	2221	2119021
7989	4	1.0	90066	62	21	119001
8033	3	1.0	90066	62	219002
8085	5	1.0	90066	65	54	43	319003
7791	4	1.0	90066	65	54	419004
7811	4	1.0	90066	68	87	719007
7447	3	1.0	90066	68	819008
7711	4	1.0	90066	65	59	919009
7593	5	1.0	90066	68	816	1610	1019010
7769	5	1.0	90066	65	54	411	1119011
7595	6	1.0	90066	65	54	43	312	1219012
8013	7	1.0	90066	65	54	43	312	1213	1319013
7895	6	1.0	90066	65	54	411	1114	1419014
7839	7	1.0	90066	68	816	1617	1719	1915	1519015
7457	4	1.0	90066	68	816	1619016
7887	5	1.0	90066	68	816	1617	1719017
7815	6	1.0	90066	68	816	1617	1719	1919019
7273	6	1.0	90066	68	87	718	1820	2019020
7509	7	1.0	90066	68	87	718	1820	2021	2119021
7431	7	1.0	90066	68	87	718	1820	2022	2219022
8071	8	1.0	90066	68	87	718	1820	2022	2223	2319023
7983	8	1.0	90066	68	87	718	1820	2021	2124	2419024
8057	6	1.0	90077	78	86	62	21	119001
8065	5	1.0	90077	78	86	62	219002
8027	7	1.0	90077	78	86	65	54	43	319003
8003	6	1.0	90077	78	86	65	54	419004
7977	4	1.0	90077	78	86	619006
7223	3	1.0	90077	78	819008
7921	6	1.0	90077	718	1816	1610	109	919009
7441	5	1.0	90077	718	1816	1610	1019010
7453	6	1.0	90077	718	1816	1610	1011	1119011
7841	8	1.0	90077	78	86	65	54	43	312	1219012
7717	7	1.0	90077	718	1820	2021	2124	2413	1319013
7919	8	1.0	90077	718	1816	1617	1719	1915	1514	1419014
8005	7	1.0	90077	718	1816	1617	1719	1915	1519015
7237	4	1.0	90077	718	1816	1619016
7519	5	1.0	90077	718	1816	1617	1719017
7749	6	1.0	90077	718	1816	1617	1719	1919019
7469	4	1.0	90077	718	1820	2019020
7899	5	1.0	90077	718	1820	2021	2119021
7617	5	1.0	90077	718	1820	2022	2219022
7915	6	1.0	90077	718	1820	2022	2223	2319023
7971	5	1.0	90088	86	62	21	119001
7913	4	1.0	90088	86	62	219002
7925	6	1.0	90088	86	65	54	43	319003
7639	5	1.0	90088	86	65	54	419004
7743	4	1.0	90088	86	65	519005
7261	3	1.0	90088	86	619006
7245	3	1.0	90088	87	719007
7709	3	1.0	90088	89	919009
7545	4	1.0	90088	816	1610	1019010
7285	5	1.0	90088	816	1610	1011	1119011
8043	7	1.0	90088	86	65	54	43	312	1219012
7879	8	1.0	90088	86	65	54	43	312	1213	1319013
7653	7	1.0	90088	816	1617	1719	1915	1514	1419014
7589	6	1.0	90088	816	1617	1719	1915	1519015
7315	3	1.0	90088	816	1619016
7623	4	1.0	90088	816	1617	1719017
7831	5	1.0	90088	816	1617	1719	1919019
7443	5	1.0	90088	87	718	1820	2019020
7565	6	1.0	90088	87	718	1820	2021	2119021
7503	6	1.0	90088	87	718	1820	2022	2219022
7691	7	1.0	90088	87	718	1820	2022	2223	2319023
8037	7	1.0	90088	87	718	1820	2021	2124	2419024
7269	6	1.0	90099	95	54	43	31	119001
8073	5	1.0	90099	95	56	62	219002
7575	5	1.0	90099	95	54	43	319003
7253	4	1.0	90099	95	54	419004
7757	4	1.0	90099	95	56	619006
7437	6	1.0	90099	910	1016	1618	187	719007
7753	3	1.0	90099	98	819008
7347	3	1.0	90099	910	1019010
7381	4	1.0	90099	910	1011	1119011
7423	5	1.0	90099	910	1011	1112	1219012
7751	6	1.0	90099	910	1011	1112	1213	1319013
7955	5	1.0	90099	910	1011	1114	1419014
7445	4	1.0	90099	910	1015	1519015
7309	4	1.0	90099	910	1016	1619016
7555	5	1.0	90099	910	1016	1617	1719017
7965	6	1.0	90099	910	1016	1617	1719	1919019
7461	6	1.0	90099	910	1016	1618	1820	2019020
7803	6	1.0	90099	910	1015	1522	2221	2119021
7487	5	1.0	90099	910	1015	1522	2219022
7937	6	1.0	90099	910	1011	1114	1423	2319023
7863	7	1.0	90099	910	1015	1522	2221	2124	2419024
7699	7	1.0	901010	109	95	54	43	31	119001
7615	6	1.0	901010	1016	168	86	62	219002
7621	6	1.0	901010	109	95	54	43	319003
7229	5	1.0	901010	109	95	54	419004
7275	4	1.0	901010	109	95	519005
7721	5	1.0	901010	1016	168	86	619006
7951	5	1.0	901010	1016	1618	187	719007
7765	4	1.0	901010	1016	168	819008
7349	3	1.0	901010	109	919009
7217	3	1.0	901010	1011	1119011
7239	4	1.0	901010	1011	1112	1219012
7303	5	1.0	901010	1011	1112	1213	1319013
7731	4	1.0	901010	1011	1114	1419014
7369	3	1.0	901010	1015	1519015
7219	3	1.0	901010	1016	1619016
7231	4	1.0	901010	1016	1617	1719017
7475	5	1.0	901010	1016	1617	1719	1919019
7439	5	1.0	901010	1016	1618	1820	2019020
7779	5	1.0	901010	1015	1522	2221	2119021
7277	4	1.0	901010	1015	1522	2219022
7383	5	1.0	901010	1015	1522	2223	2319023
7247	6	1.0	901010	1015	1522	2221	2124	2419024
7463	5	1.0	901111	114	43	31	119001
7995	6	1.0	901111	114	45	56	62	219002
7949	4	1.0	901111	114	43	319003
7357	3	1.0	901111	114	419004
7689	5	1.0	901111	114	45	56	619006
7797	6	1.0	901111	1110	1016	1618	187	719007
7333	5	1.0	901111	1110	1016	168	819008
7233	4	1.0	901111	1110	109	919009
7207	3	1.0	901111	1110	1019010
7199	3	1.0	901111	1112	1219012
7521	4	1.0	901111	1112	1213	1319013
7505	3	1.0	901111	1114	1419014
7353	4	1.0	901111	1114	1415	1519015
7279	4	1.0	901111	1110	1016	1619016
7465	5	1.0	901111	1110	1016	1617	1719017
7425	5	1.0	901111	1114	1415	1519	1919019
7683	6	1.0	901111	1114	1415	1519	1920	2019020
7973	6	1.0	901111	1114	1423	2324	2421	2119021
7397	5	1.0	901111	1114	1415	1522	2219022
7673	4	1.0	901111	1114	1423	2319023
7263	5	1.0	901111	1114	1423	2324	2419024
7847	4	1.0	901212	123	31	119001
7523	5	1.0	901212	123	31	12	219002
7987	3	1.0	901212	123	319003
7551	4	1.0	901212	123	34	419004
7501	5	1.0	901212	123	34	45	519005
7901	6	1.0	901212	123	34	45	56	619006
7931	8	1.0	901212	123	34	45	56	68	87	719007
7537	7	1.0	901212	123	34	45	56	68	819008
7417	5	1.0	901212	1211	1110	109	919009
7741	4	1.0	901212	1211	1110	1019010
7363	3	1.0	901212	1211	1119011
7235	3	1.0	901212	1213	1319013
7827	4	1.0	901212	1211	1114	1419014
7225	5	1.0	901212	1211	1114	1415	1519015
7573	5	1.0	901212	1211	1110	1016	1619016
7907	6	1.0	901212	1211	1110	1016	1617	1719017
7685	6	1.0	901212	1211	1110	1016	1618	1819018
7539	6	1.0	901212	1211	1114	1415	1519	1919019
7893	6	1.0	901212	1213	1324	2421	2120	2019020
8075	5	1.0	901212	1213	1324	2421	2119021
7767	6	1.0	901212	1213	1324	2421	2122	2219022
7805	5	1.0	901212	1213	1324	2423	2319023
7979	4	1.0	901212	1213	1324	2419024
7945	5	1.0	901313	1312	123	31	119001
7835	6	1.0	901313	1312	123	31	12	219002
8077	4	1.0	901313	1312	123	319003
7819	5	1.0	901313	1312	123	34	419004
7871	7	1.0	901313	1312	123	34	45	56	619006
8023	7	1.0	901313	1324	2421	2120	2018	187	719007
7883	8	1.0	901313	1312	123	34	45	56	68	819008
7597	6	1.0	901313	1312	1211	1110	109	919009
7607	5	1.0	901313	1312	1211	1110	1019010
7407	4	1.0	901313	1312	1211	1119011
7317	3	1.0	901313	1312	1219012
7675	5	1.0	901313	1324	2423	2314	1419014
7715	6	1.0	901313	1324	2421	2122	2215	1519015
7771	6	1.0	901313	1312	1211	1110	1016	1619016
7963	8	1.0	901313	1324	2421	2122	2215	1519	1917	1719017
8087	7	1.0	901313	1324	2421	2122	2215	1519	1919019
7667	5	1.0	901313	1324	2421	2120	2019020
8035	4	1.0	901313	1324	2421	2119021
7975	5	1.0	901313	1324	2421	2122	2219022
7419	4	1.0	901313	1324	2423	2319023
8019	3	1.0	901313	1324	2419024
8081	6	1.0	901414	1411	1112	123	31	119001
7861	7	1.0	901414	1411	114	45	56	62	219002
8039	5	1.0	901414	1411	1112	123	319003
8031	4	1.0	901414	1411	114	419004
8047	6	1.0	901414	1411	114	45	56	619006
7619	8	1.0	901414	1415	1519	1917	1716	1618	187	719007
7557	7	1.0	901414	1415	1519	1917	1716	168	819008
7845	5	1.0	901414	1411	1110	109	919009
7495	4	1.0	901414	1411	1110	1019010
7291	3	1.0	901414	1411	1119011
7745	4	1.0	901414	1411	1112	1219012
7525	5	1.0	901414	1423	2324	2413	1319013
7409	3	1.0	901414	1415	1519015
7489	6	1.0	901414	1415	1519	1917	1716	1619016
7647	5	1.0	901414	1415	1519	1917	1719017
7773	4	1.0	901414	1415	1519	1919019
7609	5	1.0	901414	1415	1519	1920	2019020
7599	5	1.0	901414	1423	2324	2421	2119021
7471	4	1.0	901414	1415	1522	2219022
7567	3	1.0	901414	1423	2319023
7265	4	1.0	901414	1423	2324	2419024
7929	7	1.0	901515	1514	1411	1112	123	31	119001
8059	8	1.0	901515	1519	1917	1716	168	86	62	219002
8015	6	1.0	901515	1514	1411	1112	123	319003
7481	5	1.0	901515	1514	1411	114	419004
7833	7	1.0	901515	1519	1917	1716	168	86	619006
8009	7	1.0	901515	1519	1917	1716	1618	187	719007
7359	6	1.0	901515	1519	1917	1716	168	819008
7569	4	1.0	901515	1510	109	919009
7371	3	1.0	901515	1510	1019010
7813	4	1.0	901515	1514	1411	1119011
8061	5	1.0	901515	1514	1411	1112	1219012
7529	6	1.0	901515	1522	2221	2124	2413	1319013
7319	3	1.0	901515	1514	1419014
7411	5	1.0	901515	1519	1917	1716	1619016
7339	4	1.0	901515	1519	1917	1719017
7649	6	1.0	901515	1519	1917	1716	1618	1819018
7413	3	1.0	901515	1519	1919019
7281	4	1.0	901515	1519	1920	2019020
7663	4	1.0	901515	1522	2221	2119021
7385	3	1.0	901515	1522	2219022
7713	4	1.0	901515	1522	2223	2319023
7629	5	1.0	901515	1522	2221	2124	2419024
7399	6	1.0	901616	168	86	62	21	119001
7885	5	1.0	901616	168	86	62	219002
7361	7	1.0	901616	168	86	65	54	43	319003
7851	6	1.0	901616	168	86	65	54	419004
7927	4	1.0	901616	168	86	619006
7511	4	1.0	901616	1618	187	719007
7321	3	1.0	901616	168	819008
7477	4	1.0	901616	1610	109	919009
7221	3	1.0	901616	1610	1019010
7479	4	1.0	901616	1610	1011	1119011
7491	5	1.0	901616	1610	1011	1112	1219012
7421	6	1.0	901616	1610	1011	1112	1213	1319013
7917	6	1.0	901616	1617	1719	1915	1514	1419014
7271	5	1.0	901616	1617	1719	1915	1519015
7341	3	1.0	901616	1617	1719017
7387	3	1.0	901616	1618	1819018
7961	4	1.0	901616	1617	1719	1919019
7329	4	1.0	901616	1618	1820	2019020
7829	7	1.0	901616	1617	1719	1915	1522	2221	2119021
7365	6	1.0	901616	1617	1719	1915	1522	2219022
7793	7	1.0	901616	1617	1719	1915	1522	2223	2319023
7873	7	1.0	901717	1716	168	86	62	21	119001
7697	6	1.0	901717	1716	168	86	62	219002
7293	8	1.0	901717	1716	168	86	65	54	43	319003
7541	7	1.0	901717	1716	168	86	65	54	419004
7355	5	1.0	901717	1716	168	86	619006
7581	5	1.0	901717	1716	1618	187	719007
7739	4	1.0	901717	1716	168	819008
7583	5	1.0	901717	1716	1610	109	919009
7343	4	1.0	901717	1716	1610	1019010
7641	5	1.0	901717	1716	1610	1011	1119011
7679	6	1.0	901717	1716	1610	1011	1112	1219012
7415	8	1.0	901717	1719	1915	1522	2221	2124	2413	1319013
7493	5	1.0	901717	1719	1915	1514	1419014
7351	4	1.0	901717	1719	1915	1519015
7401	3	1.0	901717	1716	1619016
7651	3	1.0	901717	1719	1919019
7209	4	1.0	901717	1719	1920	2019020
7923	6	1.0	901717	1719	1915	1522	2221	2119021
7331	5	1.0	901717	1719	1915	1522	2219022
7345	6	1.0	901717	1719	1915	1522	2223	2319023
7571	7	1.0	901717	1719	1915	1522	2221	2124	2419024
7781	5	1.0	901818	1816	1610	109	919009
7643	6	1.0	901818	1816	1610	1011	1112	1219012
7483	7	1.0	901818	187	78	86	62	21	119001
7393	5	1.0	901818	1816	1617	1719	1919019
7485	8	1.0	901919	1917	1716	168	86	62	21	119001
7947	7	1.0	901919	1917	1716	168	86	62	219002
7577	8	1.0	901919	1917	1716	168	86	65	54	419004
7991	6	1.0	901919	1917	1716	168	86	619006
7737	6	1.0	901919	1917	1716	1618	187	719007
7723	5	1.0	901919	1917	1716	168	819008
8051	6	1.0	901919	1917	1716	1610	109	919009
7249	5	1.0	901919	1917	1716	1610	1019010
7661	5	1.0	901919	1915	1514	1411	1119011
8067	8	1.0	901919	1915	1522	2221	2124	2413	1312	1219012
7993	7	1.0	901919	1915	1522	2221	2124	2413	1319013
7957	4	1.0	901919	1915	1514	1419014
7323	3	1.0	901919	1915	1519015
7669	4	1.0	901919	1917	1716	1619016
7287	3	1.0	901919	1917	1719017
7543	3	1.0	901919	1920	2019020
7999	5	1.0	901919	1915	1522	2221	2119021
7591	4	1.0	901919	1915	1522	2219022
7561	5	1.0	901919	1915	1522	2223	2319023
7941	6	1.0	901919	1915	1522	2221	2124	2419024
7389	8	1.0	902020	2018	187	78	86	62	21	119001
7943	7	1.0	902020	2018	187	78	86	62	219002
7799	8	1.0	902020	2018	187	78	86	65	54	419004
7783	6	1.0	902020	2018	187	78	86	619006
7427	4	1.0	902020	2018	187	719007
7289	5	1.0	902020	2018	187	78	819008
7857	6	1.0	902020	2018	1816	1610	109	919009
7513	5	1.0	902020	2018	1816	1610	1019010
7255	6	1.0	902020	2019	1915	1514	1411	1119011
7241	6	1.0	902020	2021	2124	2413	1312	1219012
8017	5	1.0	902020	2021	2124	2413	1319013
7283	5	1.0	902020	2019	1915	1514	1419014
7785	4	1.0	902020	2019	1915	1519015
7295	4	1.0	902020	2018	1816	1619016
7297	4	1.0	902020	2019	1917	1719017
7507	3	1.0	902020	2019	1919019
7645	3	1.0	902020	2021	2119021
7311	3	1.0	902020	2022	2219022
7243	4	1.0	902020	2022	2223	2319023
7981	4	1.0	902020	2021	2124	2419024
8069	7	1.0	902121	2124	2413	1312	123	31	119001
7725	7	1.0	902121	2124	2413	1312	123	34	419004
7449	7	1.0	902121	2120	2018	187	78	86	619006
7211	5	1.0	902121	2120	2018	187	719007
7985	6	1.0	902121	2120	2018	187	78	819008
7817	6	1.0	902121	2122	2215	1510	109	919009
7695	5	1.0	902121	2122	2215	1510	1019010
7705	6	1.0	902121	2124	2423	2314	1411	1119011
7865	5	1.0	902121	2124	2413	1312	1219012
7801	4	1.0	902121	2124	2413	1319013
7775	5	1.0	902121	2124	2423	2314	1419014
7625	4	1.0	902121	2122	2215	1519015
7455	7	1.0	902121	2122	2215	1519	1917	1716	1619016
7777	6	1.0	902121	2122	2215	1519	1917	1719017
7659	5	1.0	902121	2122	2215	1519	1919019
7373	3	1.0	902121	2120	2019020
7531	3	1.0	902121	2122	2219022
7601	4	1.0	902121	2124	2423	2319023
7959	3	1.0	902121	2124	2419024
7547	8	1.0	902222	2221	2124	2413	1312	123	31	119001
7821	8	1.0	902222	2220	2018	187	78	86	62	219002
7515	7	1.0	902222	2221	2124	2413	1312	123	319003
7787	6	1.0	902222	2223	2314	1411	114	419004
7853	7	1.0	902222	2220	2018	187	78	86	619006
7859	5	1.0	902222	2220	2018	187	719007
7305	6	1.0	902222	2220	2018	187	78	819008
7299	5	1.0	902222	2215	1510	109	919009
7375	4	1.0	902222	2215	1510	1019010
7719	5	1.0	902222	2223	2314	1411	1119011
7905	6	1.0	902222	2221	2124	2413	1312	1219012
7707	5	1.0	902222	2221	2124	2413	1319013
7693	4	1.0	902222	2223	2314	1419014
7257	3	1.0	902222	2215	1519015
7395	6	1.0	902222	2215	1519	1917	1716	1619016
7533	5	1.0	902222	2215	1519	1917	1719017
7433	4	1.0	902222	2215	1519	1919019
7473	3	1.0	902222	2220	2019020
7611	3	1.0	902222	2221	2119021
7301	3	1.0	902222	2223	2319023
7825	4	1.0	902222	2221	2124	2419024
7823	7	1.0	902323	2324	2413	1312	123	31	119001
7867	6	1.0	902323	2324	2413	1312	123	319003
7665	5	1.0	902323	2314	1411	114	419004
7837	7	1.0	902323	2314	1411	114	45	56	619006
7703	6	1.0	902323	2322	2220	2018	187	719007
7429	7	1.0	902323	2322	2220	2018	187	78	819008
7759	6	1.0	902323	2314	1411	1110	109	919009
7267	5	1.0	902323	2314	1411	1110	1019010
7435	4	1.0	902323	2314	1411	1119011
7377	5	1.0	902323	2324	2413	1312	1219012
7313	4	1.0	902323	2324	2413	1319013
7201	3	1.0	902323	2314	1419014
7403	4	1.0	902323	2322	2215	1519015
7527	7	1.0	902323	2322	2215	1519	1917	1716	1619016
7497	6	1.0	902323	2322	2215	1519	1917	1719017
7405	5	1.0	902323	2322	2220	2018	1819018
7517	5	1.0	902323	2322	2215	1519	1919019
7535	4	1.0	902323	2322	2220	2019020
7251	4	1.0	902323	2324	2421	2119021
7307	3	1.0	902323	2322	2219022
