id	type	origin	dest	ast	demand
1	121	9001	9002	0	2.3616
2	121	9001	9002	1	2.3616
3	111	9001	9002	0	3.5423999999999998
4	111	9001	9002	1	3.5423999999999998
5	121	9001	9003	0	1.7072880000000001
6	121	9001	9003	1	1.7072880000000001
7	111	9001	9003	0	2.560932
8	111	9001	9003	1	2.560932
9	121	9001	9004	0	11.929460000000002
10	121	9001	9004	1	11.929460000000002
11	111	9001	9004	0	17.894190000000002
12	111	9001	9004	1	17.894190000000002
13	121	9001	9006	0	4.2077599999999995
14	121	9001	9006	1	4.2077599999999995
15	111	9001	9006	0	6.31164
16	111	9001	9006	1	6.31164
17	121	9001	9007	0	3.55014
18	121	9001	9007	1	3.55014
19	111	9001	9007	0	5.325209999999999
20	111	9001	9007	1	5.325209999999999
21	121	9001	9008	0	6.707640000000001
22	121	9001	9008	1	6.707640000000001
23	111	9001	9008	0	10.06146
24	111	9001	9008	1	10.06146
25	121	9001	9009	0	5.646560000000001
26	121	9001	9009	1	5.646560000000001
27	111	9001	9009	0	8.46984
28	111	9001	9009	1	8.46984
29	121	9001	9010	0	14.21616
30	121	9001	9010	1	14.21616
31	111	9001	9010	0	21.32424
32	111	9001	9010	1	21.32424
33	121	9001	9011	0	8.67638
34	121	9001	9011	1	8.67638
35	111	9001	9011	0	13.01457
36	111	9001	9011	1	13.01457
37	121	9001	9012	0	12.119280000000002
38	121	9001	9012	1	12.119280000000002
39	111	9001	9012	0	18.17892
40	111	9001	9012	1	18.17892
41	121	9001	9013	0	11.557360000000001
42	121	9001	9013	1	11.557360000000001
43	111	9001	9013	0	17.33604
44	111	9001	9013	1	17.33604
45	121	9001	9014	0	4.1261
46	121	9001	9014	1	4.1261
47	111	9001	9014	0	6.189150000000001
48	111	9001	9014	1	6.189150000000001
49	121	9001	9015	0	4.31814
50	121	9001	9015	1	4.31814
51	111	9001	9015	0	6.4772099999999995
52	111	9001	9015	1	6.4772099999999995
53	121	9001	9016	0	8.124360000000001
54	121	9001	9016	1	8.124360000000001
55	111	9001	9016	0	12.186539999999999
56	111	9001	9016	1	12.186539999999999
57	121	9001	9017	0	6.7127
58	121	9001	9017	1	6.7127
59	111	9001	9017	0	10.069049999999999
60	111	9001	9017	1	10.069049999999999
61	121	9001	9018	0	10.440280000000001
62	121	9001	9018	1	10.440280000000001
63	111	9001	9018	0	15.660419999999998
64	111	9001	9018	1	15.660419999999998
65	121	9001	9019	0	2.1426600000000002
66	121	9001	9019	1	2.1426600000000002
67	111	9001	9019	0	3.21399
68	111	9001	9019	1	3.21399
69	121	9001	9020	0	5.07418
70	121	9001	9020	1	5.07418
71	111	9001	9020	0	7.611269999999999
72	111	9001	9020	1	7.611269999999999
73	121	9001	9021	0	2.3357
74	121	9001	9021	1	2.3357
75	111	9001	9021	0	3.5035499999999997
76	111	9001	9021	1	3.5035499999999997
77	121	9001	9022	0	4.874740000000001
78	121	9001	9022	1	4.874740000000001
79	111	9001	9022	0	7.3121100000000006
80	111	9001	9022	1	7.3121100000000006
81	121	9001	9023	0	4.92568
82	121	9001	9023	1	4.92568
83	111	9001	9023	0	7.38852
84	111	9001	9023	1	7.38852
85	121	9001	9024	0	5.018940000000001
86	121	9001	9024	1	5.018940000000001
87	111	9001	9024	0	7.528409999999999
88	111	9001	9024	1	7.528409999999999
89	121	9002	9001	0	2.2014600000000004
90	121	9002	9001	1	2.2014600000000004
91	111	9002	9001	0	3.30219
92	111	9002	9001	1	3.30219
93	121	9002	9004	0	2.5473600000000003
94	121	9002	9004	1	2.5473600000000003
95	111	9002	9004	0	3.82104
96	111	9002	9004	1	3.82104
97	121	9002	9006	0	1.794078
98	121	9002	9006	1	1.794078
99	111	9002	9006	0	2.6911169999999998
100	111	9002	9006	1	2.6911169999999998
101	121	9002	9007	0	2.3569
102	121	9002	9007	1	2.3569
103	111	9002	9007	0	3.5353499999999998
104	111	9002	9007	1	3.5353499999999998
105	121	9002	9008	0	3.8671
106	121	9002	9008	1	3.8671
107	111	9002	9008	0	5.80065
108	111	9002	9008	1	5.80065
109	121	9002	9009	0	2.34134
110	121	9002	9009	1	2.34134
111	111	9002	9009	0	3.5120099999999996
112	111	9002	9009	1	3.5120099999999996
113	121	9002	9010	0	7.974500000000003
114	121	9002	9010	1	7.974500000000003
115	111	9002	9010	0	11.961750000000002
116	111	9002	9010	1	11.961750000000002
117	121	9002	9011	0	4.6173
118	121	9002	9011	1	4.6173
119	111	9002	9011	0	6.92595
120	111	9002	9011	1	6.92595
121	121	9002	9012	0	2.5868800000000003
122	121	9002	9012	1	2.5868800000000003
123	111	9002	9012	0	3.8803199999999998
124	111	9002	9012	1	3.8803199999999998
125	121	9002	9013	0	3.4422800000000002
126	121	9002	9013	1	3.4422800000000002
127	111	9002	9013	0	5.16342
128	111	9002	9013	1	5.16342
129	121	9002	9014	0	3.1127600000000006
130	121	9002	9014	1	3.1127600000000006
131	111	9002	9014	0	4.6691400000000005
132	111	9002	9014	1	4.6691400000000005
133	121	9002	9015	0	3.36292
134	121	9002	9015	1	3.36292
135	111	9002	9015	0	5.044379999999999
136	111	9002	9015	1	5.044379999999999
137	121	9002	9016	0	6.585160000000001
138	121	9002	9016	1	6.585160000000001
139	111	9002	9016	0	9.877740000000001
140	111	9002	9016	1	9.877740000000001
141	121	9002	9017	0	6.35886
142	121	9002	9017	1	6.35886
143	111	9002	9017	0	9.53829
144	111	9002	9017	1	9.53829
145	121	9002	9019	0	2.17802
146	121	9002	9019	1	2.17802
147	111	9002	9019	0	3.26703
148	111	9002	9019	1	3.26703
149	121	9002	9020	0	4.181360000000001
150	121	9002	9020	1	4.181360000000001
151	111	9002	9020	0	6.27204
152	111	9002	9020	1	6.27204
153	121	9002	9022	0	4.476460000000001
154	121	9002	9022	1	4.476460000000001
155	111	9002	9022	0	6.714690000000001
156	111	9002	9022	1	6.714690000000001
157	121	9003	9001	0	1.614508
158	121	9003	9001	1	1.614508
159	111	9003	9001	0	2.4217619999999997
160	111	9003	9001	1	2.4217619999999997
161	121	9003	9004	0	1.8681860000000006
162	121	9003	9004	1	1.8681860000000006
163	111	9003	9004	0	2.8022790000000004
164	111	9003	9004	1	2.8022790000000004
165	121	9003	9006	0	1.3157400000000001
166	121	9003	9006	1	1.3157400000000001
167	111	9003	9006	0	1.97361
168	111	9003	9006	1	1.97361
169	121	9003	9007	0	1.7285080000000002
170	121	9003	9007	1	1.7285080000000002
171	111	9003	9007	0	2.592762
172	111	9003	9007	1	2.592762
173	121	9003	9008	0	2.83606
174	121	9003	9008	1	2.83606
175	111	9003	9008	0	4.25409
176	111	9003	9008	1	4.25409
177	121	9003	9009	0	1.7171
178	121	9003	9009	1	1.7171
179	111	9003	9009	0	2.57565
180	111	9003	9009	1	2.57565
181	121	9003	9010	0	5.84834
182	121	9003	9010	1	5.84834
183	111	9003	9010	0	8.77251
184	111	9003	9010	1	8.77251
185	121	9003	9011	0	3.3862400000000004
186	121	9003	9011	1	3.3862400000000004
187	111	9003	9011	0	5.07936
188	111	9003	9011	1	5.07936
189	121	9003	9012	0	1.89716
190	121	9003	9012	1	1.89716
191	111	9003	9012	0	2.8457399999999997
192	111	9003	9012	1	2.8457399999999997
193	121	9003	9013	0	2.5245
194	121	9003	9013	1	2.5245
195	111	9003	9013	0	3.78675
196	111	9003	9013	1	3.78675
197	121	9003	9014	0	2.2828399999999998
198	121	9003	9014	1	2.2828399999999998
199	111	9003	9014	0	3.42426
200	111	9003	9014	1	3.42426
201	121	9003	9015	0	2.4663000000000004
202	121	9003	9015	1	2.4663000000000004
203	111	9003	9015	0	3.6994499999999997
204	111	9003	9015	1	3.6994499999999997
205	121	9003	9016	0	4.829440000000001
206	121	9003	9016	1	4.829440000000001
207	111	9003	9016	0	7.24416
208	111	9003	9016	1	7.24416
209	121	9003	9017	0	4.66346
210	121	9003	9017	1	4.66346
211	111	9003	9017	0	6.99519
212	111	9003	9017	1	6.99519
213	121	9003	9022	0	3.28294
214	121	9003	9022	1	3.28294
215	111	9003	9022	0	4.92441
216	111	9003	9022	1	4.92441
217	121	9003	9023	0	2.5243200000000003
218	121	9003	9023	1	2.5243200000000003
219	111	9003	9023	0	3.78648
220	111	9003	9023	1	3.78648
221	121	9004	9001	0	11.60306
222	121	9004	9001	1	11.60306
223	111	9004	9001	0	17.40459
224	111	9004	9001	1	17.40459
225	121	9004	9002	0	2.6595600000000004
226	121	9004	9002	1	2.6595600000000004
227	111	9004	9002	0	3.98934
228	111	9004	9002	1	3.98934
229	121	9004	9003	0	1.922704
230	121	9004	9003	1	1.922704
231	111	9004	9003	0	2.8840559999999997
232	111	9004	9003	1	2.8840559999999997
233	121	9004	9006	0	7.335580000000004
234	121	9004	9006	1	7.335580000000004
235	111	9004	9006	0	11.003370000000004
236	111	9004	9006	1	11.003370000000004
237	121	9004	9007	0	4.49478
238	121	9004	9007	1	4.49478
239	111	9004	9007	0	6.74217
240	111	9004	9007	1	6.74217
241	121	9004	9008	0	8.4923
242	121	9004	9008	1	8.4923
243	111	9004	9008	0	12.73845
244	111	9004	9008	1	12.73845
245	121	9004	9009	0	13.192660000000002
246	121	9004	9009	1	13.192660000000002
247	111	9004	9009	0	19.788990000000002
248	111	9004	9009	1	19.788990000000002
249	121	9004	9010	0	27.025400000000005
250	121	9004	9010	1	27.025400000000005
251	111	9004	9010	0	40.5381
252	111	9004	9010	1	40.5381
253	121	9004	9011	0	16.23292
254	121	9004	9011	1	16.23292
255	111	9004	9011	0	24.349379999999996
256	111	9004	9011	1	24.349379999999996
257	121	9004	9012	0	13.645500000000002
258	121	9004	9012	1	13.645500000000002
259	111	9004	9012	0	20.46825
260	111	9004	9012	1	20.46825
261	121	9004	9013	0	12.92616
262	121	9004	9013	1	12.92616
263	111	9004	9013	0	19.389239999999997
264	111	9004	9013	1	19.389239999999997
265	121	9004	9014	0	6.47008
266	121	9004	9014	1	6.47008
267	111	9004	9014	0	9.705119999999999
268	111	9004	9014	1	9.705119999999999
269	121	9004	9015	0	7.581640000000004
270	121	9004	9015	1	7.581640000000004
271	111	9004	9015	0	11.372460000000004
272	111	9004	9015	1	11.372460000000004
273	121	9004	9016	0	10.819020000000002
274	121	9004	9016	1	10.819020000000002
275	111	9004	9016	0	16.22853
276	111	9004	9016	1	16.22853
277	121	9004	9017	0	9.18338
278	121	9004	9017	1	9.18338
279	111	9004	9017	0	13.77507
280	111	9004	9017	1	13.77507
281	121	9004	9019	0	3.7215400000000005
282	121	9004	9019	1	3.7215400000000005
283	111	9004	9019	0	5.5823100000000005
284	111	9004	9019	1	5.5823100000000005
285	121	9004	9020	0	6.202300000000001
286	121	9004	9020	1	6.202300000000001
287	111	9004	9020	0	9.30345
288	111	9004	9020	1	9.30345
289	121	9004	9021	0	2.8207200000000006
290	121	9004	9021	1	2.8207200000000006
291	111	9004	9021	0	4.23108
292	111	9004	9021	1	4.23108
293	121	9004	9022	0	7.90234
294	121	9004	9022	1	7.90234
295	111	9004	9022	0	11.853509999999998
296	111	9004	9022	1	11.853509999999998
297	121	9004	9023	0	5.5610800000000005
298	121	9004	9023	1	5.5610800000000005
299	111	9004	9023	0	8.341619999999999
300	111	9004	9023	1	8.341619999999999
301	121	9004	9024	0	5.652200000000001
302	121	9004	9024	1	5.652200000000001
303	111	9004	9024	0	8.478299999999999
304	111	9004	9024	1	8.478299999999999
305	121	9005	9010	0	59.086400000000005
306	121	9005	9010	1	59.086400000000005
307	111	9005	9010	0	88.6296
308	111	9005	9010	1	88.6296
309	121	9005	9014	0	23.063800000000008
310	121	9005	9014	1	23.063800000000008
311	111	9005	9014	0	34.59570000000001
312	111	9005	9014	1	34.59570000000001
313	121	9005	9021	0	14.934780000000002
314	121	9005	9021	1	14.934780000000002
315	111	9005	9021	0	22.40217
316	111	9005	9021	1	22.40217
317	121	9006	9001	0	4.07328
318	121	9006	9001	1	4.07328
319	111	9006	9001	0	6.10992
320	111	9006	9001	1	6.10992
321	121	9006	9002	0	1.8622660000000009
322	121	9006	9002	1	1.8622660000000009
323	111	9006	9002	0	2.793399000000001
324	111	9006	9002	1	2.793399000000001
325	121	9006	9003	0	1.346304
326	121	9006	9003	1	1.346304
327	111	9006	9003	0	2.019456
328	111	9006	9003	1	2.019456
329	121	9006	9004	0	6.20138
330	121	9006	9004	1	6.20138
331	111	9006	9004	0	9.30207
332	111	9006	9004	1	9.30207
333	121	9006	9007	0	6.91002
334	121	9006	9007	1	6.91002
335	111	9006	9007	0	10.365029999999999
336	111	9006	9007	1	10.365029999999999
337	121	9006	9008	0	16.96316
338	121	9006	9008	1	16.96316
339	111	9006	9008	0	25.44474
340	111	9006	9008	1	25.44474
341	121	9006	9009	0	5.165220000000001
342	121	9006	9009	1	5.165220000000001
343	111	9006	9009	0	7.7478299999999996
344	111	9006	9009	1	7.7478299999999996
345	121	9006	9010	0	11.411259999999999
346	121	9006	9010	1	11.411259999999999
347	111	9006	9010	0	17.116889999999998
348	111	9006	9010	1	17.116889999999998
349	121	9006	9011	0	6.26196
350	121	9006	9011	1	6.26196
351	111	9006	9011	0	9.39294
352	111	9006	9011	1	9.39294
353	121	9006	9012	0	4.25814
354	121	9006	9012	1	4.25814
355	111	9006	9012	0	6.3872100000000005
356	111	9006	9012	1	6.3872100000000005
357	121	9006	9013	0	4.787660000000001
358	121	9006	9013	1	4.787660000000001
359	111	9006	9013	0	7.18149
360	111	9006	9013	1	7.18149
361	121	9006	9014	0	3.04974
362	121	9006	9014	1	3.04974
363	111	9006	9014	0	4.57461
364	111	9006	9014	1	4.57461
365	121	9006	9015	0	3.5161800000000003
366	121	9006	9015	1	3.5161800000000003
367	111	9006	9015	0	5.27427
368	111	9006	9015	1	5.27427
369	121	9006	9016	0	12.359620000000003
370	121	9006	9016	1	12.359620000000003
371	111	9006	9016	0	18.539430000000003
372	111	9006	9016	1	18.539430000000003
373	121	9006	9017	0	9.040220000000001
374	121	9006	9017	1	9.040220000000001
375	111	9006	9017	0	13.56033
376	111	9006	9017	1	13.56033
377	121	9006	9019	0	2.5869
378	121	9006	9019	1	2.5869
379	111	9006	9019	0	3.88035
380	111	9006	9019	1	3.88035
381	121	9006	9020	0	7.733900000000002
382	121	9006	9020	1	7.733900000000002
383	111	9006	9020	0	11.600850000000001
384	111	9006	9020	1	11.600850000000001
385	121	9006	9021	0	2.170840000000001
386	121	9006	9021	1	2.170840000000001
387	111	9006	9021	0	3.256260000000001
388	111	9006	9021	1	3.256260000000001
389	121	9006	9022	0	4.99856
390	121	9006	9022	1	4.99856
391	111	9006	9022	0	7.497839999999999
392	111	9006	9022	1	7.497839999999999
393	121	9006	9023	0	2.9081200000000003
394	121	9006	9023	1	2.9081200000000003
395	111	9006	9023	0	4.3621799999999995
396	111	9006	9023	1	4.3621799999999995
397	121	9006	9024	0	3.95776
398	121	9006	9024	1	3.95776
399	111	9006	9024	0	5.93664
400	111	9006	9024	1	5.93664
401	121	9007	9001	0	2.9919000000000002
402	121	9007	9001	1	2.9919000000000002
403	111	9007	9001	0	4.48785
404	111	9007	9001	1	4.48785
405	121	9007	9002	0	2.0159
406	121	9007	9002	1	2.0159
407	111	9007	9002	0	3.02385
408	111	9007	9002	1	3.02385
409	121	9007	9003	0	1.4573660000000002
410	121	9007	9003	1	1.4573660000000002
411	111	9007	9003	0	2.186049
412	111	9007	9003	1	2.186049
413	121	9007	9004	0	4.32102
414	121	9007	9004	1	4.32102
415	111	9007	9004	0	6.48153
416	111	9007	9004	1	6.48153
417	121	9007	9006	0	7.5441
418	121	9007	9006	1	7.5441
419	111	9007	9006	0	11.31615
420	111	9007	9006	1	11.31615
421	121	9007	9008	0	35.4634
422	121	9007	9008	1	35.4634
423	111	9007	9008	0	53.195100000000004
424	111	9007	9008	1	53.195100000000004
425	121	9007	9009	0	3.2744999999999997
426	121	9007	9009	1	3.2744999999999997
427	111	9007	9009	0	4.91175
428	111	9007	9009	1	4.91175
429	121	9007	9010	0	13.2045
430	121	9007	9010	1	13.2045
431	111	9007	9010	0	19.806749999999997
432	111	9007	9010	1	19.806749999999997
433	121	9007	9011	0	5.8428200000000015
434	121	9007	9011	1	5.8428200000000015
435	111	9007	9011	0	8.764230000000001
436	111	9007	9011	1	8.764230000000001
437	121	9007	9012	0	3.2487000000000004
438	121	9007	9012	1	3.2487000000000004
439	111	9007	9012	0	4.87305
440	111	9007	9012	1	4.87305
441	121	9007	9013	0	3.67042
442	121	9007	9013	1	3.67042
443	111	9007	9013	0	5.50563
444	111	9007	9013	1	5.50563
445	121	9007	9014	0	3.637500000000001
446	121	9007	9014	1	3.637500000000001
447	111	9007	9014	0	5.456250000000001
448	111	9007	9014	1	5.456250000000001
449	121	9007	9015	0	6.19664
450	121	9007	9015	1	6.19664
451	111	9007	9015	0	9.29496
452	111	9007	9015	1	9.29496
453	121	9007	9016	0	37.6568
454	121	9007	9016	1	37.6568
455	111	9007	9016	0	56.4852
456	111	9007	9016	1	56.4852
457	121	9007	9017	0	19.0652
458	121	9007	9017	1	19.0652
459	111	9007	9017	0	28.597799999999996
460	111	9007	9017	1	28.597799999999996
461	121	9007	9019	0	4.75338
462	121	9007	9019	1	4.75338
463	111	9007	9019	0	7.13007
464	111	9007	9019	1	7.13007
465	121	9007	9020	0	22.1678
466	121	9007	9020	1	22.1678
467	111	9007	9020	0	33.2517
468	111	9007	9020	1	33.2517
469	121	9007	9021	0	3.55242
470	121	9007	9021	1	3.55242
471	111	9007	9021	0	5.3286299999999995
472	111	9007	9021	1	5.3286299999999995
473	121	9007	9022	0	8.89874
474	121	9007	9022	1	8.89874
475	111	9007	9022	0	13.348109999999998
476	111	9007	9022	1	13.348109999999998
477	121	9007	9023	0	4.546880000000001
478	121	9007	9023	1	4.546880000000001
479	111	9007	9023	0	6.82032
480	111	9007	9023	1	6.82032
481	121	9008	9001	0	5.380360000000001
482	121	9008	9001	1	5.380360000000001
483	111	9008	9001	0	8.070540000000001
484	111	9008	9001	1	8.070540000000001
485	121	9008	9002	0	3.0824
486	121	9008	9002	1	3.0824
487	111	9008	9002	0	4.6236
488	111	9008	9002	1	4.6236
489	121	9008	9003	0	2.2283800000000005
490	121	9008	9003	1	2.2283800000000005
491	111	9008	9003	0	3.3425700000000003
492	111	9008	9003	1	3.3425700000000003
493	121	9008	9004	0	8.82042
494	121	9008	9004	1	8.82042
495	111	9008	9004	0	13.23063
496	111	9008	9004	1	13.23063
497	121	9008	9005	0	21.125600000000002
498	121	9008	9005	1	21.125600000000002
499	111	9008	9005	0	31.688399999999998
500	111	9008	9005	1	31.688399999999998
501	121	9008	9006	0	21.3082
502	121	9008	9006	1	21.3082
503	111	9008	9006	0	31.9623
504	111	9008	9006	1	31.9623
505	121	9008	9007	0	31.682400000000015
506	121	9008	9007	1	31.682400000000015
507	111	9008	9007	0	47.523600000000016
508	111	9008	9007	1	47.523600000000016
509	121	9008	9009	0	6.46902
510	121	9008	9009	1	6.46902
511	111	9008	9009	0	9.70353
512	111	9008	9009	1	9.70353
513	121	9008	9010	0	21.1018
514	121	9008	9010	1	21.1018
515	111	9008	9010	0	31.6527
516	111	9008	9010	1	31.6527
517	121	9008	9011	0	8.869480000000001
518	121	9008	9011	1	8.869480000000001
519	111	9008	9011	0	13.304219999999999
520	111	9008	9011	1	13.304219999999999
521	121	9008	9012	0	5.713799999999999
522	121	9008	9012	1	5.713799999999999
523	111	9008	9012	0	8.570699999999999
524	111	9008	9012	1	8.570699999999999
525	121	9008	9013	0	6.65766
526	121	9008	9013	1	6.65766
527	111	9008	9013	0	9.98649
528	111	9008	9013	1	9.98649
529	121	9008	9014	0	4.8994800000000005
530	121	9008	9014	1	4.8994800000000005
531	111	9008	9014	0	7.349219999999999
532	111	9008	9014	1	7.349219999999999
533	121	9008	9015	0	7.847440000000002
534	121	9008	9015	1	7.847440000000002
535	111	9008	9015	0	11.771160000000002
536	111	9008	9015	1	11.771160000000002
537	121	9008	9016	0	34.5416
538	121	9008	9016	1	34.5416
539	111	9008	9016	0	51.8124
540	111	9008	9016	1	51.8124
541	121	9008	9017	0	22.030600000000007
542	121	9008	9017	1	22.030600000000007
543	111	9008	9017	0	33.0459
544	111	9008	9017	1	33.0459
545	121	9008	9019	0	5.868680000000001
546	121	9008	9019	1	5.868680000000001
547	111	9008	9019	0	8.80302
548	111	9008	9019	1	8.80302
549	121	9008	9020	0	21.224400000000003
550	121	9008	9020	1	21.224400000000003
551	111	9008	9020	0	31.836599999999997
552	111	9008	9020	1	31.836599999999997
553	121	9008	9021	0	4.54136
554	121	9008	9021	1	4.54136
555	111	9008	9021	0	6.8120400000000005
556	111	9008	9021	1	6.8120400000000005
557	121	9008	9022	0	11.130780000000001
558	121	9008	9022	1	11.130780000000001
559	111	9008	9022	0	16.69617
560	111	9008	9022	1	16.69617
561	121	9008	9023	0	6.085460000000001
562	121	9008	9023	1	6.085460000000001
563	111	9008	9023	0	9.12819
564	111	9008	9023	1	9.12819
565	121	9008	9024	0	6.550820000000001
566	121	9008	9024	1	6.550820000000001
567	111	9008	9024	0	9.82623
568	111	9008	9024	1	9.82623
569	121	9009	9001	0	6.404600000000001
570	121	9009	9001	1	6.404600000000001
571	111	9009	9001	0	9.606900000000001
572	111	9009	9001	1	9.606900000000001
573	121	9009	9002	0	2.8070200000000005
574	121	9009	9002	1	2.8070200000000005
575	111	9009	9002	0	4.21053
576	111	9009	9002	1	4.21053
577	121	9009	9003	0	2.0293
578	121	9009	9003	1	2.0293
579	111	9009	9003	0	3.0439499999999997
580	111	9009	9003	1	3.0439499999999997
581	121	9009	9004	0	15.365160000000001
582	121	9009	9004	1	15.365160000000001
583	111	9009	9004	0	23.04774
584	111	9009	9004	1	23.04774
585	121	9009	9006	0	5.399760000000001
586	121	9009	9006	1	5.399760000000001
587	111	9009	9006	0	8.099639999999999
588	111	9009	9006	1	8.099639999999999
589	121	9009	9007	0	5.134720000000001
590	121	9009	9007	1	5.134720000000001
591	111	9009	9007	0	7.70208
592	111	9009	9007	1	7.70208
593	121	9009	9008	0	9.06108
594	121	9009	9008	1	9.06108
595	111	9009	9008	0	13.591619999999999
596	111	9009	9008	1	13.591619999999999
597	121	9009	9010	0	80.1598
598	121	9009	9010	1	80.1598
599	111	9009	9010	0	120.23969999999998
600	111	9009	9010	1	120.23969999999998
601	121	9009	9011	0	20.384600000000002
602	121	9009	9011	1	20.384600000000002
603	111	9009	9011	0	30.5769
604	111	9009	9011	1	30.5769
605	121	9009	9012	0	7.499140000000001
606	121	9009	9012	1	7.499140000000001
607	111	9009	9012	0	11.248709999999999
608	111	9009	9012	1	11.248709999999999
609	121	9009	9013	0	8.22494
610	121	9009	9013	1	8.22494
611	111	9009	9013	0	12.337409999999998
612	111	9009	9013	1	12.337409999999998
613	121	9009	9014	0	7.344840000000001
614	121	9009	9014	1	7.344840000000001
615	111	9009	9014	0	11.01726
616	111	9009	9014	1	11.01726
617	121	9009	9015	0	14.39648
618	121	9009	9015	1	14.39648
619	111	9009	9015	0	21.59472
620	111	9009	9015	1	21.59472
621	121	9009	9016	0	17.199800000000003
622	121	9009	9016	1	17.199800000000003
623	111	9009	9016	0	25.7997
624	111	9009	9016	1	25.7997
625	121	9009	9017	0	13.72474
626	121	9009	9017	1	13.72474
627	111	9009	9017	0	20.58711
628	111	9009	9017	1	20.58711
629	121	9009	9019	0	6.7884
630	121	9009	9019	1	6.7884
631	111	9009	9019	0	10.182599999999999
632	111	9009	9019	1	10.182599999999999
633	121	9009	9020	0	7.9572600000000016
634	121	9009	9020	1	7.9572600000000016
635	111	9009	9020	0	11.93589
636	111	9009	9020	1	11.93589
637	121	9009	9021	0	4.4525
638	121	9009	9021	1	4.4525
639	111	9009	9021	0	6.67875
640	111	9009	9021	1	6.67875
641	121	9009	9022	0	12.636020000000002
642	121	9009	9022	1	12.636020000000002
643	111	9009	9022	0	18.95403
644	111	9009	9022	1	18.95403
645	121	9009	9023	0	6.195920000000001
646	121	9009	9023	1	6.195920000000001
647	111	9009	9023	0	9.29388
648	111	9009	9023	1	9.29388
649	121	9009	9024	0	5.9656
650	121	9009	9024	1	5.9656
651	111	9009	9024	0	8.9484
652	111	9009	9024	1	8.9484
653	121	9010	9001	0	15.68036
654	121	9010	9001	1	15.68036
655	111	9010	9001	0	23.520539999999997
656	111	9010	9001	1	23.520539999999997
657	121	9010	9002	0	8.32418
658	121	9010	9002	1	8.32418
659	111	9010	9002	0	12.48627
660	111	9010	9002	1	12.48627
661	121	9010	9003	0	6.017880000000002
662	121	9010	9003	1	6.017880000000002
663	111	9010	9003	0	9.02682
664	111	9010	9003	1	9.02682
665	121	9010	9004	0	31.987400000000004
666	121	9010	9004	1	31.987400000000004
667	111	9010	9004	0	47.981100000000005
668	111	9010	9004	1	47.981100000000005
669	121	9010	9005	0	57.051199999999994
670	121	9010	9005	1	57.051199999999994
671	111	9010	9005	0	85.57679999999999
672	111	9010	9005	1	85.57679999999999
673	121	9010	9006	0	10.684840000000001
674	121	9010	9006	1	10.684840000000001
675	111	9010	9006	0	16.02726
676	111	9010	9006	1	16.02726
677	121	9010	9007	0	9.70486
678	121	9010	9007	1	9.70486
679	111	9010	9007	0	14.557289999999998
680	111	9010	9007	1	14.557289999999998
681	121	9010	9008	0	15.54202
682	121	9010	9008	1	15.54202
683	111	9010	9008	0	23.313029999999998
684	111	9010	9008	1	23.313029999999998
685	121	9010	9009	0	98.4094
686	121	9010	9009	1	98.4094
687	111	9010	9009	0	147.6141
688	111	9010	9009	1	147.6141
689	121	9010	9011	0	98.0412
690	121	9010	9011	1	98.0412
691	111	9010	9011	0	147.0618
692	111	9010	9011	1	147.0618
693	121	9010	9012	0	18.838800000000003
694	121	9010	9012	1	18.838800000000003
695	111	9010	9012	0	28.2582
696	111	9010	9012	1	28.2582
697	121	9010	9013	0	21.210800000000003
698	121	9010	9013	1	21.210800000000003
699	111	9010	9013	0	31.8162
700	111	9010	9013	1	31.8162
701	121	9010	9014	0	28.236800000000002
702	121	9010	9014	1	28.236800000000002
703	111	9010	9014	0	42.355199999999996
704	111	9010	9014	1	42.355199999999996
705	121	9010	9015	0	73.1226
706	121	9010	9015	1	73.1226
707	111	9010	9015	0	109.6839
708	111	9010	9015	1	109.6839
709	121	9010	9016	0	33.5652
710	121	9010	9016	1	33.5652
711	111	9010	9016	0	50.3478
712	111	9010	9016	1	50.3478
713	121	9010	9017	0	46.12440000000001
714	121	9010	9017	1	46.12440000000001
715	111	9010	9017	0	69.1866
716	111	9010	9017	1	69.1866
717	121	9010	9019	0	24.568800000000003
718	121	9010	9019	1	24.568800000000003
719	111	9010	9019	0	36.8532
720	111	9010	9019	1	36.8532
721	121	9010	9020	0	18.963900000000002
722	121	9010	9020	1	18.963900000000002
723	111	9010	9020	0	28.44585
724	111	9010	9020	1	28.44585
725	121	9010	9021	0	16.893780000000003
726	121	9010	9021	1	16.893780000000003
727	111	9010	9021	0	25.34067
728	111	9010	9021	1	25.34067
729	121	9010	9022	0	49.894000000000005
730	121	9010	9022	1	49.894000000000005
731	111	9010	9022	0	74.841
732	111	9010	9022	1	74.841
733	121	9010	9023	0	22.626200000000004
734	121	9010	9023	1	22.626200000000004
735	111	9010	9023	0	33.9393
736	111	9010	9023	1	33.9393
737	121	9010	9024	0	17.690860000000008
738	121	9010	9024	1	17.690860000000008
739	111	9010	9024	0	26.536290000000008
740	111	9010	9024	1	26.536290000000008
741	121	9011	9001	0	8.82178
742	121	9011	9001	1	8.82178
743	111	9011	9001	0	13.232669999999999
744	111	9011	9001	1	13.232669999999999
745	121	9011	9002	0	5.0326
746	121	9011	9002	1	5.0326
747	111	9011	9002	0	7.5489
748	111	9011	9002	1	7.5489
749	121	9011	9003	0	3.6382600000000007
750	121	9011	9003	1	3.6382600000000007
751	111	9011	9003	0	5.45739
752	111	9011	9003	1	5.45739
753	121	9011	9004	0	16.96598
754	121	9011	9004	1	16.96598
755	111	9011	9004	0	25.44897
756	111	9011	9004	1	25.44897
757	121	9011	9006	0	6.429080000000001
758	121	9011	9006	1	6.429080000000001
759	111	9011	9006	0	9.64362
760	111	9011	9006	1	9.64362
761	121	9011	9007	0	7.095680000000001
762	121	9011	9007	1	7.095680000000001
763	111	9011	9007	0	10.64352
764	111	9011	9007	1	10.64352
765	121	9011	9008	0	10.172740000000001
766	121	9011	9008	1	10.172740000000001
767	111	9011	9008	0	15.25911
768	111	9011	9008	1	15.25911
769	121	9011	9009	0	16.198980000000002
770	121	9011	9009	1	16.198980000000002
771	111	9011	9009	0	24.29847
772	111	9011	9009	1	24.29847
773	121	9011	9010	0	86.379
774	121	9011	9010	1	86.379
775	111	9011	9010	0	129.5685
776	111	9011	9010	1	129.5685
777	121	9011	9012	0	17.18776
778	121	9011	9012	1	17.18776
779	111	9011	9012	0	25.78164
780	111	9011	9012	1	25.78164
781	121	9011	9013	0	17.962440000000008
782	121	9011	9013	1	17.962440000000008
783	111	9011	9013	0	26.94366000000001
784	111	9011	9013	1	26.94366000000001
785	121	9011	9014	0	27.8294
786	121	9011	9014	1	27.8294
787	111	9011	9014	0	41.744099999999996
788	111	9011	9014	1	41.744099999999996
789	121	9011	9015	0	17.24822
790	121	9011	9015	1	17.24822
791	111	9011	9015	0	25.87233
792	111	9011	9015	1	25.87233
793	121	9011	9016	0	23.858400000000003
794	121	9011	9016	1	23.858400000000003
795	111	9011	9016	0	35.7876
796	111	9011	9016	1	35.7876
797	121	9011	9017	0	20.0308
798	121	9011	9017	1	20.0308
799	111	9011	9017	0	30.0462
800	111	9011	9017	1	30.0462
801	121	9011	9019	0	8.933400000000002
802	121	9011	9019	1	8.933400000000002
803	111	9011	9019	0	13.400100000000002
804	111	9011	9019	1	13.400100000000002
805	121	9011	9020	0	11.942520000000002
806	121	9011	9020	1	11.942520000000002
807	111	9011	9020	0	17.91378
808	111	9011	9020	1	17.91378
809	121	9011	9021	0	6.721680000000001
810	121	9011	9021	1	6.721680000000001
811	111	9011	9021	0	10.08252
812	111	9011	9021	1	10.08252
813	121	9011	9022	0	17.264540000000004
814	121	9011	9022	1	17.264540000000004
815	111	9011	9022	0	25.896810000000002
816	111	9011	9022	1	25.896810000000002
817	121	9011	9023	0	16.334860000000003
818	121	9011	9023	1	16.334860000000003
819	111	9011	9023	0	24.50229
820	111	9011	9023	1	24.50229
821	121	9011	9024	0	10.695480000000002
822	121	9011	9024	1	10.695480000000002
823	111	9011	9024	0	16.04322
824	111	9011	9024	1	16.04322
825	121	9012	9001	0	11.971240000000002
826	121	9012	9001	1	11.971240000000002
827	111	9012	9001	0	17.95686
828	111	9012	9001	1	17.95686
829	121	9012	9002	0	2.743080000000001
830	121	9012	9002	1	2.743080000000001
831	111	9012	9002	0	4.11462
832	111	9012	9002	1	4.11462
833	121	9012	9003	0	1.9830860000000001
834	121	9012	9003	1	1.9830860000000001
835	111	9012	9003	0	2.974629
836	111	9012	9003	1	2.974629
837	121	9012	9004	0	13.839640000000001
838	121	9012	9004	1	13.839640000000001
839	111	9012	9004	0	20.75946
840	111	9012	9004	1	20.75946
841	121	9012	9005	0	18.8002
842	121	9012	9005	1	18.8002
843	111	9012	9005	0	28.200300000000002
844	111	9012	9005	1	28.200300000000002
845	121	9012	9006	0	4.10676
846	121	9012	9006	1	4.10676
847	111	9012	9006	0	6.160139999999999
848	111	9012	9006	1	6.160139999999999
849	121	9012	9007	0	3.2701200000000004
850	121	9012	9007	1	3.2701200000000004
851	111	9012	9007	0	4.90518
852	111	9012	9007	1	4.90518
853	121	9012	9008	0	5.9853000000000005
854	121	9012	9008	1	5.9853000000000005
855	111	9012	9008	0	8.97795
856	111	9012	9008	1	8.97795
857	121	9012	9009	0	6.560160000000001
858	121	9012	9009	1	6.560160000000001
859	111	9012	9009	0	9.84024
860	111	9012	9009	1	9.84024
861	121	9012	9010	0	17.128000000000007
862	121	9012	9010	1	17.128000000000007
863	111	9012	9010	0	25.692000000000007
864	111	9012	9010	1	25.692000000000007
865	121	9012	9011	0	16.729920000000003
866	121	9012	9011	1	16.729920000000003
867	111	9012	9011	0	25.09488
868	111	9012	9011	1	25.09488
869	121	9012	9013	0	45.823200000000014
870	121	9012	9013	1	45.823200000000014
871	111	9012	9013	0	68.7348
872	111	9012	9013	1	68.7348
873	121	9012	9014	0	6.7458
874	121	9012	9014	1	6.7458
875	111	9012	9014	0	10.118699999999999
876	111	9012	9014	1	10.118699999999999
877	121	9012	9015	0	5.18998
878	121	9012	9015	1	5.18998
879	111	9012	9015	0	7.7849699999999995
880	111	9012	9015	1	7.7849699999999995
881	121	9012	9016	0	8.092520000000004
882	121	9012	9016	1	8.092520000000004
883	111	9012	9016	0	12.138780000000004
884	111	9012	9016	1	12.138780000000004
885	121	9012	9017	0	7.3505
886	121	9012	9017	1	7.3505
887	111	9012	9017	0	11.025749999999999
888	111	9012	9017	1	11.025749999999999
889	121	9012	9018	0	12.126820000000002
890	121	9012	9018	1	12.126820000000002
891	111	9012	9018	0	18.19023
892	111	9012	9018	1	18.19023
893	121	9012	9019	0	2.864440000000001
894	121	9012	9019	1	2.864440000000001
895	111	9012	9019	0	4.296660000000001
896	111	9012	9019	1	4.296660000000001
897	121	9012	9020	0	5.399760000000001
898	121	9012	9020	1	5.399760000000001
899	111	9012	9020	0	8.099639999999999
900	111	9012	9020	1	8.099639999999999
901	121	9012	9021	0	3.8694000000000006
902	121	9012	9021	1	3.8694000000000006
903	111	9012	9021	0	5.8041
904	111	9012	9021	1	5.8041
905	121	9012	9022	0	7.506260000000001
906	121	9012	9022	1	7.506260000000001
907	111	9012	9022	0	11.25939
908	111	9012	9022	1	11.25939
909	121	9012	9023	0	8.484080000000002
910	121	9012	9023	1	8.484080000000002
911	111	9012	9023	0	12.726120000000002
912	111	9012	9023	1	12.726120000000002
913	121	9012	9024	0	5.82972
914	121	9012	9024	1	5.82972
915	111	9012	9024	0	8.74458
916	111	9012	9024	1	8.74458
917	121	9013	9001	0	11.64084
918	121	9013	9001	1	11.64084
919	111	9013	9001	0	17.46126
920	111	9013	9001	1	17.46126
921	121	9013	9002	0	3.6626
922	121	9013	9002	1	3.6626
923	111	9013	9002	0	5.493899999999999
924	111	9013	9002	1	5.493899999999999
925	121	9013	9003	0	2.6478200000000003
926	121	9013	9003	1	2.6478200000000003
927	111	9013	9003	0	3.97173
928	111	9013	9003	1	3.97173
929	121	9013	9004	0	13.47756
930	121	9013	9004	1	13.47756
931	111	9013	9004	0	20.21634
932	111	9013	9004	1	20.21634
933	121	9013	9006	0	4.75208
934	121	9013	9006	1	4.75208
935	111	9013	9006	0	7.12812
936	111	9013	9006	1	7.12812
937	121	9013	9007	0	4.05968
938	121	9013	9007	1	4.05968
939	111	9013	9007	0	6.08952
940	111	9013	9007	1	6.08952
941	121	9013	9008	0	7.33308
942	121	9013	9008	1	7.33308
943	111	9013	9008	0	10.999619999999998
944	111	9013	9008	1	10.999619999999998
945	121	9013	9009	0	7.2791200000000025
946	121	9013	9009	1	7.2791200000000025
947	111	9013	9009	0	10.918680000000002
948	111	9013	9009	1	10.918680000000002
949	121	9013	9010	0	19.67902
950	121	9013	9010	1	19.67902
951	111	9013	9010	0	29.51853
952	111	9013	9010	1	29.51853
953	121	9013	9011	0	17.86982
954	121	9013	9011	1	17.86982
955	111	9013	9011	0	26.804730000000003
956	111	9013	9011	1	26.804730000000003
957	121	9013	9012	0	49.7208
958	121	9013	9012	1	49.7208
959	111	9013	9012	0	74.5812
960	111	9013	9012	1	74.5812
961	121	9013	9014	0	8.58466
962	121	9013	9014	1	8.58466
963	111	9013	9014	0	12.87699
964	111	9013	9014	1	12.87699
965	121	9013	9015	0	7.73454
966	121	9013	9015	1	7.73454
967	111	9013	9015	0	11.601809999999999
968	111	9013	9015	1	11.601809999999999
969	121	9013	9016	0	10.605640000000001
970	121	9013	9016	1	10.605640000000001
971	111	9013	9016	0	15.908459999999998
972	111	9013	9016	1	15.908459999999998
973	121	9013	9017	0	10.030380000000001
974	121	9013	9017	1	10.030380000000001
975	111	9013	9017	0	15.045569999999998
976	111	9013	9017	1	15.045569999999998
977	121	9013	9019	0	4.43512
978	121	9013	9019	1	4.43512
979	111	9013	9019	0	6.652679999999999
980	111	9013	9019	1	6.652679999999999
981	121	9013	9020	0	8.2499
982	121	9013	9020	1	8.2499
983	111	9013	9020	0	12.374849999999999
984	111	9013	9020	1	12.374849999999999
985	121	9013	9021	0	6.6414599999999995
986	121	9013	9021	1	6.6414599999999995
987	111	9013	9021	0	9.962189999999998
988	111	9013	9021	1	9.962189999999998
989	121	9013	9022	0	12.191820000000003
990	121	9013	9022	1	12.191820000000003
991	111	9013	9022	0	18.287730000000003
992	111	9013	9022	1	18.287730000000003
993	121	9013	9023	0	15.180380000000007
994	121	9013	9023	1	15.180380000000007
995	111	9013	9023	0	22.770570000000006
996	111	9013	9023	1	22.770570000000006
997	121	9013	9024	0	7.783880000000001
998	121	9013	9024	1	7.783880000000001
999	111	9013	9024	0	11.67582
1000	111	9013	9024	1	11.67582
1001	121	9014	9001	0	4.18712
1002	121	9014	9001	1	4.18712
1003	111	9014	9001	0	6.28068
1004	111	9014	9001	1	6.28068
1005	121	9014	9002	0	3.34922
1006	121	9014	9002	1	3.34922
1007	111	9014	9002	0	5.023829999999999
1008	111	9014	9002	1	5.023829999999999
1009	121	9014	9003	0	2.4212800000000003
1010	121	9014	9003	1	2.4212800000000003
1011	111	9014	9003	0	3.63192
1012	111	9014	9003	1	3.63192
1013	121	9014	9004	0	6.768160000000001
1014	121	9014	9004	1	6.768160000000001
1015	111	9014	9004	0	10.15224
1016	111	9014	9004	1	10.15224
1017	121	9014	9006	0	2.99542
1018	121	9014	9006	1	2.99542
1019	111	9014	9006	0	4.49313
1020	111	9014	9006	1	4.49313
1021	121	9014	9007	0	4.3681399999999995
1022	121	9014	9007	1	4.3681399999999995
1023	111	9014	9007	0	6.55221
1024	111	9014	9007	1	6.55221
1025	121	9014	9008	0	6.423080000000001
1026	121	9014	9008	1	6.423080000000001
1027	111	9014	9008	0	9.63462
1028	111	9014	9008	1	9.63462
1029	121	9014	9009	0	6.355080000000001
1030	121	9014	9009	1	6.355080000000001
1031	111	9014	9009	0	9.53262
1032	111	9014	9009	1	9.53262
1033	121	9014	9010	0	26.2724
1034	121	9014	9010	1	26.2724
1035	111	9014	9010	0	39.4086
1036	111	9014	9010	1	39.4086
1037	121	9014	9011	0	30.556200000000004
1038	121	9014	9011	1	30.556200000000004
1039	111	9014	9011	0	45.8343
1040	111	9014	9011	1	45.8343
1041	121	9014	9012	0	6.8600200000000005
1042	121	9014	9012	1	6.8600200000000005
1043	111	9014	9012	0	10.29003
1044	111	9014	9012	1	10.29003
1045	121	9014	9013	0	8.44888
1046	121	9014	9013	1	8.44888
1047	111	9014	9013	0	12.673319999999999
1048	111	9014	9013	1	12.673319999999999
1049	121	9014	9015	0	16.83998
1050	121	9014	9015	1	16.83998
1051	111	9014	9015	0	25.25997
1052	111	9014	9015	1	25.25997
1053	121	9014	9016	0	13.83688
1054	121	9014	9016	1	13.83688
1055	111	9014	9016	0	20.755319999999998
1056	111	9014	9016	1	20.755319999999998
1057	121	9014	9017	0	15.563540000000001
1058	121	9014	9017	1	15.563540000000001
1059	111	9014	9017	0	23.34531
1060	111	9014	9017	1	23.34531
1061	121	9014	9019	0	8.272260000000001
1062	121	9014	9019	1	8.272260000000001
1063	111	9014	9019	0	12.408389999999999
1064	111	9014	9019	1	12.408389999999999
1065	121	9014	9020	0	9.89028
1066	121	9014	9020	1	9.89028
1067	111	9014	9020	0	14.83542
1068	111	9014	9020	1	14.83542
1069	121	9014	9021	0	5.9123
1070	121	9014	9021	1	5.9123
1071	111	9014	9021	0	8.86845
1072	111	9014	9021	1	8.86845
1073	121	9014	9022	0	16.29008
1074	121	9014	9022	1	16.29008
1075	111	9014	9022	0	24.43512
1076	111	9014	9022	1	24.43512
1077	121	9014	9023	0	22.845400000000005
1078	121	9014	9023	1	22.845400000000005
1079	111	9014	9023	0	34.268100000000004
1080	111	9014	9023	1	34.268100000000004
1081	121	9014	9024	0	7.117900000000002
1082	121	9014	9024	1	7.117900000000002
1083	111	9014	9024	0	10.676850000000002
1084	111	9014	9024	1	10.676850000000002
1085	121	9015	9001	0	4.05184
1086	121	9015	9001	1	4.05184
1087	111	9015	9001	0	6.07776
1088	111	9015	9001	1	6.07776
1089	121	9015	9002	0	2.9953000000000003
1090	121	9015	9002	1	2.9953000000000003
1091	111	9015	9002	0	4.4929499999999996
1092	111	9015	9002	1	4.4929499999999996
1093	121	9015	9003	0	2.16542
1094	121	9015	9003	1	2.16542
1095	111	9015	9003	0	3.2481299999999997
1096	111	9015	9003	1	3.2481299999999997
1097	121	9015	9004	0	7.01674
1098	121	9015	9004	1	7.01674
1099	111	9015	9004	0	10.52511
1100	111	9015	9004	1	10.52511
1101	121	9015	9006	0	3.37782
1102	121	9015	9006	1	3.37782
1103	111	9015	9006	0	5.06673
1104	111	9015	9006	1	5.06673
1105	121	9015	9007	0	6.474540000000001
1106	121	9015	9007	1	6.474540000000001
1107	111	9015	9007	0	9.71181
1108	111	9015	9007	1	9.71181
1109	121	9015	9008	0	8.377120000000001
1110	121	9015	9008	1	8.377120000000001
1111	111	9015	9008	0	12.56568
1112	111	9015	9008	1	12.56568
1113	121	9015	9009	0	11.448680000000003
1114	121	9015	9009	1	11.448680000000003
1115	111	9015	9009	0	17.17302
1116	111	9015	9009	1	17.17302
1117	121	9015	9010	0	56.964800000000004
1118	121	9015	9010	1	56.964800000000004
1119	111	9015	9010	0	85.4472
1120	111	9015	9010	1	85.4472
1121	121	9015	9011	0	17.48188
1122	121	9015	9011	1	17.48188
1123	111	9015	9011	0	26.222820000000002
1124	111	9015	9011	1	26.222820000000002
1125	121	9015	9012	0	4.96472
1126	121	9015	9012	1	4.96472
1127	111	9015	9012	0	7.44708
1128	111	9015	9012	1	7.44708
1129	121	9015	9013	0	6.53246
1130	121	9015	9013	1	6.53246
1131	111	9015	9013	0	9.79869
1132	111	9015	9013	1	9.79869
1133	121	9015	9014	0	14.798300000000005
1134	121	9015	9014	1	14.798300000000005
1135	111	9015	9014	0	22.197450000000003
1136	111	9015	9014	1	22.197450000000003
1137	121	9015	9016	0	21.5402
1138	121	9015	9016	1	21.5402
1139	111	9015	9016	0	32.3103
1140	111	9015	9016	1	32.3103
1141	121	9015	9017	0	28.028
1142	121	9015	9017	1	28.028
1143	111	9015	9017	0	42.041999999999994
1144	111	9015	9017	1	42.041999999999994
1145	121	9015	9018	0	13.24178
1146	121	9015	9018	1	13.24178
1147	111	9015	9018	0	19.862669999999998
1148	111	9015	9018	1	19.862669999999998
1149	121	9015	9019	0	31.5558
1150	121	9015	9019	1	31.5558
1151	111	9015	9019	0	47.3337
1152	111	9015	9019	1	47.3337
1153	121	9015	9020	0	17.219
1154	121	9015	9020	1	17.219
1155	111	9015	9020	0	25.8285
1156	111	9015	9020	1	25.8285
1157	121	9015	9021	0	11.826140000000002
1158	121	9015	9021	1	11.826140000000002
1159	111	9015	9021	0	17.73921
1160	111	9015	9021	1	17.73921
1161	121	9015	9022	0	52.369600000000005
1162	121	9015	9022	1	52.369600000000005
1163	111	9015	9022	0	78.5544
1164	111	9015	9022	1	78.5544
1165	121	9015	9023	0	13.582
1166	121	9015	9023	1	13.582
1167	111	9015	9023	0	20.372999999999998
1168	111	9015	9023	1	20.372999999999998
1169	121	9015	9024	0	6.3657
1170	121	9015	9024	1	6.3657
1171	111	9015	9024	0	9.548549999999999
1172	111	9015	9024	1	9.548549999999999
1173	121	9016	9001	0	6.69832
1174	121	9016	9001	1	6.69832
1175	111	9016	9001	0	10.047479999999998
1176	111	9016	9001	1	10.047479999999998
1177	121	9016	9002	0	5.46172
1178	121	9016	9002	1	5.46172
1179	111	9016	9002	0	8.19258
1180	111	9016	9002	1	8.19258
1181	121	9016	9003	0	3.948500000000001
1182	121	9016	9003	1	3.948500000000001
1183	111	9016	9003	0	5.922750000000001
1184	111	9016	9003	1	5.922750000000001
1185	121	9016	9004	0	10.271040000000001
1186	121	9016	9004	1	10.271040000000001
1187	111	9016	9004	0	15.40656
1188	111	9016	9004	1	15.40656
1189	121	9016	9006	0	11.994700000000002
1190	121	9016	9006	1	11.994700000000002
1191	111	9016	9006	0	17.99205
1192	111	9016	9006	1	17.99205
1193	121	9016	9007	0	40.63600000000001
1194	121	9016	9007	1	40.63600000000001
1195	111	9016	9007	0	60.95400000000001
1196	111	9016	9007	1	60.95400000000001
1197	121	9016	9008	0	38.0356
1198	121	9016	9008	1	38.0356
1199	111	9016	9008	0	57.053399999999996
1200	111	9016	9008	1	57.053399999999996
1201	121	9016	9009	0	14.5058
1202	121	9016	9009	1	14.5058
1203	111	9016	9009	0	21.758699999999997
1204	111	9016	9009	1	21.758699999999997
1205	121	9016	9010	0	66.0938
1206	121	9016	9010	1	66.0938
1207	111	9016	9010	0	99.1407
1208	111	9016	9010	1	99.1407
1209	121	9016	9011	0	23.9938
1210	121	9016	9011	1	23.9938
1211	111	9016	9011	0	35.9907
1212	111	9016	9011	1	35.9907
1213	121	9016	9012	0	7.71184
1214	121	9016	9012	1	7.71184
1215	111	9016	9012	0	11.567759999999998
1216	111	9016	9012	1	11.567759999999998
1217	121	9016	9013	0	9.654760000000001
1218	121	9016	9013	1	9.654760000000001
1219	111	9016	9013	0	14.48214
1220	111	9016	9013	1	14.48214
1221	121	9016	9014	0	8.62704
1222	121	9016	9014	1	8.62704
1223	111	9016	9014	0	12.94056
1224	111	9016	9014	1	12.94056
1225	121	9016	9015	0	14.555000000000001
1226	121	9016	9015	1	14.555000000000001
1227	111	9016	9015	0	21.8325
1228	111	9016	9015	1	21.8325
1229	121	9016	9017	0	33.0342
1230	121	9016	9017	1	33.0342
1231	111	9016	9017	0	49.5513
1232	111	9016	9017	1	49.5513
1233	121	9016	9018	0	24.1456
1234	121	9016	9018	1	24.1456
1235	111	9016	9018	0	36.218399999999995
1236	111	9016	9018	1	36.218399999999995
1237	121	9016	9019	0	9.98732
1238	121	9016	9019	1	9.98732
1239	111	9016	9019	0	14.980979999999999
1240	111	9016	9019	1	14.980979999999999
1241	121	9016	9020	0	51.6352
1242	121	9016	9020	1	51.6352
1243	111	9016	9020	0	77.4528
1244	111	9016	9020	1	77.4528
1245	121	9016	9021	0	7.91886
1246	121	9016	9021	1	7.91886
1247	111	9016	9021	0	11.878289999999998
1248	111	9016	9021	1	11.878289999999998
1249	121	9016	9022	0	18.561940000000003
1250	121	9016	9022	1	18.561940000000003
1251	111	9016	9022	0	27.84291
1252	111	9016	9022	1	27.84291
1253	121	9016	9023	0	10.090500000000002
1254	121	9016	9023	1	10.090500000000002
1255	111	9016	9023	0	15.135750000000002
1256	111	9016	9023	1	15.135750000000002
1257	121	9017	9001	0	6.274680000000002
1258	121	9017	9001	1	6.274680000000002
1259	111	9017	9001	0	9.412020000000002
1260	111	9017	9001	1	9.412020000000002
1261	121	9017	9002	0	7.4061200000000005
1262	121	9017	9002	1	7.4061200000000005
1263	111	9017	9002	0	11.10918
1264	111	9017	9002	1	11.10918
1265	121	9017	9003	0	5.35416
1266	121	9017	9003	1	5.35416
1267	111	9017	9003	0	8.03124
1268	111	9017	9003	1	8.03124
1269	121	9017	9004	0	8.854560000000003
1270	121	9017	9004	1	8.854560000000003
1271	111	9017	9004	0	13.281840000000003
1272	111	9017	9004	1	13.281840000000003
1273	121	9017	9006	0	7.4038200000000005
1274	121	9017	9006	1	7.4038200000000005
1275	111	9017	9006	0	11.10573
1276	111	9017	9006	1	11.10573
1277	121	9017	9007	0	13.542500000000002
1278	121	9017	9007	1	13.542500000000002
1279	111	9017	9007	0	20.313750000000002
1280	111	9017	9007	1	20.313750000000002
1281	121	9017	9008	0	18.985200000000003
1282	121	9017	9008	1	18.985200000000003
1283	111	9017	9008	0	28.4778
1284	111	9017	9008	1	28.4778
1285	121	9017	9009	0	11.260080000000002
1286	121	9017	9009	1	11.260080000000002
1287	111	9017	9009	0	16.89012
1288	111	9017	9009	1	16.89012
1289	121	9017	9010	0	42.90219999999999
1290	121	9017	9010	1	42.90219999999999
1291	111	9017	9010	0	64.35329999999999
1292	111	9017	9010	1	64.35329999999999
1293	121	9017	9011	0	18.84322
1294	121	9017	9011	1	18.84322
1295	111	9017	9011	0	28.26483
1296	111	9017	9011	1	28.26483
1297	121	9017	9012	0	7.754519999999999
1298	121	9017	9012	1	7.754519999999999
1299	111	9017	9012	0	11.63178
1300	111	9017	9012	1	11.63178
1301	121	9017	9013	0	10.661780000000004
1302	121	9017	9013	1	10.661780000000004
1303	111	9017	9013	0	15.992670000000004
1304	111	9017	9013	1	15.992670000000004
1305	121	9017	9014	0	15.948320000000002
1306	121	9017	9014	1	15.948320000000002
1307	111	9017	9014	0	23.92248
1308	111	9017	9014	1	23.92248
1309	121	9017	9015	0	28.4572
1310	121	9017	9015	1	28.4572
1311	111	9017	9015	0	42.6858
1312	111	9017	9015	1	42.6858
1313	121	9017	9016	0	50.488
1314	121	9017	9016	1	50.488
1315	111	9017	9016	0	75.732
1316	111	9017	9016	1	75.732
1317	121	9017	9019	0	22.432800000000007
1318	121	9017	9019	1	22.432800000000007
1319	111	9017	9019	0	33.64920000000001
1320	111	9017	9019	1	33.64920000000001
1321	121	9017	9020	0	25.9598
1322	121	9017	9020	1	25.9598
1323	111	9017	9020	0	38.9397
1324	111	9017	9020	1	38.9397
1325	121	9017	9021	0	10.53686
1326	121	9017	9021	1	10.53686
1327	111	9017	9021	0	15.80529
1328	111	9017	9021	1	15.80529
1329	121	9017	9022	0	29.6032
1330	121	9017	9022	1	29.6032
1331	111	9017	9022	0	44.404799999999994
1332	111	9017	9022	1	44.404799999999994
1333	121	9017	9023	0	15.93312
1334	121	9017	9023	1	15.93312
1335	111	9017	9023	0	23.89968
1336	111	9017	9023	1	23.89968
1337	121	9017	9024	0	15.739740000000005
1338	121	9017	9024	1	15.739740000000005
1339	111	9017	9024	0	23.609610000000004
1340	111	9017	9024	1	23.609610000000004
1341	121	9018	9001	0	17.910059999999998
1342	121	9018	9001	1	17.910059999999998
1343	111	9018	9001	0	26.86509
1344	111	9018	9001	1	26.86509
1345	121	9018	9009	0	19.048120000000004
1346	121	9018	9009	1	19.048120000000004
1347	111	9018	9009	0	28.572180000000003
1348	111	9018	9009	1	28.572180000000003
1349	121	9018	9012	0	21.0456
1350	121	9018	9012	1	21.0456
1351	111	9018	9012	0	31.568399999999997
1352	111	9018	9012	1	31.568399999999997
1353	121	9018	9016	0	0.24918
1354	121	9018	9016	1	0.24918
1355	111	9018	9016	0	0.37377
1356	111	9018	9016	1	0.37377
1357	121	9018	9019	0	17.7194
1358	121	9018	9019	1	17.7194
1359	111	9018	9019	0	26.579099999999997
1360	111	9018	9019	1	26.579099999999997
1361	121	9019	9001	0	2.02472
1362	121	9019	9001	1	2.02472
1363	111	9019	9001	0	3.03708
1364	111	9019	9001	1	3.03708
1365	121	9019	9002	0	1.7320160000000002
1366	121	9019	9002	1	1.7320160000000002
1367	111	9019	9002	0	2.598024
1368	111	9019	9002	1	2.598024
1369	121	9019	9004	0	3.30968
1370	121	9019	9004	1	3.30968
1371	111	9019	9004	0	4.96452
1372	111	9019	9004	1	4.96452
1373	121	9019	9006	0	2.2789200000000003
1374	121	9019	9006	1	2.2789200000000003
1375	111	9019	9006	0	3.41838
1376	111	9019	9006	1	3.41838
1377	121	9019	9007	0	4.6982
1378	121	9019	9007	1	4.6982
1379	111	9019	9007	0	7.0473
1380	111	9019	9007	1	7.0473
1381	121	9019	9008	0	6.01796
1382	121	9019	9008	1	6.01796
1383	111	9019	9008	0	9.02694
1384	111	9019	9008	1	9.02694
1385	121	9019	9009	0	4.688020000000001
1386	121	9019	9009	1	4.688020000000001
1387	111	9019	9009	0	7.03203
1388	111	9019	9009	1	7.03203
1389	121	9019	9010	0	22.278800000000004
1390	121	9019	9010	1	22.278800000000004
1391	111	9019	9010	0	33.4182
1392	111	9019	9010	1	33.4182
1393	121	9019	9011	0	8.10676
1394	121	9019	9011	1	8.10676
1395	111	9019	9011	0	12.16014
1396	111	9019	9011	1	12.16014
1397	121	9019	9012	0	2.4833600000000002
1398	121	9019	9012	1	2.4833600000000002
1399	111	9019	9012	0	3.72504
1400	111	9019	9012	1	3.72504
1401	121	9019	9013	0	3.4410800000000004
1402	121	9019	9013	1	3.4410800000000004
1403	111	9019	9013	0	5.16162
1404	111	9019	9013	1	5.16162
1405	121	9019	9014	0	6.569140000000001
1406	121	9019	9014	1	6.569140000000001
1407	111	9019	9014	0	9.85371
1408	111	9019	9014	1	9.85371
1409	121	9019	9015	0	30.1794
1410	121	9019	9015	1	30.1794
1411	111	9019	9015	0	45.269099999999995
1412	111	9019	9015	1	45.269099999999995
1413	121	9019	9016	0	20.337400000000002
1414	121	9019	9016	1	20.337400000000002
1415	111	9019	9016	0	30.506099999999996
1416	111	9019	9016	1	30.506099999999996
1417	121	9019	9017	0	39.8836
1418	121	9019	9017	1	39.8836
1419	111	9019	9017	0	59.8254
1420	111	9019	9017	1	59.8254
1421	121	9019	9020	0	14.334420000000001
1422	121	9019	9020	1	14.334420000000001
1423	111	9019	9020	0	21.50163
1424	111	9019	9020	1	21.50163
1425	121	9019	9021	0	5.020720000000001
1426	121	9019	9021	1	5.020720000000001
1427	111	9019	9021	0	7.531079999999999
1428	111	9019	9021	1	7.531079999999999
1429	121	9019	9022	0	17.432100000000002
1430	121	9019	9022	1	17.432100000000002
1431	111	9019	9022	0	26.148149999999998
1432	111	9019	9022	1	26.148149999999998
1433	121	9019	9023	0	6.281840000000001
1434	121	9019	9023	1	6.281840000000001
1435	111	9019	9023	0	9.42276
1436	111	9019	9023	1	9.42276
1437	121	9019	9024	0	3.6809399999999997
1438	121	9019	9024	1	3.6809399999999997
1439	111	9019	9024	0	5.5214099999999995
1440	111	9019	9024	1	5.5214099999999995
1441	121	9020	9001	0	4.29358
1442	121	9020	9001	1	4.29358
1443	111	9020	9001	0	6.44037
1444	111	9020	9001	1	6.44037
1445	121	9020	9002	0	3.659440000000002
1446	121	9020	9002	1	3.659440000000002
1447	111	9020	9002	0	5.489160000000002
1448	111	9020	9002	1	5.489160000000002
1449	121	9020	9004	0	6.238160000000001
1450	121	9020	9004	1	6.238160000000001
1451	111	9020	9004	0	9.35724
1452	111	9020	9004	1	9.35724
1453	121	9020	9006	0	7.51592
1454	121	9020	9006	1	7.51592
1455	111	9020	9006	0	11.27388
1456	111	9020	9006	1	11.27388
1457	121	9020	9007	0	22.726600000000005
1458	121	9020	9007	1	22.726600000000005
1459	111	9020	9007	0	34.0899
1460	111	9020	9007	1	34.0899
1461	121	9020	9008	0	23.099600000000002
1462	121	9020	9008	1	23.099600000000002
1463	111	9020	9008	0	34.6494
1464	111	9020	9008	1	34.6494
1465	121	9020	9009	0	5.894260000000001
1466	121	9020	9009	1	5.894260000000001
1467	111	9020	9009	0	8.84139
1468	111	9020	9009	1	8.84139
1469	121	9020	9010	0	25.366800000000005
1470	121	9020	9010	1	25.366800000000005
1471	111	9020	9010	0	38.050200000000004
1472	111	9020	9010	1	38.050200000000004
1473	121	9020	9011	0	11.002000000000002
1474	121	9020	9011	1	11.002000000000002
1475	111	9020	9011	0	16.503
1476	111	9020	9011	1	16.503
1477	121	9020	9012	0	4.6922
1478	121	9020	9012	1	4.6922
1479	111	9020	9012	0	7.0383
1480	111	9020	9012	1	7.0383
1481	121	9020	9013	0	6.79786
1482	121	9020	9013	1	6.79786
1483	111	9020	9013	0	10.19679
1484	111	9020	9013	1	10.19679
1485	121	9020	9014	0	8.520000000000001
1486	121	9020	9014	1	8.520000000000001
1487	111	9020	9014	0	12.78
1488	111	9020	9014	1	12.78
1489	121	9020	9015	0	17.29932
1490	121	9020	9015	1	17.29932
1491	111	9020	9015	0	25.94898
1492	111	9020	9015	1	25.94898
1493	121	9020	9016	0	49.5756
1494	121	9020	9016	1	49.5756
1495	111	9020	9016	0	74.3634
1496	111	9020	9016	1	74.3634
1497	121	9020	9017	0	29.6762
1498	121	9020	9017	1	29.6762
1499	111	9020	9017	0	44.5143
1500	111	9020	9017	1	44.5143
1501	121	9020	9019	0	15.25056
1502	121	9020	9019	1	15.25056
1503	111	9020	9019	0	22.875839999999997
1504	111	9020	9019	1	22.875839999999997
1505	121	9020	9021	0	9.715860000000003
1506	121	9020	9021	1	9.715860000000003
1507	111	9020	9021	0	14.573790000000002
1508	111	9020	9021	1	14.573790000000002
1509	121	9020	9022	0	25.7166
1510	121	9020	9022	1	25.7166
1511	111	9020	9022	0	38.5749
1512	111	9020	9022	1	38.5749
1513	121	9020	9023	0	11.094800000000003
1514	121	9020	9023	1	11.094800000000003
1515	111	9020	9023	0	16.642200000000003
1516	111	9020	9023	1	16.642200000000003
1517	121	9020	9024	0	7.777160000000001
1518	121	9020	9024	1	7.777160000000001
1519	111	9020	9024	0	11.665740000000001
1520	111	9020	9024	1	11.665740000000001
1521	121	9021	9001	0	2.76996
1522	121	9021	9001	1	2.76996
1523	111	9021	9001	0	4.15494
1524	111	9021	9001	1	4.15494
1525	121	9021	9004	0	3.39398
1526	121	9021	9004	1	3.39398
1527	111	9021	9004	0	5.0909699999999996
1528	111	9021	9004	1	5.0909699999999996
1529	121	9021	9006	0	2.393720000000001
1530	121	9021	9006	1	2.393720000000001
1531	111	9021	9006	0	3.590580000000001
1532	111	9021	9006	1	3.590580000000001
1533	121	9021	9007	0	4.54368
1534	121	9021	9007	1	4.54368
1535	111	9021	9007	0	6.815519999999999
1536	111	9021	9007	1	6.815519999999999
1537	121	9021	9008	0	6.158180000000001
1538	121	9021	9008	1	6.158180000000001
1539	111	9021	9008	0	9.23727
1540	111	9021	9008	1	9.23727
1541	121	9021	9009	0	4.5688200000000005
1542	121	9021	9009	1	4.5688200000000005
1543	111	9021	9009	0	6.85323
1544	111	9021	9009	1	6.85323
1545	121	9021	9010	0	18.5262
1546	121	9021	9010	1	18.5262
1547	111	9021	9010	0	27.7893
1548	111	9021	9010	1	27.7893
1549	121	9021	9011	0	7.64442
1550	121	9021	9011	1	7.64442
1551	111	9021	9011	0	11.466629999999999
1552	111	9021	9011	1	11.466629999999999
1553	121	9021	9012	0	4.646140000000001
1554	121	9021	9012	1	4.646140000000001
1555	111	9021	9012	0	6.96921
1556	111	9021	9012	1	6.96921
1557	121	9021	9013	0	7.2782
1558	121	9021	9013	1	7.2782
1559	111	9021	9013	0	10.9173
1560	111	9021	9013	1	10.9173
1561	121	9021	9014	0	5.924720000000001
1562	121	9021	9014	1	5.924720000000001
1563	111	9021	9014	0	8.88708
1564	111	9021	9014	1	8.88708
1565	121	9021	9015	0	12.897120000000001
1566	121	9021	9015	1	12.897120000000001
1567	111	9021	9015	0	19.34568
1568	111	9021	9015	1	19.34568
1569	121	9021	9016	0	11.590800000000002
1570	121	9021	9016	1	11.590800000000002
1571	111	9021	9016	0	17.3862
1572	111	9021	9016	1	17.3862
1573	121	9021	9017	0	11.315080000000002
1574	121	9021	9017	1	11.315080000000002
1575	111	9021	9017	0	16.97262
1576	111	9021	9017	1	16.97262
1577	121	9021	9019	0	6.7148200000000005
1578	121	9021	9019	1	6.7148200000000005
1579	111	9021	9019	0	10.07223
1580	111	9021	9019	1	10.07223
1581	121	9021	9020	0	12.10306
1582	121	9021	9020	1	12.10306
1583	111	9021	9020	0	18.15459
1584	111	9021	9020	1	18.15459
1585	121	9021	9022	0	38.052800000000005
1586	121	9021	9022	1	38.052800000000005
1587	111	9021	9022	0	57.0792
1588	111	9021	9022	1	57.0792
1589	121	9021	9023	0	10.8023
1590	121	9021	9023	1	10.8023
1591	111	9021	9023	0	16.20345
1592	111	9021	9023	1	16.20345
1593	121	9021	9024	0	4.653300000000001
1594	121	9021	9024	1	4.653300000000001
1595	111	9021	9024	0	6.97995
1596	111	9021	9024	1	6.97995
1597	121	9022	9001	0	5.377560000000001
1598	121	9022	9001	1	5.377560000000001
1599	111	9022	9001	0	8.06634
1600	111	9022	9001	1	8.06634
1601	121	9022	9002	0	4.820920000000001
1602	121	9022	9002	1	4.820920000000001
1603	111	9022	9002	0	7.23138
1604	111	9022	9002	1	7.23138
1605	121	9022	9003	0	3.4852200000000004
1606	121	9022	9003	1	3.4852200000000004
1607	111	9022	9003	0	5.22783
1608	111	9022	9003	1	5.22783
1609	121	9022	9004	0	8.33608
1610	121	9022	9004	1	8.33608
1611	111	9022	9004	0	12.504119999999999
1612	111	9022	9004	1	12.504119999999999
1613	121	9022	9006	0	5.77454
1614	121	9022	9006	1	5.77454
1615	111	9022	9006	0	8.66181
1616	111	9022	9006	1	8.66181
1617	121	9022	9007	0	11.225440000000003
1618	121	9022	9007	1	11.225440000000003
1619	111	9022	9007	0	16.838160000000002
1620	111	9022	9007	1	16.838160000000002
1621	121	9022	9008	0	14.884020000000001
1622	121	9022	9008	1	14.884020000000001
1623	111	9022	9008	0	22.32603
1624	111	9022	9008	1	22.32603
1625	121	9022	9009	0	10.98084
1626	121	9022	9009	1	10.98084
1627	111	9022	9009	0	16.47126
1628	111	9022	9009	1	16.47126
1629	121	9022	9010	0	46.156000000000006
1630	121	9022	9010	1	46.156000000000006
1631	111	9022	9010	0	69.234
1632	111	9022	9010	1	69.234
1633	121	9022	9011	0	18.399300000000004
1634	121	9022	9011	1	18.399300000000004
1635	111	9022	9011	0	27.598950000000002
1636	111	9022	9011	1	27.598950000000002
1637	121	9022	9012	0	8.51948
1638	121	9022	9012	1	8.51948
1639	111	9022	9012	0	12.77922
1640	111	9022	9012	1	12.77922
1641	121	9022	9013	0	13.01418
1642	121	9022	9013	1	13.01418
1643	111	9022	9013	0	19.521269999999998
1644	111	9022	9013	1	19.521269999999998
1645	121	9022	9014	0	15.078720000000002
1646	121	9022	9014	1	15.078720000000002
1647	111	9022	9014	0	22.618080000000003
1648	111	9022	9014	1	22.618080000000003
1649	121	9022	9015	0	39.409600000000005
1650	121	9022	9015	1	39.409600000000005
1651	111	9022	9015	0	59.114399999999996
1652	111	9022	9015	1	59.114399999999996
1653	121	9022	9016	0	28.007600000000004
1654	121	9022	9016	1	28.007600000000004
1655	111	9022	9016	0	42.0114
1656	111	9022	9016	1	42.0114
1657	121	9022	9017	0	28.0974
1658	121	9022	9017	1	28.0974
1659	111	9022	9017	0	42.1461
1660	111	9022	9017	1	42.1461
1661	121	9022	9019	0	16.807820000000003
1662	121	9022	9019	1	16.807820000000003
1663	111	9022	9019	0	25.21173
1664	111	9022	9019	1	25.21173
1665	121	9022	9020	0	31.625
1666	121	9022	9020	1	31.625
1667	111	9022	9020	0	47.4375
1668	111	9022	9020	1	47.4375
1669	121	9022	9021	0	37.7314
1670	121	9022	9021	1	37.7314
1671	111	9022	9021	0	56.597100000000005
1672	111	9022	9021	1	56.597100000000005
1673	121	9022	9023	0	32.372800000000005
1674	121	9022	9023	1	32.372800000000005
1675	111	9022	9023	0	48.5592
1676	111	9022	9023	1	48.5592
1677	121	9022	9024	0	10.24558
1678	121	9022	9024	1	10.24558
1679	111	9022	9024	0	15.368369999999999
1680	111	9022	9024	1	15.368369999999999
1681	121	9023	9001	0	4.79456
1682	121	9023	9001	1	4.79456
1683	111	9023	9001	0	7.19184
1684	111	9023	9001	1	7.19184
1685	121	9023	9003	0	2.42802
1686	121	9023	9003	1	2.42802
1687	111	9023	9003	0	3.64203
1688	111	9023	9003	1	3.64203
1689	121	9023	9004	0	5.624960000000001
1690	121	9023	9004	1	5.624960000000001
1691	111	9023	9004	0	8.43744
1692	111	9023	9004	1	8.43744
1693	121	9023	9006	0	2.9333600000000004
1694	121	9023	9006	1	2.9333600000000004
1695	111	9023	9006	0	4.40004
1696	111	9023	9006	1	4.40004
1697	121	9023	9007	0	5.221080000000001
1698	121	9023	9007	1	5.221080000000001
1699	111	9023	9007	0	7.831619999999999
1700	111	9023	9007	1	7.831619999999999
1701	121	9023	9008	0	7.408960000000004
1702	121	9023	9008	1	7.408960000000004
1703	111	9023	9008	0	11.113440000000004
1704	111	9023	9008	1	11.113440000000004
1705	121	9023	9009	0	5.736560000000001
1706	121	9023	9009	1	5.736560000000001
1707	111	9023	9009	0	8.60484
1708	111	9023	9009	1	8.60484
1709	121	9023	9010	0	22.285600000000002
1710	121	9023	9010	1	22.285600000000002
1711	111	9023	9010	0	33.428399999999996
1712	111	9023	9010	1	33.428399999999996
1713	121	9023	9011	0	15.379660000000001
1714	121	9023	9011	1	15.379660000000001
1715	111	9023	9011	0	23.069490000000002
1716	111	9023	9011	1	23.069490000000002
1717	121	9023	9012	0	8.36326
1718	121	9023	9012	1	8.36326
1719	111	9023	9012	0	12.544889999999999
1720	111	9023	9012	1	12.544889999999999
1721	121	9023	9013	0	13.74962
1722	121	9023	9013	1	13.74962
1723	111	9023	9013	0	20.624429999999997
1724	111	9023	9013	1	20.624429999999997
1725	121	9023	9014	0	20.7166
1726	121	9023	9014	1	20.7166
1727	111	9023	9014	0	31.0749
1728	111	9023	9014	1	31.0749
1729	121	9023	9015	0	14.8518
1730	121	9023	9015	1	14.8518
1731	111	9023	9015	0	22.2777
1732	111	9023	9015	1	22.2777
1733	121	9023	9016	0	13.68662
1734	121	9023	9016	1	13.68662
1735	111	9023	9016	0	20.529929999999997
1736	111	9023	9016	1	20.529929999999997
1737	121	9023	9017	0	14.35084
1738	121	9023	9017	1	14.35084
1739	111	9023	9017	0	21.526259999999997
1740	111	9023	9017	1	21.526259999999997
1741	121	9023	9018	0	14.8476
1742	121	9023	9018	1	14.8476
1743	111	9023	9018	0	22.2714
1744	111	9023	9018	1	22.2714
1745	121	9023	9019	0	7.19708
1746	121	9023	9019	1	7.19708
1747	111	9023	9019	0	10.79562
1748	111	9023	9019	1	10.79562
1749	121	9023	9020	0	12.3609
1750	121	9023	9020	1	12.3609
1751	111	9023	9020	0	18.541349999999998
1752	111	9023	9020	1	18.541349999999998
1753	121	9023	9021	0	10.428660000000004
1754	121	9023	9021	1	10.428660000000004
1755	111	9023	9021	0	15.642990000000005
1756	111	9023	9021	1	15.642990000000005
1757	121	9023	9022	0	29.5888
1758	121	9023	9022	1	29.5888
1759	111	9023	9022	0	44.383199999999995
1760	111	9023	9022	1	44.383199999999995
1761	121	9024	9008	0	15.264580000000002
1762	121	9024	9008	1	15.264580000000002
1763	111	9024	9008	0	22.89687
1764	111	9024	9008	1	22.89687
1765	121	9024	9010	0	31.477600000000002
1766	121	9024	9010	1	31.477600000000002
1767	111	9024	9010	0	47.2164
1768	111	9024	9010	1	47.2164
1769	121	9024	9012	0	10.211120000000001
1770	121	9024	9012	1	10.211120000000001
1771	111	9024	9012	0	15.316679999999998
1772	111	9024	9012	1	15.316679999999998
1773	121	9024	9013	0	13.58766
1774	121	9024	9013	1	13.58766
1775	111	9024	9013	0	20.38149
1776	111	9024	9013	1	20.38149
1777	121	9024	9015	0	13.27446
1778	121	9024	9015	1	13.27446
1779	111	9024	9015	0	19.911689999999997
1780	111	9024	9015	1	19.911689999999997
1781	121	9024	9021	0	7.956340000000001
1782	121	9024	9021	1	7.956340000000001
1783	111	9024	9021	0	11.93451
1784	111	9024	9021	1	11.93451
1785	121	9024	9022	0	17.669880000000003
1786	121	9024	9022	1	17.669880000000003
1787	111	9024	9022	0	26.50482
1788	111	9024	9022	1	26.50482
1789	121	9024	9023	0	13.58674
1790	121	9024	9023	1	13.58674
1791	111	9024	9023	0	20.38011
1792	111	9024	9023	1	20.38011
