id	type	origin	dest	dtime	vot
343	111	106	1	32	7.121013887996828
443	111	1003	1	33	1.1247120118787737
430	111	804	1	45	19.92930713756498
349	111	120	1	48	39.432395759558425
303	111	50	1	55	11.793888974063114
128	111	7	1	69	14.209949053354789
97	111	3	1	71	20.687052514987133
145	111	9	1	117	3.283267186355788
420	111	796	1	133	209.07237026438114
462	111	1202	1	201	25.76492254463016
304	111	50	1	202	1.8567247714947308
471	111	1232	1	213	27.388700900933486
271	111	45	1	223	31.96048503319635
341	111	102	1	229	9.39934615993384
400	111	770	1	229	1.3771472427568316
478	111	1235	1	248	45.28001141148937
127	111	7	1	258	33.15664078086636
527	111	1236	1	272	45.89806581989911
514	111	1236	1	283	4.149573538713991
314	111	55	1	286	4.8771826426166465
134	111	9	1	291	16.040423049976457
62	111	3	1	306	43.58504829454904
263	111	44	1	329	12.293387199444354
23	111	2	1	337	3.5236339808042665
207	111	30	1	339	28.60838152084454
157	111	11	1	341	7.963958109351246
204	111	30	1	342	16.155618813905278
538	111	1236	1	346	10.531039090852126
479	111	1235	1	357	59.34184339559102
457	111	1176	1	389	21.049178085923934
86	111	3	1	391	5.2561972651228865
517	111	1236	1	393	0.2958036283490661
402	111	772	1	399	11.177878483334686
16	111	2	1	417	2.113465680482442
235	111	40	1	420	33.721209168692965
293	111	49	1	426	43.887641474336334
307	111	52	1	430	13.194747502635137
38	111	3	1	432	35.05451137484496
423	111	797	1	461	2.0966355297091575
447	111	1020	1	461	14.536377153712516
542	111	1236	1	473	128.20005068437408
7	111	2	1	484	36.06091657203826
521	111	1236	1	485	12.139680978731034
239	111	40	1	487	5.690278023394664
415	111	794	1	499	8.064246089870798
499	111	1236	1	499	35.387997265796365
282	111	46	1	501	16.305026664209173
507	111	1236	1	507	18.407995816028908
122	111	7	1	520	17.347553205979654
18	111	2	1	521	3.1974430879743343
502	111	1236	1	522	1.614911619244885
276	111	45	1	524	34.515814002993096
139	111	9	1	539	1.7010436729722431
328	111	66	1	563	6.3649996379983955
84	111	3	1	581	61.96661422233628
153	111	10	1	581	24.11692609459856
146	111	9	1	583	30.052606441443963
310	111	53	1	590	19.849521462848504
466	111	1202	1	610	31.604839571151242
294	111	49	1	611	84.33419698465862
115	111	5	1	616	9.587855635176622
195	111	26	1	618	22.663612366099077
431	111	842	1	632	5.896255606932374
326	111	64	1	640	29.493951717898078
465	111	1202	1	669	11.497513890708108
125	111	7	1	676	19.25329008424423
194	111	26	1	699	46.95614931053789
162	111	11	1	706	8.854560336182553
217	111	34	1	714	1.9202403619418418
417	111	795	1	743	24.878426071710575
384	111	736	1	761	3.5679111266222763
399	111	765	1	782	184.1890369682002
432	111	855	1	785	27.547064228257334
506	111	1236	1	803	1.356845928230285
495	111	1236	1	804	1.7789210974704561
205	111	30	1	810	15.22933963063637
152	111	10	1	811	25.050097692818227
159	111	11	1	813	49.393539006523675
250	111	42	1	822	49.04104648416429
481	111	1236	1	829	3.5021458827831857
83	111	3	1	847	12.495955884427552
359	111	388	1	856	44.204886533654744
211	111	33	1	859	10.183658459609559
22	111	2	1	897	12.965589857237058
302	111	50	1	902	13.710592747791045
487	111	1236	1	902	19.611493859426496
550	111	1236	1	910	16.756296228961183
315	111	56	1	930	58.074593948373526
25	111	2	1	942	39.58545203149753
297	111	49	1	952	2.185870906815753
286	111	48	1	962	7.330847332489904
73	111	3	1	980	17.949653439873433
100	111	3	1	994	31.695092948503305
119	111	6	1	1017	0.08630477072312102
220	111	35	1	1036	140.81663304635558
3	111	2	1	1081	47.88850572367168
39	111	3	1	1109	86.05794042339828
20	111	2	1	1111	0.48061061471069766
214	111	34	1	1121	58.097586558194166
199	111	27	1	1138	39.20050958036505
246	111	41	1	1141	24.8901033653219
450	111	1031	1	1145	22.246300148999207
247	111	42	1	1165	61.345551166983405
9	111	2	1	1178	56.369839755163596
474	111	1235	1	1186	0.6041944139850116
268	111	45	1	1205	15.700205219935656
544	111	1236	1	1206	6.812578085047169
113	111	5	1	1233	34.97909415480772
477	111	1235	1	1243	5.713137203359032
309	111	53	1	1244	3.798363820114266
29	111	2	1	1258	16.319060963326606
485	111	1236	1	1265	18.66931932310598
218	111	34	1	1271	30.05801082892336
405	111	773	1	1282	39.54607591399956
226	111	39	1	1286	13.744438902822338
387	111	744	1	1293	33.49554069518749
116	111	5	1	1295	1.7000103113282707
178	111	13	1	1332	31.335851625495966
429	111	803	1	1336	10.626232888028104
404	111	773	1	1342	45.89374581641469
438	111	977	1	1359	4.266061280126208
78	111	3	1	1381	45.78993190950499
290	111	49	1	1382	67.2774208261033
49	111	3	1	1390	0.372117468979461
136	111	9	1	1399	11.167845503124674
407	111	777	1	1400	12.685524968914404
372	111	615	1	1406	21.28018090910332
484	111	1236	1	1426	4.935547281245221
130	111	7	1	1434	58.903603804908215
95	111	3	1	1444	6.591849204692995
403	111	772	1	1452	2.375096970221198
522	111	1236	1	1458	0.11421566238366221
202	111	29	1	1465	45.5510095475286
375	111	663	1	1470	17.415605261153985
501	111	1236	1	1473	16.189181049014607
528	111	1236	1	1484	51.15052861201247
288	111	49	1	1508	14.23843781178559
323	111	60	1	1531	31.679543484843578
150	111	9	1	1542	28.143111421416002
184	111	22	1	1542	25.46246674482565
164	111	11	1	1543	18.35444512316801
67	111	3	1	1551	10.883440092662088
532	111	1236	1	1586	58.46609386943272
444	111	1004	1	1588	2.1197091088688835
132	111	8	1	1589	4.0264625247468535
489	111	1236	1	1604	4.292893741946756
425	111	798	1	1638	21.423774450354006
182	111	21	1	1639	22.57286380631283
483	111	1236	1	1658	20.449766783090503
301	111	50	1	1677	5.4137749199052845
123	111	7	1	1699	13.449881581449738
311	111	53	1	1729	579.5348631819688
332	111	75	1	1747	24.75783832975613
109	111	5	1	1779	25.67393600726621
291	111	49	1	1804	65.0620550200305
285	111	48	1	1813	21.32245069306658
10	111	2	1	1814	18.12206857415505
129	111	7	1	1823	71.56264935314113
135	111	9	1	1825	1.806384129938846
353	111	310	1	1825	11.841783153531118
287	111	48	1	1844	25.301064641043027
107	111	3	1	1856	7.727553794244088
363	111	437	1	1876	9.875585849370054
413	111	791	1	1885	16.223226376358493
435	111	959	1	1886	3.760217269697199
225	111	39	1	1916	1.3156406359749386
360	111	400	1	1928	78.26120225913792
196	111	27	1	1932	1.4823716680906884
480	111	1236	1	1960	20.429085020120812
335	111	79	1	1969	1.9544328872160375
298	111	49	1	1970	5.941563271524331
516	111	1236	1	1990	12.167578527954703
143	111	9	1	2003	0.5318959751443706
523	111	1236	1	2038	3.631902845001268
257	111	43	1	2048	0.6181963839866284
260	111	44	1	2064	34.26015902107835
14	111	2	1	2068	23.999176016728445
228	111	39	1	2107	21.171954838545847
334	111	78	1	2113	12.487752387323907
252	111	43	1	2120	6.442619507547078
543	111	1236	1	2120	15.821461634249117
258	111	43	1	2139	0.07920302171163665
295	111	49	1	2156	7.674011442704892
452	111	1163	1	2158	5.337417767304679
253	111	43	1	2160	25.281611518074886
273	111	45	1	2178	55.16659279695183
331	111	73	1	2187	10.217730675754387
167	111	11	1	2209	0.28865318543422747
17	111	2	1	2210	9.296482438998531
453	111	1164	1	2214	0.5444223186411111
412	111	789	1	2218	4.503955803917058
24	111	2	1	2251	17.90034654147758
549	111	1236	1	2263	28.147893015897992
374	111	658	1	2273	34.302597324701956
396	111	761	1	2279	22.43487230457789
389	111	751	1	2281	80.03172862634035
541	111	1236	1	2288	28.611635916776162
166	111	11	1	2290	4.32366204385092
160	111	11	1	2297	11.503221951294659
366	111	444	1	2318	5.421431746623255
72	111	3	1	2330	19.709365461029343
454	111	1175	1	2342	26.011672721513687
26	111	2	1	2354	17.58253753883954
448	111	1025	1	2370	32.28634512246361
70	111	3	1	2379	16.725857315960003
436	111	969	1	2390	1.1939538787732906
57	111	3	1	2398	12.696425239919591
222	111	36	1	2406	33.67144032939127
385	111	739	1	2419	37.678660542070865
356	111	362	1	2422	0.15824695200792946
58	111	3	1	2426	17.37335979876787
111	111	5	1	2437	27.705197788260705
524	111	1236	1	2487	24.541551217579812
369	111	575	1	2497	49.96229836097133
209	111	31	1	2502	88.97098907414981
321	111	59	1	2519	24.017041322723955
219	111	35	1	2520	25.34233870727971
173	111	12	1	2521	16.47831159542133
358	111	367	1	2523	14.45767252335989
243	111	41	1	2529	17.489057842003543
312	111	54	1	2531	2.032785802360017
329	111	68	1	2533	5.278803265535267
92	111	3	1	2540	18.093247724260646
8	111	2	1	2552	27.28916319010122
324	111	63	1	2552	32.124979307177874
4	111	2	1	2553	56.00575450439306
373	111	657	1	2555	13.83430623965754
337	111	84	1	2558	11.03511664498228
165	111	11	1	2589	36.327170009233285
74	111	3	1	2591	2.2058065810045036
540	111	1236	1	2591	27.201658903455876
418	111	796	1	2614	32.19391950564876
336	111	81	1	2663	17.155941614947498
93	111	3	1	2664	19.54499995886976
12	111	2	1	2672	20.540349882627414
325	111	64	1	2675	11.326963472564383
394	111	754	1	2687	43.53359359609067
320	111	59	1	2693	0.37559827593402945
421	111	796	1	2734	25.970235441068724
445	111	1008	1	2735	68.75580242916695
264	111	44	1	2753	5.180315356776666
61	111	3	1	2762	19.4567454601135
259	111	44	1	2765	9.345869587430379
475	111	1235	1	2796	4.395787726592539
346	111	113	1	2840	39.24365469208555
13	111	2	1	2853	76.33486722686301
299	111	50	1	2856	14.45871615810656
361	111	420	1	2873	17.184386170944766
548	111	1236	1	2877	40.70294951219633
526	111	1236	1	2884	14.770825873285283
455	111	1175	1	2916	55.35913805223568
376	111	683	1	2945	40.957600069693186
47	111	3	1	2966	16.77499264121508
510	111	1236	1	2977	16.26672502554201
2	111	2	1	2981	111.24225444288538
19	111	2	1	2982	40.279895096542624
488	111	1236	1	3055	41.60540495187445
352	111	308	1	3070	12.287072903199576
88	111	3	1	3071	18.67274994850143
398	111	764	1	3087	83.7450529928344
330	111	72	1	3109	10.049414644418007
227	111	39	1	3132	24.944728901521135
491	111	1236	1	3149	26.145812276241752
269	111	45	1	3161	13.552043487430762
463	111	1202	1	3192	17.65721985780816
546	111	1236	1	3196	8.241738893597967
138	111	9	1	3242	30.02807474930695
322	111	59	1	3250	15.757668164010099
408	111	778	1	3276	13.1147667090598
124	111	7	1	3277	5.628726685658631
350	111	224	1	3305	2.051968389545037
434	111	931	1	3360	26.703157297801432
377	111	684	1	3365	118.5008790006067
440	111	991	1	3396	10.28422963139087
177	111	13	1	3440	6.2300021285779
439	111	982	1	3446	3.277014379558586
131	111	8	1	3453	20.35685659010029
345	111	108	1	3463	10.298080669690268
221	111	36	1	3479	86.68960731409415
161	111	11	1	3480	4.89195529185297
512	111	1236	1	3500	83.88878449697803
449	111	1029	1	3501	10.022421871660475
215	111	34	1	3512	0.8555559535318004
284	111	47	1	3519	4.601953799508414
21	111	2	1	3540	27.315769299942914
76	111	3	1	3550	18.09473360560496
392	111	752	1	3562	15.633513608038674
515	111	1236	1	3573	0.2674322443879169
68	111	3	1	3585	5.530416051371735
66	111	3	1	3602	64.83876159444605
468	111	1202	1	3606	32.05072212942162
200	111	28	1	3632	18.70818755037732
52	111	3	1	3634	11.47625016030409
486	111	1236	1	3683	24.6573166389465
242	111	41	1	3684	12.158700638728984
388	111	745	1	3696	29.174950746114035
529	111	1236	1	3698	7.936936129146742
53	111	3	1	3699	0.4971537704591922
28	111	2	1	3706	2.7037601845462547
289	111	49	1	3743	29.602624706793023
424	111	797	1	3756	7.818599778494362
493	111	1236	1	3763	42.6565026779707
545	111	1236	1	3784	6.45041617896273
224	111	37	1	3808	8.668761539354962
509	111	1236	1	3862	19.483530543318068
117	111	6	1	3887	35.11323399838823
103	111	3	1	3898	15.06179947575903
344	111	107	1	3936	2.107460424538792
137	111	9	1	3963	1.366074882650627
519	111	1236	1	3973	1.1361137958575882
539	111	1236	1	3977	24.612020086972127
520	111	1236	1	3984	49.240247439684076
393	111	753	1	3985	6.294647718448165
411	111	784	1	4009	106.79739699906158
198	111	27	1	4017	38.89572383494333
236	111	40	1	4022	33.92949097469136
82	111	3	1	4034	9.829855254686167
340	111	98	1	4048	68.33999038313922
42	111	3	1	4051	4.347797796486417
547	111	1236	1	4068	6.059846972194736
272	111	45	1	4072	13.293969636219636
470	111	1207	1	4149	2.545887705804933
172	111	12	1	4166	0.4894139013719245
59	111	3	1	4180	23.71408334066376
533	111	1236	1	4181	20.358755704578698
504	111	1236	1	4192	5.000201977607909
192	111	26	1	4196	12.752261013247166
168	111	11	1	4203	8.244077527971704
213	111	33	1	4211	5.9311236121612625
333	111	76	1	4214	23.44929154108678
96	111	3	1	4215	35.195258309716046
351	111	308	1	4219	8.927383184994829
364	111	439	1	4223	48.84511064824916
120	111	6	1	4227	0.29551367446507654
248	111	42	1	4244	0.8940872912804064
46	111	3	1	4247	1.848101067748494
256	111	43	1	4259	5.462578364380585
27	111	2	1	4260	18.347913900760947
89	111	3	1	4263	27.851145829602093
280	111	46	1	4268	9.62171703890988
316	111	56	1	4312	155.016769391824
496	111	1236	1	4314	42.13848861261149
126	111	7	1	4321	37.08195647441397
11	111	2	1	4334	3.2552881029864955
1	111	2	1	4346	11.578863533802133
30	111	2	1	4387	23.677423815765547
308	111	53	1	4388	2.085792431644174
121	111	7	1	4400	61.72778711037707
37	111	3	1	4437	15.42197712314181
270	111	45	1	4440	10.379565101295107
63	111	3	1	4459	3.2834313870402125
381	111	717	1	4530	3.846259925485807
80	111	3	1	4531	2.1104146010163825
279	111	46	1	4561	3.822573903585096
277	111	45	1	4572	7.782998539322908
6	111	2	1	4581	28.57060441887556
183	111	21	1	4581	10.170372298952381
414	111	792	1	4604	0.5308790751657628
237	111	40	1	4612	107.35939046394684
197	111	27	1	4616	73.52082068374773
185	111	23	1	4625	15.50246620632353
232	111	40	1	4631	26.8997638896267
244	111	41	1	4672	17.80381439929087
241	111	41	1	4694	21.29600893874952
490	111	1236	1	4702	5.38076074087893
99	111	3	1	4717	31.354303733585585
90	111	3	1	4742	3.008895154431291
210	111	32	1	4748	28.20575552960394
296	111	49	1	4749	24.29005548726377
206	111	30	1	4795	20.277771747014388
50	111	3	1	4818	29.164612983161557
35	111	3	1	4826	10.403879174526514
464	111	1202	1	4862	41.52923671483066
238	111	40	1	4870	84.10306492082586
473	111	1235	1	4871	14.485294449625451
31	111	2	1	4899	16.256771110626122
55	111	3	1	4923	20.769838767321506
75	111	3	1	4923	22.96459806257501
36	111	3	1	4928	4.234322160621491
390	111	751	1	4949	80.62511597634413
79	111	3	1	4975	14.772798102846215
266	111	45	1	5012	16.333265606819086
391	111	752	1	5012	34.094048152490984
85	111	3	1	5015	10.761964331120517
43	111	3	1	5035	19.135513637686163
40	111	3	1	5045	28.691496855296858
141	111	9	1	5049	27.125618011849138
155	111	10	1	5068	2.874717509282769
370	111	589	1	5075	30.26962825012612
318	111	58	1	5087	37.44387644574769
494	111	1236	1	5087	63.23105569916098
383	111	727	1	5096	28.11704845111135
102	111	3	1	5126	16.33041348424107
362	111	428	1	5126	81.11509805061638
482	111	1236	1	5136	14.786346981225615
163	111	11	1	5145	4.657078007999903
171	111	12	1	5161	13.545753217413075
348	111	118	1	5167	32.76277869616809
395	111	755	1	5167	70.93314093171945
456	111	1176	1	5176	3.50550053994891
300	111	50	1	5182	49.8300804732255
505	111	1236	1	5184	12.957777462868938
355	111	360	1	5214	38.37058258528977
216	111	34	1	5224	17.01953451974134
44	111	3	1	5246	29.588014716756263
371	111	612	1	5253	12.545925540567694
158	111	11	1	5266	29.75823505914506
104	111	3	1	5281	69.244339335869
169	111	12	1	5339	24.80852677297526
281	111	46	1	5348	23.707569897912407
156	111	10	1	5350	10.794231815314635
140	111	9	1	5359	47.784955252650754
208	111	31	1	5367	18.134105083421787
338	111	89	1	5376	3.9579755231989115
189	111	25	1	5389	58.25826829242659
114	111	5	1	5391	39.47972018105219
33	111	2	1	5394	11.419195087230023
180	111	15	1	5401	10.542909349845337
234	111	40	1	5402	18.40313783078479
472	111	1235	1	5418	0.8003085413744991
313	111	55	1	5425	6.77467549451609
51	111	3	1	5430	101.90993253737551
144	111	9	1	5439	6.175033631231605
265	111	44	1	5454	25.587328713114342
508	111	1236	1	5498	158.3575714334526
441	111	1000	1	5510	48.66452342811257
365	111	443	1	5517	4.711176056848657
65	111	3	1	5532	0.052104682452808665
426	111	800	1	5536	29.886012581699475
469	111	1202	1	5546	3.0580193747726248
34	111	2	1	5565	38.8583330086711
5	111	2	1	5630	5.53470658240899
342	111	103	1	5649	45.153774460623644
147	111	9	1	5660	7.364239352441755
212	111	33	1	5687	30.014184872788835
41	111	3	1	5691	21.603465599310088
386	111	743	1	5697	21.352701291735066
530	111	1236	1	5737	16.342455503188795
306	111	51	1	5781	17.533465595044156
476	111	1235	1	5807	2.163867007210718
240	111	40	1	5808	8.160897286856354
101	111	3	1	5812	4.895328290370613
56	111	3	1	5821	26.184668973600342
461	111	1202	1	5835	26.785223479623863
110	111	5	1	5886	20.639058663760615
48	111	3	1	5887	23.862995199634202
367	111	517	1	5898	152.33131209208943
201	111	28	1	5907	25.585943076120124
354	111	359	1	5946	27.64462183090265
98	111	3	1	5950	12.800844530006076
419	111	796	1	5970	24.455583720202075
442	111	1002	1	5976	54.687964522691416
500	111	1236	1	6036	3.149111323535083
64	111	3	1	6037	90.80539695202395
422	111	796	1	6063	50.3287073546807
275	111	45	1	6078	14.07547788763107
513	111	1236	1	6078	7.971689405934511
175	111	12	1	6089	26.183467062406496
274	111	45	1	6091	11.97708250955645
347	111	115	1	6094	32.61622638046284
416	111	795	1	6099	0.02166332500721765
262	111	44	1	6117	18.28221174975523
535	111	1236	1	6117	36.30978421214576
497	111	1236	1	6123	0.5913650085023084
428	111	802	1	6149	60.76253195645794
410	111	783	1	6178	19.632031477364272
112	111	5	1	6184	46.36905588460434
368	111	570	1	6190	87.57308411733216
267	111	45	1	6193	3.5258988521757666
503	111	1236	1	6201	15.861639777153458
437	111	971	1	6203	33.316939812591535
278	111	46	1	6213	12.28358270092759
406	111	774	1	6230	2.039212447441667
460	111	1202	1	6253	8.608792173544021
188	111	24	1	6264	34.63872953951293
397	111	763	1	6268	9.50216438955184
176	111	13	1	6287	8.545517053811203
32	111	2	1	6288	14.22572148240016
427	111	802	1	6292	13.666128537442923
433	111	890	1	6303	3.246373494395485
255	111	43	1	6314	6.686577138521412
378	111	687	1	6319	7.909249880097496
181	111	20	1	6321	1.8590331441801728
223	111	36	1	6324	28.061773371245163
249	111	42	1	6324	40.55560723842069
230	111	40	1	6326	47.36911939643727
186	111	23	1	6346	2.90154634364375
148	111	9	1	6347	0.2776677699173198
317	111	57	1	6407	3.4002960336598753
261	111	44	1	6412	9.047924228195997
319	111	58	1	6416	4.198169696570911
108	111	3	1	6439	4.733962997010938
91	111	3	1	6455	14.402411087704373
525	111	1236	1	6466	12.561249037782025
459	111	1201	1	6511	22.342511435427035
531	111	1236	1	6555	14.109389348351163
401	111	771	1	6566	68.94663473568423
170	111	12	1	6573	1.7134127073080896
193	111	26	1	6586	8.030887476280158
187	111	24	1	6592	46.14221687860619
231	111	40	1	6606	14.927871896991851
292	111	49	1	6615	51.38906183565672
492	111	1236	1	6616	15.933034170855226
60	111	3	1	6629	46.84697871637305
71	111	3	1	6631	12.819294377386973
203	111	30	1	6632	0.2514479590353362
151	111	9	1	6659	5.264743193007566
380	111	711	1	6665	14.445106632439579
229	111	39	1	6675	8.882869623346258
327	111	65	1	6680	0.2467977894273583
191	111	26	1	6696	0.6787989111295182
179	111	14	1	6722	2.7939654545828945
77	111	3	1	6733	44.23017151415905
409	111	780	1	6757	0.06758063010339736
105	111	3	1	6782	9.084019642130244
254	111	43	1	6784	8.401412450075451
54	111	3	1	6785	14.795344608898603
451	111	1161	1	6796	2.3357453798295627
534	111	1236	1	6817	24.443179520213732
142	111	9	1	6848	31.818206649431357
251	111	42	1	6851	2.148140456270485
118	111	6	1	6854	28.73297389799133
446	111	1017	1	6865	20.657854016251218
233	111	40	1	6868	4.364225801662415
467	111	1202	1	6888	28.571360456921834
133	111	9	1	6900	8.307648274128034
45	111	3	1	6912	31.83295806471733
69	111	3	1	6936	26.080353999561446
94	111	3	1	6944	14.001891735759079
379	111	701	1	6972	111.07949567204227
382	111	724	1	6997	17.334714813634513
498	111	1236	1	6999	90.88452915875719
458	111	1177	1	7001	39.401049208082405
87	111	3	1	7002	20.569594458932876
536	111	1236	1	7002	31.711260582344757
537	111	1236	1	7016	63.07090040715633
154	111	10	1	7018	9.325856822141501
106	111	3	1	7021	4.584283645453912
190	111	25	1	7048	22.628609975088736
15	111	2	1	7060	14.939214135350669
511	111	1236	1	7061	13.97646303340956
357	111	363	1	7071	20.298930922124477
283	111	46	1	7080	132.61138151802803
518	111	1236	1	7080	12.154612045763015
81	111	3	1	7105	3.4640381316157165
245	111	41	1	7116	4.704061109084302
149	111	9	1	7139	8.796089440350839
174	111	12	1	7146	6.006328832739357
305	111	51	1	7158	36.429674170891
339	111	95	1	7174	42.8347297470217
