54	90011	0
68	90011	0
84	90011	0
88	90011	0
95	90011	0
111	90011	0
162	90011	0
198	90011	0
201	90011	0
257	90011	0
317	90011	0
34	90022	0
36	90022	0
87	90022	0
104	90022	0
115	90022	0
147	90022	0
148	90022	0
178	90022	0
184	90022	0
189	90022	0
246	90022	0
290	90022	0
307	90022	0
321	90022	0
326	90022	0
44	90033	0
69	90033	0
71	90033	0
81	90033	0
114	90033	0
129	90033	0
168	90033	0
182	90033	0
194	90033	0
204	90033	0
212	90033	0
235	90033	0
244	90033	0
253	90033	0
295	90033	0
344	90033	0
4	90044	0
39	90044	0
57	90044	0
70	90044	0
240	90044	0
243	90044	0
315	90044	0
328	90044	0
339	90044	0
5	90055	0
14	90055	0
27	90055	0
38	90055	0
97	90055	0
117	90055	0
124	90055	0
142	90055	0
150	90055	0
163	90055	0
170	90055	0
218	90055	0
258	90055	0
318	90055	0
332	90055	0
8	90066	0
121	90066	0
165	90066	0
166	90066	0
172	90066	0
205	90066	0
207	90066	0
214	90066	0
216	90066	0
260	90066	0
283	90066	0
340	90066	0
345	90066	0
2	90077	0
20	90077	0
30	90077	0
31	90077	0
50	90077	0
60	90077	0
74	90077	0
80	90077	0
91	90077	0
146	90077	0
161	90077	0
190	90077	0
221	90077	0
242	90077	0
270	90077	0
271	90077	0
282	90077	0
314	90077	0
7	90088	0
19	90088	0
41	90088	0
42	90088	0
159	90088	0
167	90088	0
173	90088	0
268	90088	0
269	90088	0
287	90088	0
302	90088	0
312	90088	0
334	90088	0
46	90099	0
83	90099	0
93	90099	0
122	90099	0
125	90099	0
128	90099	0
185	90099	0
297	90099	0
100	901010	0
103	901010	0
107	901010	0
135	901010	0
197	901010	0
226	901010	0
249	901010	0
255	901010	0
279	901010	0
286	901010	0
291	901010	0
316	901010	0
323	901010	0
325	901010	0
330	901010	0
338	901010	0
53	901111	0
79	901111	0
82	901111	0
131	901111	0
144	901111	0
145	901111	0
157	901111	0
160	901111	0
176	901111	0
224	901111	0
237	901111	0
262	901111	0
277	901111	0
296	901111	0
333	901111	0
348	901111	0
126	901212	0
141	901212	0
153	901212	0
155	901212	0
199	901212	0
223	901212	0
238	901212	0
267	901212	0
350	901212	0
21	901313	0
22	901313	0
40	901313	0
48	901313	0
73	901313	0
112	901313	0
138	901313	0
156	901313	0
174	901313	0
196	901313	0
206	901313	0
245	901313	0
264	901313	0
266	901313	0
280	901313	0
301	901313	0
304	901313	0
311	901313	0
320	901313	0
322	901313	0
23	901414	0
28	901414	0
32	901414	0
51	901414	0
94	901414	0
102	901414	0
118	901414	0
133	901414	0
169	901414	0
193	901414	0
210	901414	0
227	901414	0
92	901515	0
151	901515	0
180	901515	0
211	901515	0
250	901515	0
265	901515	0
281	901515	0
289	901515	0
324	901515	0
341	901515	0
25	901616	0
62	901616	0
99	901616	0
120	901616	0
136	901616	0
149	901616	0
200	901616	0
202	901616	0
228	901616	0
234	901616	0
239	901616	0
276	901616	0
298	901616	0
299	901616	0
331	901616	0
337	901616	0
342	901616	0
55	901717	0
59	901717	0
85	901717	0
110	901717	0
175	901717	0
181	901717	0
208	901717	0
272	901717	0
284	901717	0
313	901717	0
13	901818	0
33	901818	0
61	901818	0
63	901818	0
76	901818	0
101	901818	0
132	901818	0
152	901818	0
154	901818	0
186	901818	0
188	901818	0
220	901818	0
230	901818	0
241	901818	0
252	901818	0
308	901818	0
15	901919	0
35	901919	0
65	901919	0
66	901919	0
72	901919	0
75	901919	0
90	901919	0
96	901919	0
98	901919	0
171	901919	0
309	901919	0
319	901919	0
1	902020	0
11	902020	0
29	902020	0
47	902020	0
58	902020	0
105	902020	0
108	902020	0
139	902020	0
177	902020	0
187	902020	0
209	902020	0
233	902020	0
254	902020	0
274	902020	0
310	902020	0
335	902020	0
10	902121	0
16	902121	0
43	902121	0
127	902121	0
140	902121	0
217	902121	0
219	902121	0
225	902121	0
236	902121	0
256	902121	0
293	902121	0
329	902121	0
346	902121	0
56	902222	0
113	902222	0
123	902222	0
158	902222	0
183	902222	0
192	902222	0
232	902222	0
247	902222	0
251	902222	0
261	902222	0
263	902222	0
285	902222	0
300	902222	0
336	902222	0
349	902222	0
45	902323	0
49	902323	0
64	902323	0
130	902323	0
134	902323	0
137	902323	0
179	902323	0
191	902323	0
195	902323	0
215	902323	0
259	902323	0
273	902323	0
288	902323	0
343	902323	0
52	902424	0
78	902424	0
86	902424	0
89	902424	0
106	902424	0
116	902424	0
164	902424	0
203	902424	0
213	902424	0
222	902424	0
248	902424	0
303	902424	0
305	902424	0
347	902424	0
54	13	6
68	12	6
84	13	6
88	13	6
95	13	6
198	12	6
201	12	6
34	26	6
44	34	6
69	34	6
114	312	6
168	312	6
182	312	6
4	45	6
39	45	6
70	45	6
328	43	6
5	59	6
14	59	6
38	54	6
97	56	6
163	54	6
258	54	6
8	65	6
121	68	6
2	718	6
20	718	6
30	718	6
31	718	6
7	816	6
42	89	6
167	87	6
334	86	6
46	95	6
83	910	6
93	910	6
100	1016	6
103	109	6
107	109	6
135	1011	6
286	1015	6
316	1015	6
53	1114	6
82	1112	6
144	1110	6
145	1110	6
157	114	6
126	1211	6
153	123	6
155	123	6
21	1312	6
22	1312	6
73	1312	6
138	1312	6
156	1312	6
23	1411	6
28	1415	6
133	1423	6
92	1510	6
151	1519	6
180	1519	6
211	1519	6
265	1522	6
324	1514	6
341	1510	6
25	1617	6
99	1618	6
136	1610	6
149	168	6
55	1719	6
85	1716	6
13	1820	6
33	1816	6
61	1820	6
63	1820	6
76	1816	6
101	187	6
132	1816	6
152	187	6
154	187	6
186	1820	6
188	1816	6
252	187	6
15	1917	6
65	1920	6
75	1915	6
171	1915	6
319	1915	6
1	2019	6
11	2018	6
47	2018	6
58	2022	6
105	2018	6
108	2018	6
177	2021	6
10	2122	6
16	2124	6
56	2223	6
113	2221	6
123	2215	6
158	2215	6
183	2220	6
45	2322	6
49	2314	6
134	2324	6
52	2413	6
78	2421	6
86	2423	6
111	13	12
162	13	12
257	13	12
317	13	12
36	26	12
71	34	12
81	34	12
129	34	12
194	34	12
204	34	12
57	411	12
240	45	12
243	45	12
27	59	12
117	56	12
142	59	12
332	54	12
165	65	12
166	65	12
172	68	12
50	718	12
60	718	12
74	718	12
80	718	12
91	718	12
146	718	12
161	718	12
19	816	12
173	87	12
287	87	12
122	910	12
125	910	12
128	910	12
185	910	12
197	1016	12
226	1011	12
279	1011	12
323	1011	12
79	1114	12
160	1110	12
237	1110	12
262	114	12
296	1110	12
333	1112	12
141	1211	12
40	1324	12
206	1312	12
245	1312	12
264	1312	12
266	1312	12
311	1312	12
32	1415	12
51	1411	12
94	1411	12
169	1423	12
250	1519	12
281	1522	12
289	1519	12
62	1617	12
228	1610	12
59	1719	12
208	1716	12
220	1816	12
230	1820	12
241	1816	12
308	1816	12
35	1917	12
66	1920	12
29	2019	12
139	2018	12
209	2018	12
233	2018	12
254	2018	12
274	2018	12
310	2018	12
335	2021	12
43	2122	12
127	2122	12
140	2124	12
225	2124	12
192	2215	12
232	2221	12
247	2220	12
300	2215	12
64	2322	12
130	2314	12
179	2324	12
89	2421	12
106	2413	12
164	2423	12
87	26	18
212	34	18
235	34	18
244	34	18
253	34	18
295	34	18
315	411	18
124	56	18
150	56	18
170	59	18
218	59	18
318	59	18
205	68	18
207	68	18
260	65	18
190	718	18
221	718	18
242	718	18
270	718	18
271	718	18
282	718	18
41	816	18
159	816	18
297	910	18
249	1016	18
325	1011	18
330	1011	18
338	1011	18
131	1114	18
176	1114	18
348	1110	18
199	1211	18
48	1324	18
112	1324	18
102	1411	18
118	1415	18
227	1423	18
120	1617	18
200	1617	18
234	1610	18
110	1719	18
272	1716	18
313	1716	18
72	1917	18
90	1917	18
187	2019	18
217	2122	18
329	2124	18
251	2220	18
261	2221	18
263	2221	18
349	2215	18
137	2314	18
191	2322	18
259	2314	18
116	2421	18
222	2423	18
104	26	24
115	26	24
344	34	24
339	411	24
214	68	24
314	718	24
268	816	24
255	1016	24
291	1016	24
224	1114	24
223	1211	24
238	1211	24
174	1324	24
193	1415	24
210	1415	24
202	1617	24
239	1610	24
175	1719	24
181	1719	24
96	1917	24
219	2122	24
285	2221	24
195	2322	24
215	2322	24
203	2421	24
213	2421	24
147	26	30
216	68	30
269	816	30
277	1114	30
267	1211	30
196	1324	30
276	1610	30
298	1617	30
299	1617	30
331	1610	30
284	1719	30
98	1917	30
236	2122	30
256	2122	30
336	2221	30
273	2322	30
248	2421	30
148	26	36
283	68	36
340	68	36
302	816	36
312	816	36
350	1211	36
280	1324	36
301	1324	36
337	1610	36
309	1917	36
293	2122	36
288	2322	36
303	2421	36
178	26	42
184	26	42
345	68	42
304	1324	42
342	1610	42
346	2122	42
343	2322	42
305	2421	42
347	2421	42
189	26	48
320	1324	48
246	26	54
322	1324	54
290	26	60
307	26	60
321	26	66
326	26	72
38	43	126
163	411	126
258	419004	126
4	519005	126
39	59	126
101	78	126
154	719007	126
252	719007	126
85	1610	126
2	1819018	126
20	1816	126
30	1816	126
332	43	132
70	56	132
240	59	132
243	59	132
152	78	132
208	1619016	132
31	1816	132
50	1820	132
60	1820	132
74	1816	132
80	1816	132
91	1816	132
121	816	138
272	1610	138
15	1719017	138
146	1816	138
161	1816	138
190	1816	138
221	1816	138
242	1816	138
270	1816	138
10	2219022	138
134	2413	138
334	65	144
172	87	144
313	1619016	144
25	1719	144
35	1716	144
271	1816	144
282	1820	144
314	1816	144
55	1915	144
43	2215	144
86	2314	144
205	816	150
62	1719	150
72	1716	150
59	1915	150
113	2119021	150
127	2215	150
164	2319023	150
179	2421	150
207	816	156
120	1719017	156
90	1716	156
110	1915	156
232	2124	156
217	2215	156
222	2314	156
214	816	162
200	1719017	162
96	1716	162
175	1915	162
261	2124	162
219	2215	162
216	816	168
202	1719017	168
98	1716	168
181	1920	168
263	2124	168
236	2215	168
283	87	174
298	1719017	174
309	1716	174
284	1915	174
285	2119021	174
256	2215	174
299	1719017	180
293	2215	180
167	718	186
340	816	186
103	95	186
83	1011	186
93	1019010	186
21	1211	186
22	1219012	186
123	1519	186
75	1519015	186
171	1522	186
33	1619016	186
76	1617	186
99	187	186
151	1917	186
180	1920	186
336	2124	186
265	2221	186
346	2215	186
173	718	192
287	718	192
345	816	192
107	95	192
128	1015	192
73	1211	192
156	123	192
245	123	192
264	123	192
158	1514	192
192	1519	192
319	1519015	192
132	1617	192
241	1610	192
308	1619016	192
211	1917	192
289	1920	192
281	2219022	192
122	1016	198
138	1211	198
206	1211	198
300	1519	198
349	1510	198
188	1617	198
220	1617	198
250	1917	198
125	1016	204
266	1211	204
185	1016	210
297	1016	210
311	1211	210
78	2122	210
89	2122	216
16	2423	216
116	2122	222
140	2423	222
225	2423	222
203	2122	228
329	2413	228
213	2122	234
248	2120	240
328	312	246
153	34	246
155	34	246
54	312	246
84	312	246
44	45	246
69	45	246
114	1213	246
168	1213	246
182	1213	246
11	187	246
47	187	246
105	187	246
303	2122	246
45	2220	246
56	2319023	246
88	34	252
95	34	252
111	312	252
162	34	252
257	34	252
317	312	252
71	45	252
81	411	252
194	45	252
8	59	252
108	187	252
139	1816	252
209	1816	252
233	1816	252
254	187	252
13	2022	252
63	2021	252
186	2019020	252
305	2122	252
64	2220	252
129	411	258
204	45	258
212	45	258
244	45	258
165	54	258
136	1011	258
274	1816	258
310	1816	258
1	1917	258
61	2022	258
230	2021	258
347	2122	258
191	2215	258
235	411	264
253	45	264
295	45	264
344	45	264
166	54	264
97	68	264
228	1011	264
29	1917	264
65	2019020	264
260	54	270
117	68	270
234	1011	270
52	1312	270
35	1619016	270
100	1618	270
187	1919019	270
25	1915	270
66	2019020	270
195	2220	270
215	2215	270
124	68	276
239	1019010	276
106	1312	276
72	1619016	276
197	1617	276
62	1915	276
273	2215	276
40	2421	276
150	68	282
276	109	282
90	1610	282
249	168	282
48	2421	282
331	1011	288
53	1423	288
49	1411	288
96	168	288
288	2220	288
343	2215	288
112	2421	288
337	1011	294
79	1415	294
130	1419014	294
98	168	294
255	168	294
291	1618	294
174	2421	294
342	1019010	300
23	114	300
131	1419014	300
137	1411	300
309	1619016	300
196	2421	300
46	56	306
99	719007	306
5	910	306
144	1019010	306
135	1112	306
51	114	306
94	1110	306
176	1423	306
259	1411	306
20	1619016	306
30	1610	306
167	1820	306
265	2124	306
101	86	312
152	819008	312
14	910	312
27	910	312
145	1019010	312
160	1019010	312
102	114	312
224	1419014	312
31	1619016	312
74	1617	312
91	1610	312
76	1719	312
173	1820	312
287	1820	312
133	2324	312
280	2423	312
301	2421	312
142	910	318
170	910	318
237	1019010	318
296	1016	318
226	1114	318
277	1423	318
80	1617	318
146	1610	318
132	1719	318
169	2322	318
304	2421	318
172	718	324
218	910	324
318	910	324
348	1019010	324
279	1114	324
323	1114	324
330	1112	324
338	1119011	324
43	1510	324
55	1522	324
7	1617	324
161	1610	324
190	1617	324
242	1610	324
188	1719	324
151	1716	324
227	2324	324
320	2421	324
325	1114	330
127	1519015	330
59	1522	330
19	1610	330
221	1617	330
220	1719	330
211	1716	330
217	1519015	336
110	1522	336
41	1617	336
270	1610	336
314	1617	336
250	1716	336
16	2314	336
322	2423	336
149	819008	342
219	1519015	342
175	1522	342
159	1610	342
271	1610	342
140	2314	342
324	1419014	348
236	1510	348
268	1610	348
225	2314	348
283	718	354
28	1519015	354
256	1510	354
284	1522	354
269	1610	354
58	2219022	354
32	1522	360
293	1519	360
302	1617	360
183	2019020	360
78	2215	360
68	26	366
38	312	366
44	56	366
34	68	366
11	719007	366
47	78	366
92	1019010	366
341	1019010	366
286	1522	366
316	1519015	366
118	1519	366
346	1510	366
312	1619016	366
123	1917	366
247	2018	366
179	2119021	366
171	2219022	366
89	2215	366
198	26	372
201	26	372
332	312	372
69	56	372
36	68	372
105	78	372
108	78	372
193	1519	372
192	1919019	372
50	2019020	372
60	2022	372
251	2018	372
116	2215	372
232	2413	372
165	411	378
71	56	378
244	59	378
87	68	378
254	78	378
210	1519	378
300	1917	378
203	2215	378
261	2413	378
166	411	384
194	56	384
204	56	384
344	59	384
104	65	384
213	2215	384
263	2413	384
260	419004	390
334	54	390
212	56	390
134	1319013	390
282	2022	390
303	2215	390
336	2413	390
253	56	396
70	68	396
85	1011	396
1	1719017	396
305	2215	396
295	56	402
115	68	402
147	65	402
197	1719017	402
29	1719017	402
347	2215	402
148	65	408
178	68	408
97	819008	408
184	68	414
117	816	414
272	1019010	414
177	2119021	414
189	68	420
124	816	420
335	2124	420
246	68	426
150	819008	426
39	910	426
86	1411	426
156	31	432
245	34	432
264	31	432
157	43	432
290	68	432
240	910	432
243	910	432
114	1324	432
139	1610	432
209	1619016	432
181	2019020	432
280	2319023	432
262	43	438
307	68	438
168	1324	438
182	1324	438
191	1519	438
233	1610	438
274	1610	438
310	1619016	438
76	1915	438
133	2413	438
321	68	444
126	1114	444
141	1110	444
222	1419014	444
74	1719	444
172	1820	444
132	1915	444
326	65	450
199	1110	450
52	123	450
215	1519015	450
25	1519015	450
151	168	450
80	1719	450
100	187	450
188	1919019	450
180	2019020	450
101	619006	456
106	123	456
273	1510	456
62	1522	456
211	1619016	456
7	1719017	456
220	1915	456
289	2019020	456
322	2314	456
227	2413	456
276	919009	462
57	1114	462
238	1110	462
250	168	462
190	1719	462
315	1114	468
339	1119011	468
223	1114	468
267	1110	468
82	1213	468
343	1510	468
221	1719	468
241	1019010	474
350	1110	474
333	1219012	474
121	1617	474
205	1619016	474
41	1719	474
291	1820	474
283	1820	474
207	1619016	480
122	1617	480
125	1619016	480
314	1719	480
40	2119021	480
4	90055	480
11	90077	480
24	901010	480
12	901111	480
3	901212	480
22	901212	480
18	901313	480
6	901414	480
37	901414	480
9	901515	480
17	901515	480
28	901515	480
25	901515	480
26	901616	480
33	901616	480
35	901616	480
20	901616	480
31	901616	480
15	901717	480
1	901717	480
29	901717	480
2	901818	480
50	902020	480
10	902222	480
153	45	486
155	45	486
4	59	486
103	519005	486
11	78	486
5	1019010	486
24	1019010	486
83	1112	486
12	1119011	486
3	1219012	486
22	1213	486
328	1213	486
54	1213	486
84	1219012	486
18	1319013	486
6	1419014	486
37	1419014	486
9	1519015	486
17	1519015	486
28	1510	486
25	1522	486
214	1619016	486
185	1618	486
26	1619016	486
35	1617	486
31	1610	486
302	1719017	486
15	1719	486
1	1716	486
2	1816	486
50	2022	486
48	2119021	486
10	2215	486
24	901010	486
12	901111	486
3	901212	486
18	901313	486
6	901414	486
37	901414	486
9	901515	486
17	901515	486
26	901616	486
7	901717	486
88	45	492
95	45	492
162	45	492
257	45	492
107	54	492
14	1019010	492
27	1019010	492
24	1015	492
12	1114	492
3	123	492
111	1213	492
317	1213	492
18	1312	492
329	1319013	492
6	1415	492
9	1522	492
17	1522	492
216	1617	492
297	1618	492
33	168	492
29	1719	492
7	1719	492
123	1719017	492
112	2119021	492
142	1019010	498
170	1015	498
37	1415	498
20	1617	498
26	1617	498
174	2122	498
218	1015	504
318	1015	504
340	1610	504
300	1719017	504
196	2122	504
55	2223	504
334	43	510
345	1610	510
301	2122	510
59	2219022	510
265	2419024	510
40	902121	510
34	816	516
40	2122	516
110	2219022	516
5	901010	516
48	902121	516
36	816	522
5	1016	522
304	2122	522
175	2219022	522
14	901010	522
27	901010	522
87	816	528
14	1016	528
27	1011	528
48	2124	528
320	2122	528
284	2219022	534
158	1411	540
78	1519015	540
293	1919019	540
32	2219022	540
70	816	546
47	86	546
89	1510	546
118	1917	546
167	2022	546
286	2221	546
115	87	552
105	86	552
8	919009	552
128	1519015	552
116	1519	552
193	1919019	552
173	2022	552
287	2021	552
178	87	558
108	86	558
349	1019010	558
136	1119011	558
163	1114	558
203	1519	558
210	1917	558
184	87	564
254	86	564
90	1019010	564
213	1519	564
45	2019020	564
100	719007	570
189	816	570
228	1112	570
234	1119011	570
303	1519	570
74	1915	570
64	2019020	570
169	2219022	570
32	902222	570
246	819008	576
305	1519	576
296	1618	576
80	1915	576
195	2018	576
32	2215	576
53	2324	576
46	619006	582
290	87	582
30	1011	582
49	114	582
347	1510	582
8	90099	582
8	95	588
91	1019010	588
331	1112	588
137	1119011	588
226	1419014	588
307	816	594
146	109	594
337	1112	594
259	114	594
176	2322	594
45	902020	594
321	816	600
161	1019010	600
279	1423	600
323	1419014	600
121	1719017	600
190	1919019	600
45	2018	600
153	56	606
94	109	606
242	1019010	606
39	1019010	606
21	1119011	606
38	1219012	606
325	1419014	606
1	1610	606
122	1719017	606
247	187	606
221	1915	606
248	2018	606
13	2223	606
107	43	612
155	56	612
88	59	612
95	59	612
257	519005	612
19	1019010	612
240	1019010	612
243	1019010	612
73	1110	612
332	1219012	612
35	1719	612
251	187	612
41	1919019	612
61	2219022	612
46	90066	612
162	59	618
270	109	618
138	1119011	618
76	1519015	618
216	1719	618
314	1915	618
191	1919019	618
288	2019020	618
46	62	624
249	819008	624
159	1019010	624
206	1110	624
16	1411	624
132	1514	624
20	1719	624
335	2413	624
104	54	630
96	819008	630
271	1011	630
266	1119011	630
232	1312	630
140	1411	630
79	1519015	630
26	1719017	630
15	1920	630
29	1915	630
277	2319023	630
98	819008	636
268	1019010	636
311	1110	636
261	1312	636
225	1419014	636
220	1519015	636
7	1915	636
62	2221	636
174	2219022	636
39	901010	636
21	901111	636
38	901212	636
255	86	642
269	1019010	642
39	109	642
38	1213	642
263	1312	642
196	2215	642
19	901010	642
41	901919	642
44	68	648
19	109	648
21	1112	648
82	1319013	648
336	1312	648
41	1915	648
301	2215	648
147	59	654
69	68	654
40	2219022	654
148	59	660
71	68	660
304	2215	660
26	901717	660
194	68	666
11	819008	666
42	919009	666
22	1319013	666
328	1319013	666
54	1324	666
10	1519	666
2	1610	666
26	1719	666
185	1820	666
63	2119021	666
25	2221	666
320	2215	666
156	12	672
264	119001	672
157	31	672
245	45	672
204	68	672
81	1114	672
18	123	672
111	1324	672
297	1819018	672
230	2124	672
9	2219022	672
17	2221	672
262	319003	678
212	68	678
244	910	678
129	1114	678
235	1119011	678
317	1324	678
118	1716	678
286	2119021	678
114	2421	678
253	619006	684
344	910	684
43	109	684
210	1716	684
168	2423	684
40	902222	684
52	34	690
47	619006	690
295	68	690
172	2022	690
40	2215	690
182	2421	690
106	31	696
326	54	696
105	62	696
85	1119011	696
133	1319013	696
42	90099	696
22	901313	696
108	62	702
42	910	702
139	1011	702
86	1119011	702
22	1312	702
9	902222	702
254	619006	708
236	1019010	708
233	1011	708
126	1415	708
9	2220	708
256	109	714
274	1019010	714
227	1319013	714
291	2019020	714
283	2022	714
53	2419024	714
47	90066	720
23	419004	726
247	78	726
346	1019010	726
60	2219022	726
3	34	732
51	419004	732
102	45	732
47	65	732
115	718	732
251	719007	732
57	1423	732
117	1617	732
116	1919019	732
68	68	738
178	718	738
315	1415	738
124	1619016	738
35	1915	738
203	1917	738
48	2423	738
198	68	744
201	68	744
184	718	744
141	1019010	744
223	1419014	744
322	1419014	744
216	1915	744
213	1917	744
282	2219022	744
53	902424	744
334	312	750
104	419004	750
31	1019010	750
12	1415	750
74	1519015	750
20	1915	750
303	1917	750
55	2319023	750
53	2423	750
199	1016	756
32	1510	756
80	1514	756
296	1819018	756
305	1917	756
23	90044	756
23	43	762
290	718	762
238	1019010	762
51	90044	762
51	411	768
267	1019010	768
340	1019010	768
135	1219012	768
146	919009	774
350	1019010	774
345	1019010	774
330	1213	774
62	2119021	774
5	168	780
4	910	786
94	919009	786
221	1519015	786
14	1618	786
245	56	792
151	819008	792
255	619006	798
250	819008	798
270	919009	798
165	1114	798
314	1519015	798
25	2124	798
44	87	804
33	86	804
166	1114	804
118	1618	804
17	2124	804
69	816	810
232	1219012	810
29	1514	810
210	1619016	810
26	1915	810
71	816	816
273	1019010	816
158	1119011	816
261	123	816
7	1519015	816
195	1819018	816
168	2319023	816
326	411	822
194	87	822
39	919009	822
263	123	822
38	1324	822
196	1519	822
204	816	828
19	95	828
343	1019010	828
27	1119011	828
336	1219012	828
163	1423	828
301	1519	828
41	1522	828
212	816	834
6	1519	834
295	816	840
37	1519	840
304	1519	840
45	1816	840
176	2219022	840
28	1019010	846
320	1519015	846
34	1610	846
248	187	846
7	901515	846
107	31	852
102	56	852
7	1519	852
24	1519015	852
36	1610	852
115	1820	852
10	1917	852
50	2223	852
13	2319023	852
39	90099	852
39	910	858
244	1019010	858
170	1522	858
87	1610	858
178	1820	858
43	919009	864
1	1019010	864
344	1019010	864
218	1519015	864
318	1519015	864
117	1719	864
203	1719017	864
184	1820	864
48	2319023	864
40	1519015	870
213	1716	870
53	2319023	870
303	1719017	876
42	1016	882
30	1119011	882
22	123	882
335	1312	882
305	1719017	882
290	1820	882
230	2413	882
24	901515	882
13	902323	882
8	56	888
24	1514	888
13	2322	888
153	68	894
68	816	894
256	95	894
15	2019020	894
43	90099	894
155	68	900
198	816	900
43	910	900
16	1119011	900
114	2120	900
201	816	906
247	819008	906
89	1019010	906
140	1119011	906
70	1617	906
185	2019020	906
182	2120	906
167	2223	906
157	119001	912
18	31	912
88	910	912
73	1016	912
189	1617	912
173	2219022	912
279	2319023	912
30	901111	912
95	919009	918
162	919009	918
30	1114	918
35	1519015	918
307	1619016	918
216	1519015	924
15	902020	924
46	21	930
52	419004	930
206	1016	930
271	1119011	930
83	1219012	930
20	1522	930
321	1617	930
15	2018	930
16	901111	930
106	119001	936
311	1016	936
16	1110	936
347	1019010	942
2	109	942
81	1419014	942
54	2423	942
111	2421	942
129	1419014	948
317	2421	948
35	901515	948
33	65	954
147	919009	954
330	1319013	954
132	1419014	954
35	1510	954
287	2119021	954
148	919009	960
52	90044	960
52	45	966
248	78	966
4	1019010	966
14	187	966
3	45	972
47	54	972
44	719007	984
10	1719017	984
118	1819018	984
334	1219012	990
26	1522	990
213	1619016	990
4	901010	996
23	31	1002
49	419004	1002
194	718	1002
4	109	1002
139	1119011	1002
196	1917	1002
259	419004	1008
233	1119011	1008
117	1919019	1008
301	1917	1008
41	2221	1008
172	2219022	1008
105	21	1014
228	1213	1014
6	1917	1014
44	90077	1014
10	901717	1014
108	21	1020
44	718	1020
331	1219012	1020
199	1617	1020
10	1716	1020
37	1917	1020
304	1917	1020
153	87	1026
337	1219012	1026
126	1519015	1026
45	1610	1026
57	2319023	1026
156	219002	1032
155	87	1032
7	1917	1032
25	2413	1032
49	90044	1032
49	45	1038
39	1016	1038
70	1719017	1038
9	2018	1038
170	2219022	1038
17	2419024	1038
189	1719	1044
283	2219022	1044
321	1719	1050
261	319003	1056
263	31	1062
335	1219012	1062
17	902424	1068
165	1423	1074
54	2319023	1074
17	2413	1074
245	68	1080
43	1019010	1080
166	1423	1080
38	2419024	1080
52	59	1086
14	719007	1086
315	1519015	1086
107	119001	1092
47	43	1092
3	519005	1092
88	1019010	1092
12	1519015	1092
115	2019020	1092
50	2319023	1092
21	1219012	1098
80	1419014	1098
178	2021	1098
184	2019020	1104
20	2223	1110
163	2319023	1110
43	901010	1110
38	902424	1110
5	819008	1116
32	1019010	1116
43	1011	1116
22	31	1122
2	919009	1122
69	1617	1122
194	1819018	1122
290	2019020	1122
38	2421	1122
3	90055	1122
12	901515	1122
3	59	1128
19	54	1128
102	619006	1128
34	1019010	1128
12	1519	1128
71	1617	1128
41	2124	1128
21	901212	1128
36	1019010	1134
21	123	1134
87	1019010	1140
230	1319013	1140
10	168	1140
196	1719017	1140
44	1816	1140
248	819008	1146
301	1719017	1146
167	2319023	1146
32	901010	1146
18	119001	1152
32	109	1152
42	1617	1152
6	1719017	1152
13	2220	1152
49	56	1158
29	1419014	1158
199	1719017	1158
37	1716	1158
111	2122	1158
34	901010	1158
34	1016	1164
304	1719017	1164
317	2122	1164
36	901010	1164
8	619006	1170
36	1016	1170
51	1114	1170
15	187	1170
26	2221	1170
7	1716	1176
189	1919019	1176
4	919009	1182
204	1619016	1182
321	1915	1182
18	90011	1182
6	901717	1182
18	13	1188
212	1619016	1188
73	1619016	1188
6	1716	1188
29	901414	1188
33	54	1194
256	519005	1194
228	1319013	1194
295	1617	1194
30	1419014	1200
29	1411	1200
8	90066	1200
8	68	1206
153	719007	1206
206	1619016	1206
155	719007	1212
311	1619016	1212
245	819008	1218
326	1114	1218
24	1411	1230
30	90077	1230
30	718	1236
16	1019010	1236
68	1617	1236
23	119001	1242
198	1617	1242
19	419004	1248
201	1617	1248
69	1719017	1248
71	1719017	1254
16	901010	1266
16	109	1272
23	90011	1272
23	12	1278
37	1619016	1278
9	187	1278
114	2019020	1278
42	1719	1284
182	2019020	1284
46	119001	1290
15	719007	1290
25	1319013	1290
111	2219022	1290
45	1019010	1296
317	2215	1296
263	119001	1302
26	2124	1302
7	168	1308
39	1619016	1308
12	1917	1308
37	901616	1308
33	419004	1314
35	1019010	1314
6	168	1314
37	1618	1314
44	1619016	1320
295	1719	1320
46	90099	1320
25	901313	1320
46	910	1326
38	2122	1326
45	901010	1326
47	312	1332
8	819008	1332
32	919009	1332
45	109	1332
25	1324	1332
41	2413	1338
33	90044	1344
33	45	1350
17	1312	1350
44	90033	1350
44	34	1356
68	1719017	1356
30	1816	1356
22	12	1362
321	1519015	1362
198	1719017	1362
165	2319023	1362
20	2319023	1362
201	1719017	1368
166	2319023	1368
105	119001	1374
21	319003	1374
108	119001	1380
106	90011	1380
107	90011	1380
104	90044	1380
103	90055	1380
101	90066	1380
102	90066	1380
99	90077	1380
100	90077	1380
97	90088	1380
96	90088	1380
98	90088	1380
94	90099	1380
95	90099	1380
93	901010	1380
92	901010	1380
90	901010	1380
91	901010	1380
89	901010	1380
88	901010	1380
87	901010	1380
85	901111	1380
86	901111	1380
84	901212	1380
83	901212	1380
82	901313	1380
81	901414	1380
80	901414	1380
75	901515	1380
78	901515	1380
76	901515	1380
79	901515	1380
74	901515	1380
72	901616	1380
73	901616	1380
70	901717	1380
69	901717	1380
71	901717	1380
65	902020	1380
66	902020	1380
64	902020	1380
63	902121	1380
62	902121	1380
58	902222	1380
59	902222	1380
61	902222	1380
60	902222	1380
56	902323	1380
55	902323	1380
57	902323	1380
54	902323	1380
106	12	1386
107	13	1386
104	43	1386
103	59	1386
101	65	1386
99	718	1386
100	718	1386
97	816	1386
96	87	1386
94	910	1386
95	910	1386
52	910	1386
93	109	1386
92	1011	1386
90	1016	1386
91	1011	1386
88	1015	1386
87	109	1386
85	1112	1386
86	1110	1386
84	1211	1386
83	1213	1386
82	1312	1386
81	1411	1386
80	1415	1386
75	1519	1386
78	1510	1386
76	1519	1386
79	1519	1386
74	1522	1386
72	1618	1386
73	1610	1386
70	1716	1386
69	1719	1386
65	2018	1386
66	2018	1386
64	2019	1386
63	2122	1386
58	2223	1386
59	2221	1386
61	2215	1386
56	2322	1386
68	901717	1386
102	65	1392
98	89	1392
89	1016	1392
71	1716	1392
62	2122	1392
60	2215	1392
55	2322	1392
57	2322	1392
20	902323	1392
9	78	1398
68	1716	1398
54	2322	1398
20	2314	1404
105	90011	1404
105	13	1410
108	90011	1410
108	13	1416
43	1119011	1416
49	62	1422
42	1919019	1422
18	34	1428
3	919009	1428
34	168	1440
51	1419014	1446
36	1619016	1446
12	1716	1446
38	2215	1446
16	95	1452
42	90088	1452
42	86	1458
10	819008	1464
295	1919019	1464
33	59	1470
178	2119021	1470
317	1519015	1476
13	2018	1476
51	901414	1476
36	901616	1476
29	1110	1482
51	1423	1482
36	1617	1482
326	1419014	1494
37	1820	1494
46	1016	1506
24	114	1506
99	1820	1506
100	1816	1506
59	2119021	1506
45	919009	1512
70	1619016	1512
71	1610	1518
63	2215	1518
68	1618	1524
62	2219022	1524
17	123	1530
69	1915	1530
26	2419024	1530
30	1610	1536
59	901717	1536
59	1719	1542
70	90044	1542
70	43	1548
96	719007	1566
93	919009	1566
87	95	1566
94	1015	1566
95	1019010	1566
82	1219012	1566
83	1324	1566
61	1510	1566
12	1618	1566
72	1820	1566
75	1919019	1566
76	1917	1566
74	2221	1566
52	1019010	1572
47	1213	1572
60	1514	1572
79	1917	1572
25	2419024	1572
9	819008	1578
42	65	1590
44	45	1596
96	901919	1596
93	90099	1596
95	90011	1596
82	901111	1596
75	901919	1596
95	12	1602
93	910	1602
82	1114	1602
96	1917	1602
75	1920	1602
52	901010	1602
52	1015	1608
41	1319013	1608
36	1719	1608
104	312	1626
107	312	1626
38	1519	1626
65	1816	1626
66	187	1626
101	54	1632
56	2215	1632
58	2319023	1632
23	219002	1638
102	54	1638
55	2215	1638
57	2215	1644
105	312	1650
54	2219022	1650
108	312	1656
73	1019010	1656
58	902020	1662
18	419004	1668
90	1617	1668
58	2022	1668
7	819008	1674
89	1618	1674
6	819008	1680
64	1917	1680
59	1915	1680
54	90011	1680
54	13	1686
103	910	1686
86	1019010	1686
92	1119011	1686
81	1110	1686
100	1610	1686
73	901313	1686
91	1112	1692
73	1324	1692
20	1411	1692
76	1716	1692
63	1510	1698
79	1716	1698
68	187	1704
80	1522	1710
44	59	1716
69	1522	1716
13	1819018	1716
74	2124	1716
86	902424	1716
92	901515	1716
22	219002	1722
92	1519	1722
97	1617	1722
86	2421	1722
36	1915	1728
37	2019020	1734
49	219002	1740
66	78	1746
78	1019010	1746
88	1522	1746
12	187	1746
99	2022	1746
13	901818	1746
106	26	1752
101	43	1752
16	519005	1752
47	1319013	1752
96	1716	1752
13	187	1752
102	411	1758
17	34	1770
33	910	1770
49	902323	1770
49	2322	1776
78	902424	1776
29	1019010	1782
46	1618	1782
78	2421	1782
47	902020	1782
70	312	1788
34	86	1788
71	1011	1788
93	1016	1788
47	2022	1788
51	2319023	1794
65	1619016	1806
90	1719017	1806
38	1919019	1806
72	2019020	1806
30	1019010	1812
84	1110	1812
56	1519	1812
55	1519	1818
68	719007	1824
57	1519015	1824
76	1618	1824
64	1719017	1824
42	54	1830
79	168	1830
83	2421	1830
85	1219012	1836
65	901919	1836
65	1915	1842
97	1719017	1854
89	1820	1854
68	90011	1854
57	90044	1854
64	902323	1854
68	13	1860
57	411	1860
59	1522	1860
64	2322	1860
87	519005	1866
12	719007	1866
103	1019010	1866
104	1219012	1866
107	1213	1866
85	901717	1866
13	719007	1872
96	1619016	1872
85	1716	1872
75	2019020	1872
97	90055	1884
97	56	1890
105	1213	1890
82	1415	1890
80	2219022	1890
108	1211	1896
69	2221	1896
87	90022	1896
103	901010	1896
104	90022	1896
103	1015	1902
92	1917	1902
87	26	1908
60	1411	1908
36	1522	1908
104	26	1914
80	90077	1920
54	312	1926
24	43	1926
80	718	1926
66	819008	1926
61	1019010	1926
94	1522	1926
86	2122	1926
88	2221	1926
34	619006	1932
74	2413	1938
42	43	1950
33	1019010	1950
100	1019010	1956
66	901919	1956
61	901818	1956
95	26	1962
46	187	1962
61	1820	1962
66	1915	1962
73	2421	1962
34	90022	1962
34	26	1968
52	1522	1968
81	1019010	1986
100	901010	1986
101	312	1992
100	1016	1992
20	114	1992
85	168	1992
56	1917	1992
55	1919019	1998
76	1819018	2004
78	2120	2004
58	2219022	2004
17	45	2010
44	910	2016
49	2219022	2016
81	90033	2016
49	902323	2016
81	34	2022
65	1522	2022
49	2322	2022
70	1213	2028
69	2124	2028
55	901717	2028
55	1719	2034
83	2122	2034
76	901818	2034
92	1719017	2040
76	1820	2040
59	2219022	2040
98	919009	2046
107	1319013	2046
80	1816	2046
86	2215	2052
63	1019010	2058
93	1617	2058
88	2119021	2058
105	1324	2070
98	901919	2076
107	901010	2076
46	719007	2082
107	1015	2082
98	1917	2082
71	1119011	2088
36	2219022	2088
99	2223	2088
63	901818	2088
88	90011	2088
88	12	2094
63	1820	2094
89	2019020	2094
68	312	2100
106	68	2100
94	2219022	2106
64	2219022	2106
84	1016	2112
71	90033	2118
71	312	2124
89	902424	2124
17	519005	2130
56	1716	2130
47	2223	2130
89	2421	2130
94	901414	2136
94	1415	2142
66	1522	2142
91	1213	2148
52	2223	2148
83	2219022	2154
97	68	2160
102	1119011	2160
24	31	2166
79	819008	2166
54	1213	2166
55	1915	2166
93	1719017	2178
73	2120	2178
83	90099	2184
42	312	2190
83	910	2190
102	901414	2190
44	1019010	2196
60	1119011	2196
102	1415	2196
79	901111	2196
79	1110	2202
61	2022	2202
65	2219022	2202
70	1324	2208
82	1519	2208
98	1716	2208
74	1312	2220
80	1617	2226
60	90077	2226
60	718	2232
106	87	2232
101	1219012	2232
86	1519	2232
69	2419024	2244
56	1619016	2250
81	45	2262
87	68	2262
103	1519015	2262
100	1619016	2262
101	901818	2262
104	68	2268
101	1816	2268
49	2215	2268
69	90033	2274
69	312	2280
76	2019020	2280
157	90011	2280
156	90022	2280
154	90077	2280
153	90077	2280
155	90077	2280
152	90088	2280
149	90088	2280
150	90088	2280
151	90088	2280
146	90099	2280
147	90099	2280
148	90099	2280
144	901010	2280
145	901010	2280
142	901010	2280
141	901010	2280
136	901111	2280
137	901111	2280
138	901111	2280
140	901111	2280
139	901111	2280
135	901212	2280
134	901313	2280
133	901313	2280
130	901414	2280
131	901414	2280
129	901414	2280
132	901414	2280
127	901515	2280
128	901515	2280
126	901515	2280
125	901616	2280
124	901616	2280
56	902222	2280
120	901717	2280
123	901717	2280
121	901717	2280
122	901717	2280
118	901818	2280
116	901919	2280
117	901919	2280
115	902020	2280
114	902020	2280
113	902121	2280
112	902121	2280
110	902222	2280
111	902222	2280
157	12	2286
156	26	2286
154	718	2286
153	718	2286
155	718	2286
152	816	2286
150	87	2286
146	910	2286
147	910	2286
148	910	2286
144	1015	2286
145	109	2286
142	1016	2286
141	109	2286
136	114	2286
137	1114	2286
140	1110	2286
139	1110	2286
135	123	2286
134	1312	2286
133	1312	2286
130	1423	2286
127	1510	2286
128	1510	2286
126	1519	2286
125	1618	2286
124	1617	2286
120	1716	2286
121	1719	2286
118	1816	2286
116	1917	2286
115	2021	2286
114	2022	2286
56	2220	2286
110	2223	2286
149	86	2292
151	816	2292
138	1114	2292
131	1423	2292
129	1411	2292
123	1716	2292
117	1917	2292
113	2122	2292
111	2220	2292
85	86	2298
57	1114	2298
132	1411	2298
122	1716	2298
112	2122	2298
97	816	2316
66	2221	2322
95	68	2328
91	1319013	2328
34	68	2334
98	1619016	2334
63	2022	2334
99	2319023	2334
108	1119011	2340
68	1213	2340
54	1324	2346
55	1522	2346
60	1820	2352
89	2122	2358
105	2419024	2358
91	90077	2358
91	718	2364
71	1213	2364
80	1719	2364
99	901616	2364
83	1016	2370
99	1610	2370
47	2319023	2370
108	902020	2370
108	2019	2376
81	56	2388
82	1919019	2388
78	2019020	2388
52	2319023	2388
105	902020	2388
84	1618	2394
105	2019	2394
74	123	2400
24	119001	2406
20	419004	2406
120	168	2406
154	1816	2406
153	1820	2406
155	1816	2406
106	718	2412
87	816	2412
104	816	2418
123	1610	2418
116	1719017	2418
86	1917	2418
122	1610	2424
124	1719	2424
117	1716	2424
121	1919019	2424
42	1219012	2430
113	2215	2430
149	65	2436
112	2215	2436
85	62	2442
107	1519015	2442
49	1519	2448
101	1617	2448
66	2119021	2448
116	902424	2448
88	26	2454
121	90066	2454
121	65	2460
116	2413	2460
150	718	2466
145	919009	2466
141	95	2466
146	1015	2466
147	1011	2466
134	1211	2466
133	1219012	2466
118	1617	2466
125	1820	2466
126	1917	2466
70	2421	2466
148	1019010	2472
95	816	2478
94	1519	2478
34	816	2484
91	1816	2484
89	2215	2496
133	901414	2496
79	1016	2502
133	1411	2502
80	1919019	2502
148	90022	2502
148	26	2508
69	1213	2520
68	1324	2520
102	1519015	2520
135	34	2526
55	2219022	2526
106	1819018	2532
110	2319023	2532
71	1324	2544
117	1610	2544
86	1719017	2556
73	2019020	2562
106	902424	2562
110	901717	2562
110	1719	2568
124	1915	2568
61	2219022	2568
106	2421	2568
142	1618	2574
84	1819018	2574
137	1423	2580
130	2324	2580
140	1019010	2586
138	1423	2586
101	1719	2586
150	1820	2586
131	2324	2586
139	1016	2592
57	1415	2592
154	1610	2592
118	1719	2592
60	2022	2592
129	114	2598
155	1610	2598
54	2423	2598
132	1110	2604
126	1719017	2604
56	2018	2604
84	90011	2604
84	12	2610
113	1519	2610
111	2019020	2610
112	1519	2616
152	1610	2622
99	109	2628
151	1619016	2628
49	1919019	2628
49	901919	2628
49	1917	2634
114	2219022	2634
126	901212	2634
74	31	2640
156	68	2640
126	1211	2640
97	1619016	2640
111	90011	2640
111	13	2646
127	1019010	2646
128	109	2646
144	1519015	2646
153	2019020	2646
157	26	2652
83	1618	2652
81	68	2658
94	1917	2658
151	901515	2658
151	1519	2664
91	1617	2664
70	2119021	2664
63	2219022	2664
114	90033	2664
114	34	2670
108	1915	2670
89	1519	2676
127	902121	2676
144	901111	2676
153	901212	2676
144	1110	2682
153	123	2682
127	2124	2682
149	519005	2688
105	1915	2688
123	1019010	2694
122	1011	2700
69	1324	2700
115	2119021	2700
121	54	2706
110	1915	2706
125	2019020	2706
136	43	2718
116	1319013	2718
149	901616	2718
149	168	2724
123	902222	2724
120	86	2730
101	1915	2730
123	2215	2730
130	2419024	2730
115	90022	2730
115	21	2736
87	1617	2736
118	1919019	2736
54	2319023	2736
131	2413	2736
125	90099	2736
125	910	2742
104	1617	2742
124	1522	2748
142	1820	2754
130	902323	2760
85	21	2766
135	45	2766
141	519005	2766
147	1114	2766
79	1618	2766
130	2322	2766
118	901414	2766
156	816	2772
118	1423	2772
49	1719017	2772
49	902323	2772
49	2322	2778
68	2421	2778
81	816	2790
133	1110	2790
113	1917	2790
106	2122	2790
91	1719017	2796
94	1719017	2796
112	1917	2796
71	2421	2796
141	901212	2796
88	68	2802
141	1211	2802
99	919009	2808
99	901616	2808
95	1619016	2814
99	1610	2814
117	1019010	2820
34	1610	2820
121	43	2826
128	919009	2826
146	1522	2826
150	2019020	2826
83	1819018	2832
148	68	2838
56	187	2844
151	1917	2844
108	1519015	2850
117	90055	2850
117	54	2856
128	90099	2856
150	90055	2856
150	56	2862
120	65	2862
128	910	2862
89	1917	2862
137	2324	2862
105	1519015	2868
87	1719017	2868
138	2322	2868
154	1019010	2874
104	1719	2874
74	119001	2880
155	109	2880
139	1617	2880
111	312	2886
135	56	2886
110	1514	2892
134	1110	2898
132	1019010	2904
154	901818	2904
152	1019010	2910
123	1514	2910
101	1519015	2910
154	187	2910
127	2423	2910
74	90077	2910
114	411	2916
74	718	2916
57	1522	2916
153	34	2922
125	1011	2922
124	2219022	2928
106	2215	2928
113	1716	2934
112	1719017	2940
152	901818	2940
79	1820	2946
152	187	2946
136	31	2958
88	816	2958
60	2219022	2958
69	2421	2958
124	90055	2958
124	54	2964
56	78	2964
84	26	2970
112	901313	2970
117	43	2976
112	1324	2976
144	109	2982
148	819008	2988
157	68	2994
131	1319013	2994
151	1716	2994
142	2019020	2994
68	2119021	2994
122	1119011	3000
139	1719017	3000
71	2119021	3000
137	2419024	3000
104	1915	3006
146	2221	3006
130	2215	3006
89	1719017	3012
129	45	3024
49	2220	3024
131	901111	3024
142	90055	3024
142	59	3030
154	719007	3030
131	1110	3030
162	90099	3030
160	901010	3030
161	901010	3030
159	901010	3030
158	901111	3030
122	90099	3030
139	902020	3030
137	902323	3030
162	910	3036
122	910	3036
160	1011	3036
161	109	3036
159	1015	3036
158	1110	3036
74	1820	3036
139	2018	3036
127	2314	3036
137	2322	3036
128	1011	3042
118	2324	3042
126	1119011	3048
149	819008	3054
147	1419014	3054
113	1619016	3054
155	919009	3060
121	312	3066
152	719007	3066
156	1610	3078
124	411	3084
147	90022	3084
113	902222	3084
147	26	3090
133	1019010	3090
113	2215	3090
155	901212	3090
115	13	3096
99	1019010	3096
155	123	3096
57	2219022	3096
99	901010	3096
120	54	3102
34	1019010	3102
99	1015	3102
106	1519015	3108
151	1618	3114
138	2219022	3114
85	119001	3126
111	1211	3126
85	901717	3126
85	1716	3132
150	68	3138
157	87	3138
81	1617	3138
146	2124	3138
129	56	3144
56	86	3144
138	901313	3144
138	1312	3150
153	45	3162
144	919009	3162
135	619006	3174
118	2413	3180
264	90011	3180
263	90011	3180
262	90033	3180
261	90033	3180
258	90044	3180
260	90044	3180
259	90044	3180
257	90055	3180
256	90055	3180
253	90066	3180
254	90066	3180
255	90066	3180
252	90077	3180
251	90077	3180
246	90088	3180
249	90088	3180
250	90088	3180
247	90088	3180
248	90088	3180
245	90088	3180
239	901010	3180
237	901010	3180
241	901010	3180
242	901010	3180
240	901010	3180
243	901010	3180
236	901010	3180
238	901010	3180
244	901010	3180
234	901111	3180
235	901111	3180
233	901111	3180
232	901212	3180
227	901313	3180
230	901313	3180
228	901313	3180
224	901414	3180
222	901414	3180
226	901414	3180
225	901414	3180
223	901414	3180
217	901515	3180
219	901515	3180
215	901515	3180
220	901515	3180
221	901515	3180
218	901515	3180
216	901515	3180
208	901616	3180
209	901616	3180
211	901616	3180
205	901616	3180
207	901616	3180
214	901616	3180
210	901616	3180
213	901616	3180
204	901616	3180
212	901616	3180
206	901616	3180
200	901717	3180
202	901717	3180
197	901717	3180
203	901717	3180
196	901717	3180
199	901717	3180
198	901717	3180
201	901717	3180
195	901818	3180
194	901818	3180
187	901919	3180
192	901919	3180
188	901919	3180
193	901919	3180
190	901919	3180
191	901919	3180
189	901919	3180
186	902020	3180
183	902020	3180
181	902020	3180
180	902020	3180
185	902020	3180
184	902020	3180
182	902020	3180
179	902121	3180
177	902121	3180
178	902121	3180
171	902222	3180
175	902222	3180
169	902222	3180
174	902222	3180
176	902222	3180
173	902222	3180
172	902222	3180
170	902222	3180
164	902323	3180
168	902323	3180
163	902323	3180
167	902323	3180
165	902323	3180
166	902323	3180
265	902424	3180
264	13	3186
263	12	3186
262	34	3186
261	34	3186
258	45	3186
260	411	3186
259	43	3186
257	59	3186
256	54	3186
253	68	3186
252	78	3186
251	718	3186
246	86	3186
249	816	3186
245	87	3186
239	1015	3186
237	109	3186
241	1016	3186
240	1015	3186
238	1015	3186
244	1011	3186
234	1110	3186
235	1110	3186
233	1114	3186
232	1211	3186
227	1324	3186
230	1312	3186
228	1312	3186
224	1415	3186
222	1423	3186
217	1522	3186
219	1519	3186
215	1519	3186
220	1514	3186
221	1510	3186
130	1510	3186
104	1519015	3186
208	1618	3186
209	1618	3186
211	1610	3186
205	168	3186
207	1617	3186
204	1618	3186
200	1716	3186
197	1719	3186
195	1816	3186
194	187	3186
187	1915	3186
192	1915	3186
193	1917	3186
189	1920	3186
186	2018	3186
183	2019	3186
181	2018	3186
180	2018	3186
185	2018	3186
79	2019020	3186
179	2124	3186
177	2122	3186
171	2221	3186
175	2215	3186
169	2215	3186
164	2322	3186
163	2324	3186
167	2314	3186
265	2413	3186
254	68	3192
250	816	3192
247	86	3192
248	816	3192
242	1016	3192
226	1411	3192
225	1415	3192
223	1423	3192
218	1519	3192
216	1522	3192
214	168	3192
210	1617	3192
213	1610	3192
206	168	3192
202	1716	3192
196	1719	3192
199	1719	3192
188	1915	3192
190	1917	3192
191	1915	3192
184	2018	3192
182	2019	3192
178	2122	3192
69	2119021	3192
174	2215	3192
176	2215	3192
173	2215	3192
170	2221	3192
168	2322	3192
166	2314	3192
136	119001	3198
255	68	3198
134	1019010	3198
243	1016	3198
236	1016	3198
212	1610	3198
203	1716	3198
198	1719	3198
172	2215	3198
165	2322	3198
201	1719	3204
135	901010	3204
135	1016	3210
110	1419014	3210
117	312	3216
161	919009	3216
162	1019010	3216
122	1011	3216
120	419004	3222
125	1119011	3222
136	901616	3228
141	1110	3234
136	1610	3234
112	2423	3234
161	90077	3246
162	90011	3246
162	12	3252
161	78	3252
123	1411	3252
120	901616	3252
85	1610	3264
113	1514	3270
120	1610	3270
81	1719	3270
139	1816	3276
74	2019020	3276
137	2215	3276
153	56	3282
150	819008	3282
88	1617	3294
151	187	3294
56	619006	3300
56	902222	3300
256	411	3306
258	56	3306
194	78	3306
121	1219012	3306
127	1411	3306
251	1816	3306
171	2119021	3306
56	2215	3306
246	619006	3312
207	1719	3312
247	65	3318
157	718	3318
253	87	3318
200	1619016	3318
210	1719017	3318
170	2124	3318
163	2413	3318
84	68	3324
254	816	3324
202	1610	3324
197	1915	3324
177	2219022	3324
255	819008	3330
142	919009	3330
131	1019010	3330
138	1211	3330
203	1610	3330
193	1716	3330
196	1915	3330
178	2215	3330
270	90099	3330
268	901010	3330
269	901010	3330
267	901010	3330
266	901111	3330
155	34	3336
115	312	3336
270	910	3336
158	1019010	3336
268	1011	3336
269	109	3336
267	1015	3336
160	1119011	3336
266	1110	3336
114	1114	3336
190	1716	3336
199	1919019	3336
171	901919	3336
128	1119011	3342
171	1917	3342
246	90022	3342
246	26	3348
156	1019010	3348
198	1920	3348
201	1915	3348
49	2018	3348
146	2419024	3348
200	901616	3348
210	901414	3348
210	1423	3354
200	1610	3354
177	902020	3354
177	2018	3360
255	901010	3360
245	719007	3366
252	819008	3366
237	95	3366
255	1016	3366
230	1211	3366
175	1510	3366
187	1522	3366
192	1514	3366
195	1610	3366
208	1820	3366
209	1819018	3366
204	187	3366
219	1917	3366
217	2221	3366
112	2314	3366
158	902222	3366
160	901111	3366
199	901212	3366
160	114	3372
228	1211	3372
169	1514	3372
174	1519015	3372
188	1522	3372
191	1519015	3372
215	1917	3372
216	2219022	3372
158	2220	3372
199	1211	3378
176	1510	3378
173	1519	3378
218	1917	3378
156	901313	3378
146	90077	3378
146	718	3384
156	1312	3384
172	1519	3384
159	1519015	3396
179	2423	3396
245	901313	3396
252	901818	3396
209	902020	3396
245	1324	3402
252	1816	3402
81	1919019	3402
209	2018	3402
174	901313	3402
191	902323	3402
216	90066	3402
216	65	3408
174	1312	3408
191	2314	3408
151	719007	3414
88	1719017	3414
259	31	3426
264	312	3426
262	411	3426
261	45	3426
186	187	3426
181	187	3426
180	187	3426
159	90088	3426
129	619006	3432
118	1319013	3432
185	1816	3432
184	1816	3432
159	86	3438
265	1312	3438
233	1423	3438
157	1820	3438
189	2019020	3438
164	2215	3438
147	68	3444
161	86	3444
183	1917	3444
168	2215	3444
193	1610	3450
182	1919019	3450
165	2215	3450
211	1011	3456
117	1213	3456
137	1510	3456
190	1619016	3456
241	1618	3456
139	1610	3456
227	2421	3456
213	1019010	3462
167	1411	3462
166	1419014	3462
99	1522	3462
207	1915	3462
129	90033	3462
129	34	3468
84	816	3468
212	1011	3468
242	1617	3468
243	1619016	3468
222	2324	3468
189	90022	3468
189	21	3474
226	1110	3474
236	1618	3474
223	2324	3474
135	1619016	3480
135	901010	3480
182	90033	3480
182	312	3486
204	719007	3486
194	86	3486
257	910	3486
234	1016	3486
135	1015	3486
244	1114	3486
56	1519	3486
251	1617	3486
171	1716	3486
190	90077	3486
190	78	3492
235	1016	3492
217	2119021	3492
213	902424	3492
166	90066	3492
166	65	3498
253	718	3498
219	1719017	3498
213	2423	3498
243	90044	3498
243	45	3504
136	1019010	3504
197	1522	3504
215	1716	3504
146	1816	3504
220	1411	3510
178	1519015	3510
196	1522	3510
218	1716	3510
269	919009	3516
270	1019010	3516
122	1112	3516
124	1119011	3516
224	1519	3516
204	90033	3516
204	312	3522
205	86	3522
214	819008	3522
225	1519	3522
249	1617	3522
250	1610	3522
179	2314	3522
217	902121	3522
206	86	3528
201	1519015	3528
248	1617	3528
217	2124	3528
219	902121	3528
141	1019010	3534
85	1011	3534
123	1119011	3534
219	2122	3534
120	1011	3540
170	2419024	3540
178	90022	3540
178	21	3546
263	26	3546
261	56	3546
186	78	3546
180	719007	3546
221	1019010	3546
130	1019010	3546
239	1522	3546
187	2221	3546
269	90088	3546
270	90077	3546
153	68	3552
181	78	3552
270	718	3552
269	816	3552
240	1522	3552
238	1522	3552
188	2223	3552
214	90066	3552
214	65	3558
173	1917	3558
201	90011	3558
201	12	3564
247	519005	3564
156	123	3564
172	1917	3564
258	619006	3570
163	1312	3570
170	90055	3570
155	45	3576
170	54	3576
159	619006	3576
115	1213	3576
180	901515	3576
221	90077	3576
161	619006	3582
221	718	3582
147	819008	3582
127	1119011	3582
260	1114	3582
180	1522	3582
252	1617	3582
183	1719017	3582
111	1114	3588
174	123	3588
49	187	3588
202	1011	3594
247	902222	3594
203	1019010	3600
177	187	3600
198	2019020	3600
247	2220	3600
258	90055	3600
258	56	3606
242	1719017	3606
208	2019020	3606
162	26	3612
113	1419014	3612
171	168	3612
184	1619016	3612
222	2419024	3612
183	902222	3612
265	1219012	3618
164	1519	3618
185	1610	3618
253	1820	3618
183	2221	3618
223	2421	3618
243	56	3624
200	1019010	3624
112	1419014	3624
168	1510	3624
210	2319023	3624
195	109	3630
114	1419014	3630
165	1519	3630
215	168	3630
251	1719017	3630
203	902424	3630
198	90011	3630
198	13	3636
266	1019010	3636
268	1119011	3636
117	1319013	3636
218	1618	3636
241	1820	3636
203	2421	3636
242	90077	3636
208	901717	3636
194	62	3642
242	718	3642
207	1522	3642
208	1716	3642
209	187	3642
99	2223	3642
213	2319023	3642
184	90022	3642
222	902424	3642
184	26	3648
216	54	3648
222	2421	3648
265	901515	3648
232	1110	3654
265	1519	3654
255	1617	3654
236	187	3654
245	2421	3654
205	65	3660
249	1719	3660
259	119001	3666
237	519005	3666
206	62	3666
257	1019010	3666
264	1219012	3666
248	1719017	3666
56	1917	3666
266	901313	3666
268	90088	3666
190	86	3672
266	1324	3672
254	1619016	3672
270	1816	3672
187	2124	3672
219	2219022	3672
268	816	3678
191	1411	3678
157	2019020	3678
146	1610	3684
158	2018	3684
197	2221	3684
173	1716	3690
196	2221	3690
170	419004	3696
155	56	3696
153	87	3696
267	1519015	3696
172	1719017	3696
224	1917	3696
227	2122	3696
233	2319023	3696
259	902323	3696
237	901111	3696
257	90011	3696
264	901313	3696
257	12	3702
237	1110	3702
264	1312	3702
221	1820	3702
225	1917	3702
259	2322	3702
254	902020	3702
129	45	3708
246	68	3708
49	719007	3708
252	1719017	3708
254	2019	3708
49	90077	3708
157	901111	3708
49	78	3714
157	114	3714
192	1411	3714
177	78	3720
193	1019010	3720
169	1411	3720
186	819008	3726
175	1019010	3726
139	1019010	3726
256	1114	3726
182	1213	3726
239	2219022	3726
172	90066	3726
233	902020	3726
172	65	3732
181	86	3732
233	2018	3732
240	2221	3732
238	2223	3732
166	54	3738
176	109	3738
217	2423	3738
183	2124	3744
163	123	3750
193	901414	3750
211	1112	3756
167	1119011	3756
115	1319013	3756
193	1411	3756
186	901818	3756
175	901717	3756
239	901616	3756
209	78	3762
204	1213	3762
208	1610	3762
234	1617	3762
239	1618	3762
175	1716	3762
186	1816	3762
242	1816	3762
180	2221	3762
212	1119011	3768
235	1619016	3768
216	411	3774
236	719007	3774
226	1019010	3774
250	1019010	3780
255	1719017	3780
167	90088	3786
138	1110	3792
244	1419014	3792
188	2319023	3792
160	45	3798
167	86	3798
230	1110	3798
228	1110	3798
249	1915	3798
164	1919019	3798
212	90033	3798
235	90033	3798
212	312	3804
235	312	3804
156	34	3804
214	54	3804
220	1119011	3804
199	1110	3804
179	1419014	3804
197	2119021	3804
236	902121	3804
226	901010	3804
195	919009	3810
226	1015	3810
56	1719017	3810
165	1917	3810
236	2120	3810
250	901515	3810
56	901717	3810
137	1019010	3816
250	1519	3816
56	1716	3816
218	1819018	3816
223	2119021	3816
196	2124	3816
190	65	3822
84	1617	3822
207	2219022	3822
244	90033	3822
188	901818	3822
244	34	3828
174	31	3828
129	59	3828
188	1816	3828
164	902424	3828
189	13	3834
261	68	3834
173	1619016	3834
224	1719017	3834
265	1917	3834
227	2219022	3834
164	2413	3834
220	901818	3834
179	902323	3834
197	901010	3834
197	109	3840
85	1112	3840
220	1820	3840
195	902323	3840
246	87	3846
120	1112	3846
135	1519015	3846
225	1716	3846
179	2324	3846
195	2322	3846
135	901515	3846
218	90055	3846
223	901212	3846
218	54	3852
223	1213	3852
135	1510	3852
240	2119021	3852
207	90066	3852
166	419004	3858
207	68	3858
270	1617	3858
253	2019020	3858
203	2122	3858
185	1011	3864
262	1114	3864
222	2122	3864
217	2319023	3864
173	90088	3864
224	901111	3864
173	86	3870
224	1114	3870
245	2122	3870
198	312	3876
181	62	3876
258	68	3876
153	719007	3876
241	2019020	3876
264	1211	3882
260	1423	3882
234	1719017	3882
99	2319023	3882
240	90044	3882
240	45	3888
111	1419014	3888
180	2124	3888
253	90033	3888
253	34	3894
243	68	3894
49	86	3894
202	1119011	3894
175	168	3894
263	619006	3900
177	86	3900
269	1617	3900
247	2018	3900
187	2419024	3900
178	119001	3906
205	54	3906
182	1324	3906
241	901818	3906
241	1816	3912
234	901616	3912
160	56	3918
176	919009	3918
234	1618	3918
201	26	3924
214	411	3924
158	187	3924
202	901616	3924
263	902222	3930
276	90099	3930
272	901010	3930
274	901010	3930
273	901010	3930
271	901111	3930
187	902020	3930
167	65	3936
276	910	3936
272	109	3936
274	1011	3936
273	1015	3936
271	1110	3936
202	1610	3936
187	2018	3936
263	2215	3936
146	109	3942
204	1324	3942
186	1617	3942
84	1719017	3942
239	1820	3942
221	2022	3942
259	2215	3942
162	619006	3948
209	86	3948
191	1119011	3948
122	1219012	3948
56	1619016	3948
242	1617	3948
266	2421	3948
176	901111	3948
56	902222	3948
171	86	3954
232	1019010	3954
176	114	3954
165	1719017	3954
56	2221	3954
194	21	3960
215	86	3960
218	411	3972
172	54	3972
265	1716	3972
233	187	3972
206	219002	3978
155	68	3978
249	1519015	3978
225	1619016	3978
270	1719	3978
238	2319023	3978
183	2419024	3978
261	816	3984
168	1019010	3984
179	2413	3984
232	902222	3984
165	90066	3984
163	319003	3990
165	65	3990
207	816	3990
254	1917	3990
232	2221	3990
192	1119011	3996
250	1917	3996
203	2215	3996
184	68	4002
169	114	4002
222	2219022	4002
240	56	4008
173	65	4008
237	1016	4008
256	1419014	4008
188	1617	4008
245	2215	4008
206	901313	4008
249	901010	4008
225	902121	4008
238	901212	4008
249	1016	4014
238	1213	4014
206	1312	4014
168	90033	4014
168	34	4020
258	816	4020
197	919009	4020
208	109	4020
193	1110	4020
225	2122	4020
196	2419024	4020
163	90055	4020
197	901010	4020
205	419004	4026
163	54	4026
49	65	4026
246	718	4026
197	1011	4026
192	902222	4026
177	62	4032
223	1324	4032
192	2215	4032
243	816	4038
268	1617	4038
269	1719	4038
256	902121	4038
156	45	4044
158	78	4044
212	1213	4044
235	1213	4044
256	2122	4044
196	901313	4050
196	1312	4056
205	90066	4056
257	26	4062
190	54	4062
205	65	4062
174	12	4068
244	45	4068
186	1719	4068
189	312	4074
242	1719	4074
220	2022	4080
24	90011	4080
23	90022	4080
22	90022	4080
21	90033	4080
19	90044	4080
18	90044	4080
20	90044	4080
16	90055	4080
17	90055	4080
14	90077	4080
15	90077	4080
12	90077	4080
13	90077	4080
11	90088	4080
5	90088	4080
8	90088	4080
10	90088	4080
9	90088	4080
7	90088	4080
6	90088	4080
2	90099	4080
4	90099	4080
3	90099	4080
342	901010	4080
348	901010	4080
341	901010	4080
349	901010	4080
346	901010	4080
340	901010	4080
350	901010	4080
345	901010	4080
343	901010	4080
344	901010	4080
1	901010	4080
347	901010	4080
338	901111	4080
339	901111	4080
333	901212	4080
332	901212	4080
336	901212	4080
334	901212	4080
331	901212	4080
337	901212	4080
335	901212	4080
329	901313	4080
328	901313	4080
330	901313	4080
324	901414	4080
323	901414	4080
325	901414	4080
322	901414	4080
326	901414	4080
319	901515	4080
316	901515	4080
314	901515	4080
320	901515	4080
318	901515	4080
315	901515	4080
321	901515	4080
317	901515	4080
313	901616	4080
308	901616	4080
309	901616	4080
312	901616	4080
310	901616	4080
307	901616	4080
311	901616	4080
298	901717	4080
299	901717	4080
302	901717	4080
300	901717	4080
303	901717	4080
305	901717	4080
301	901717	4080
304	901717	4080
297	901818	4080
296	901818	4080
293	901919	4080
295	901919	4080
289	902020	4080
288	902020	4080
291	902020	4080
290	902020	4080
285	902121	4080
286	902121	4080
287	902121	4080
281	902222	4080
284	902222	4080
282	902222	4080
283	902222	4080
280	902323	4080
277	902323	4080
279	902323	4080
26	902424	4080
25	902424	4080
24	12	4086
23	26	4086
21	34	4086
19	419004	4086
18	45	4086
20	45	4086
16	54	4086
17	59	4086
14	719007	4086
15	78	4086
12	718	4086
13	718	4086
11	819008	4086
5	819008	4086
8	816	4086
7	87	4086
2	919009	4086
4	910	4086
3	910	4086
342	109	4086
348	1016	4086
341	109	4086
350	1011	4086
345	1015	4086
343	1015	4086
344	1015	4086
1	1019010	4086
338	1114	4086
333	123	4086
332	123	4086
336	1211	4086
334	1213	4086
331	123	4086
337	1213	4086
329	1312	4086
328	1324	4086
330	1312	4086
164	1312	4086
324	1415	4086
325	1423	4086
326	1411	4086
319	1514	4086
316	1519	4086
314	1522	4086
320	1510	4086
315	1519	4086
321	1510	4086
313	168	4086
308	1618	4086
309	1617	4086
307	1618	4086
298	1716	4086
300	1719	4086
297	1816	4086
296	187	4086
293	1915	4086
289	2022	4086
288	2018	4086
291	2018	4086
290	2018	4086
286	2122	4086
56	2124	4086
284	2215	4086
282	2215	4086
280	2322	4086
279	2314	4086
26	2421	4086
19	90044	4086
14	90077	4086
11	90088	4086
5	90088	4086
2	90099	4086
1	901010	4086
22	26	4092
172	419004	4092
19	411	4092
209	65	4092
233	719007	4092
14	718	4092
10	816	4092
9	86	4092
2	95	4092
138	1019010	4092
349	1016	4092
339	1114	4092
335	1211	4092
323	1415	4092
318	1514	4092
317	1519	4092
265	1619016	4092
241	1617	4092
312	1610	4092
299	1716	4092
303	1719	4092
295	1917	4092
285	2120	4092
287	2122	4092
281	2220	4092
283	2215	4092
277	2322	4092
25	2421	4092
233	902020	4092
171	65	4098
6	86	4098
11	89	4098
5	86	4098
230	1019010	4098
228	1016	4098
322	1415	4098
310	1610	4098
302	1716	4098
305	1716	4098
301	1719	4098
234	1820	4098
233	2018	4098
215	62	4104
199	1019010	4104
346	1016	4104
340	1016	4104
311	1610	4104
304	1716	4104
195	2215	4104
347	1016	4110
180	2419024	4110
272	95	4116
276	1019010	4116
1	1016	4116
198	1211	4116
263	1519	4116
232	2119021	4116
155	87	4122
146	919009	4122
259	1519	4122
254	1719017	4122
270	1915	4122
129	910	4128
250	1719017	4128
230	901818	4128
253	45	4134
230	1820	4134
247	1819018	4140
157	45	4146
163	411	4146
184	87	4146
188	1719	4146
246	1819018	4146
260	2319023	4146
276	901616	4146
262	1419014	4152
276	1617	4152
224	1423	4158
156	56	4164
185	1119011	4164
268	1719	4164
266	2122	4164
225	2219022	4164
226	1522	4170
203	1519015	4176
187	1816	4176
182	2419024	4176
260	90066	4176
190	43	4182
167	54	4182
260	68	4182
269	1915	4182
239	2019020	4182
262	901111	4182
244	56	4188
262	1110	4188
245	1519	4188
236	2019020	4188
256	2215	4188
206	1211	4194
211	1213	4194
238	1324	4194
186	1919019	4194
185	90099	4194
181	219002	4200
185	910	4200
208	919009	4200
242	1919019	4200
16	411	4206
18	56	4206
20	59	4206
160	619006	4206
296	78	4206
202	1019010	4206
12	1820	4206
13	1816	4206
204	2421	4206
202	901616	4206
135	1019010	4212
216	1114	4212
192	1510	4212
298	1618	4212
202	1610	4212
309	1719017	4212
14	1816	4212
175	86	4218
299	168	4218
241	1719	4218
286	2219022	4218
158	86	4224
302	1619016	4224
300	1915	4224
287	2215	4224
165	54	4230
212	1324	4230
305	1610	4230
303	1915	4230
181	901717	4230
32	90099	4230
31	901010	4230
28	901010	4230
29	901010	4230
30	901010	4230
27	901111	4230
32	910	4236
271	1019010	4236
31	1019010	4236
28	1019010	4236
29	1015	4236
30	1011	4236
274	1119011	4236
27	1119011	4236
196	1211	4236
235	1324	4236
304	1610	4236
181	1719	4236
295	1716	4236
301	1920	4236
31	901010	4236
28	901010	4236
27	901111	4236
31	109	4242
28	109	4242
27	1110	4242
309	901919	4242
173	54	4248
9	65	4248
179	1312	4248
309	1917	4248
286	901010	4248
253	56	4254
286	1011	4254
302	90088	4254
168	419004	4260
6	62	4260
5	619006	4260
201	68	4260
302	86	4260
49	54	4266
157	56	4266
7	718	4266
15	819008	4266
342	95	4266
341	95	4266
4	1016	4266
329	1219012	4266
330	123	4266
164	123	4266
334	1324	4266
337	1319013	4266
284	1510	4266
293	1519015	4266
297	1610	4266
308	1819018	4266
307	1820	4266
316	1919019	4266
315	1920	4266
314	2219022	4266
271	90077	4266
274	902020	4266
271	718	4272
3	1016	4272
282	1519	4272
283	1519015	4272
276	1719	4272
317	1917	4272
274	2019	4272
85	1219012	4278
85	901212	4278
85	1211	4284
120	1219012	4284
195	1510	4284
188	1915	4284
240	68	4290
268	1915	4290
5	90055	4290
5	54	4296
273	1519015	4296
237	1618	4296
263	1917	4296
221	2219022	4296
15	901919	4296
329	902121	4296
337	901616	4296
293	902121	4296
308	901818	4296
316	901010	4296
314	90077	4296
167	419004	4302
205	54	4302
155	719007	4302
314	718	4302
316	109	4302
270	1519015	4302
261	1619016	4302
249	1617	4302
337	168	4302
308	1816	4302
15	1915	4302
259	1917	4302
329	2120	4302
293	2124	4302
266	2215	4302
223	2421	4302
283	90066	4302
129	1019010	4308
207	1610	4308
26	2120	4308
283	65	4314
264	1110	4314
189	1213	4314
25	2122	4314
194	119001	4320
193	109	4320
333	31	4326
332	34	4326
331	34	4326
21	45	4326
184	718	4326
260	816	4326
288	187	4326
291	187	4326
290	1816	4326
56	2413	4326
197	1112	4332
233	187	4338
234	2019020	4338
280	2215	4338
209	519005	4344
277	2219022	4344
165	419004	4350
171	54	4350
226	2219022	4350
194	90033	4350
177	21	4356
194	34	4356
214	1114	4356
258	1617	4356
187	1619016	4356
176	43	4362
175	62	4362
312	109	4362
269	1519015	4362
348	1617	4362
241	1919019	4362
325	2324	4362
328	2421	4362
173	419004	4368
158	619006	4368
310	1011	4368
326	1119011	4368
256	1519	4368
295	1610	4368
349	1619016	4368
245	1919019	4368
311	1019010	4374
211	1319013	4374
228	1619016	4374
230	2021	4374
277	901111	4374
277	1114	4380
338	1423	4380
279	1411	4380
243	1617	4380
346	1618	4380
181	1915	4380
49	419004	4386
257	68	4386
296	86	4386
17	910	4386
185	1016	4386
350	1114	4386
339	1419014	4386
340	168	4386
13	1617	4386
7	1820	4386
2	56	4392
347	1617	4392
14	1619016	4392
298	187	4392
271	1816	4392
218	1114	4398
1	168	4398
309	1716	4398
326	90022	4398
349	902222	4398
326	26	4404
201	816	4404
313	819008	4404
287	1519015	4404
300	1522	4404
349	2220	4404
211	901515	4404
228	901616	4404
215	219002	4410
169	419004	4410
302	65	4410
211	1522	4410
303	1519015	4410
228	1617	4410
224	2322	4410
5	43	4416
272	519005	4416
32	1019010	4416
317	1719017	4416
281	2018	4416
204	2122	4416
339	90044	4416
190	312	4422
205	43	4422
339	45	4422
31	919009	4422
28	95	4422
319	1411	4422
324	1519015	4422
314	1816	4422
276	1915	4422
14	90055	4422
174	219002	4428
14	59	4428
179	123	4428
318	1419014	4428
323	1519	4428
249	1719017	4428
322	1522	4434
8	1619016	4434
220	2219022	4434
313	901717	4434
287	90088	4434
23	65	4440
240	87	4440
287	86	4440
313	1716	4440
289	2219022	4440
25	2215	4440
215	902323	4440
303	902424	4440
24	26	4446
21	59	4446
156	619006	4446
22	68	4446
288	719007	4446
291	78	4446
320	1019010	4446
321	109	4446
345	1522	4446
10	1610	4446
263	1716	4446
184	1820	4446
12	2019020	4446
215	2322	4446
272	901717	4446
32	901414	4446
317	90011	4446
317	13	4452
32	1423	4452
343	1522	4452
344	1522	4452
272	1719	4452
259	1716	4452
303	2423	4452
31	90077	4452
324	901515	4452
244	68	4458
233	78	4458
31	718	4458
324	1519	4458
282	1917	4458
318	90055	4458
318	59	4464
188	1519015	4464
8	90066	4464
171	419004	4470
8	68	4470
202	1011	4470
268	1519015	4470
289	901515	4470
18	68	4476
289	1514	4476
237	1820	4476
285	2018	4476
238	2421	4476
288	902323	4476
320	901313	4476
12	901111	4476
316	919009	4482
12	1110	4482
320	1312	4482
266	1519015	4482
15	1522	4482
308	1610	4482
258	1719017	4482
288	2324	4482
316	901010	4482
9	54	4488
305	109	4488
316	1015	4488
216	1423	4488
348	1719017	4488
262	1016	4494
304	1019010	4494
189	1319013	4494
193	919009	4500
243	1719	4500
325	2413	4500
330	34	4506
164	34	4506
20	910	4506
19	1119011	4506
290	1619016	4506
13	1719017	4506
307	2019020	4506
298	719007	4512
347	1719	4512
212	2423	4512
235	2421	4512
297	109	4518
280	1510	4518
301	2019020	4518
348	901111	4518
348	114	4524
336	1114	4530
223	2122	4530
293	2413	4530
296	62	4536
253	68	4536
257	816	4536
299	86	4536
30	1119011	4536
335	1110	4536
228	1719	4536
315	2019020	4536
19	90088	4536
290	90022	4536
13	901818	4536
307	90022	4536
290	21	4542
307	26	4542
339	519005	4542
19	86	4542
312	919009	4542
27	1019010	4542
309	1610	4542
4	1619016	4542
13	1816	4542
298	901616	4542
157	619006	4548
3	1617	4548
298	1610	4548
274	1915	4548
256	1917	4548
334	2421	4548
301	901313	4548
286	1112	4554
163	1114	4554
301	1312	4554
204	2215	4554
283	54	4560
181	1522	4560
346	1820	4560
333	119001	4566
6	21	4566
332	419004	4566
331	45	4566
342	54	4566
17	1019010	4566
198	1119011	4566
30	90077	4566
315	90044	4566
315	45	4572
341	54	4572
30	718	4572
192	1019010	4572
313	1610	4572
271	1617	4572
312	90088	4572
27	90055	4572
4	90044	4572
4	43	4578
27	59	4578
312	816	4578
263	1619016	4578
31	1820	4578
328	2122	4578
303	2314	4578
56	1312	4584
259	1619016	4584
300	2219022	4584
272	1915	4590
194	45	4596
22	816	4596
207	1019010	4596
29	1519015	4596
282	1719017	4596
211	2223	4596
333	901111	4596
332	90055	4596
176	31	4602
244	816	4602
333	1110	4602
276	1514	4602
314	1610	4602
9	411	4608
332	56	4608
287	65	4608
323	1917	4608
264	1016	4614
322	2219022	4614
288	2413	4614
300	902222	4614
240	718	4620
337	86	4620
25	1510	4620
300	2215	4620
8	87	4626
291	819008	4626
321	919009	4626
284	1019010	4626
214	1423	4626
7	2019020	4626
345	2221	4626
29	902020	4626
282	90077	4626
282	718	4632
18	816	4632
29	2022	4632
343	2221	4632
344	2219022	4632
233	86	4638
295	1019010	4638
16	1114	4638
185	1618	4638
243	1919019	4638
324	1917	4638
212	2319023	4638
195	1019010	4644
347	1919019	4644
322	901313	4644
206	1110	4650
322	1312	4650
277	1419014	4650
224	2219022	4650
338	2324	4650
5	31	4656
196	1110	4656
350	1419014	4656
281	187	4656
291	901010	4656
321	90022	4656
284	901717	4656
7	90088	4656
321	26	4662
205	312	4662
302	54	4662
7	87	4662
291	1011	4662
320	1211	4662
190	1219012	4662
218	1423	4662
284	1719	4662
15	2221	4662
344	90033	4662
344	34	4668
179	31	4668
2	619006	4668
305	919009	4668
310	1112	4668
228	1915	4668
223	2219022	4668
295	90033	4668
295	34	4674
279	1119011	4674
3	1719017	4674
347	902424	4674
283	43	4680
23	59	4680
253	816	4680
347	2413	4680
175	21	4686
342	43	4686
331	519005	4686
20	1019010	4686
85	1110	4686
238	2120	4686
215	2215	4686
350	901212	4686
317	34	4692
341	419004	4692
315	59	4692
299	62	4692
350	123	4692
30	1820	4692
329	2018	4692
184	2022	4692
19	65	4698
297	919009	4698
271	1719	4698
256	1719017	4698
26	2018	4698
2	90077	4698
305	902424	4698
2	78	4704
260	1619016	4704
305	2421	4704
279	901010	4704
3	901212	4704
279	1011	4710
3	123	4710
328	2215	4710
177	119001	4716
194	56	4716
10	1019010	4716
285	187	4716
237	2019020	4716
331	901616	4716
20	90077	4716
28	519005	4722
20	718	4722
319	1119011	4722
13	1617	4722
331	168	4722
349	2018	4722
340	86	4728
14	910	4728
274	1519015	4728
235	2120	4728
32	2322	4728
297	90099	4728
1	819008	4734
297	910	4734
308	1019010	4734
301	1211	4734
204	1519015	4734
240	1820	4740
181	2221	4740
330	45	4746
164	45	4746
21	910	4746
323	1719017	4746
345	2119021	4746
10	902121	4746
326	68	4752
282	1820	4752
28	901414	4752
319	901919	4752
28	1423	4758
201	1619016	4758
319	1917	4758
10	2124	4758
35	901010	4758
33	901010	4758
34	901010	4758
11	919009	4764
318	919009	4764
35	109	4764
33	1015	4764
34	1011	4764
56	123	4764
324	1716	4764
230	2119021	4764
343	2124	4764
1	902020	4764
202	1119011	4770
272	1519015	4770
1	2018	4770
202	901111	4770
337	619006	4776
281	78	4776
202	1114	4776
197	1219012	4776
262	1619016	4776
334	2120	4776
197	901212	4776
323	901010	4776
345	90066	4776
