14411	9006	-9002	3	3	330.0	5.0	2	{90066,62,219002}
14413	9010	-9015	3	3	390.0	6.0	2	{901010,1015,1519015}
16648	9011	-9015	4	4	690.0	11.0	2	{901111,1110,1015,1519015}
14417	9012	-9010	4	4	690.0	11.0	2	{901212,1211,1110,1019010}
14419	9004	-9007	6	6	690.0	11.0	2	{90044,45,56,68,87,719007}
16653	9004	-9015	6	6	990.0	16.0	2	{90044,45,59,910,1015,1519015}
14423	9012	-9008	7	7	990.0	16.0	2	{901212,123,34,45,56,68,819008}
16657	9012	-9017	8	8	1590.0	26.0	2	{901212,123,34,45,59,910,1017,1719017}
14427	9016	-9017	3	3	150.0	2.0	2	{901616,1617,1719017}
14429	9016	-9020	4	4	450.0	7.0	2	{901616,1618,1820,2019020}
14431	9017	-9008	4	4	450.0	7.0	2	{901717,1716,168,819008}
14433	9017	-9012	6	6	1050.0	17.0	2	{901717,1716,1610,1011,1112,1219012}
14435	9017	-9016	3	3	150.0	2.0	2	{901717,1716,1619016}
14437	9019	-9011	5	5	750.0	12.0	2	{901919,1915,1514,1411,1119011}
14439	9020	-9014	5	5	750.0	12.0	2	{902020,2019,1915,1514,1419014}
14441	9022	-9019	4	4	390.0	6.0	2	{902222,2215,1519,1919019}
14443	9001	-9004	4	4	510.0	8.0	2	{90011,13,34,419004}
16672	9004	-9017	6	6	1110.0	18.0	2	{90044,45,59,910,1017,1719017}
16674	9020	-9008	5	5	750.0	12.0	2	{902020,2018,1816,168,819008}
18782	9021	-9022	5	5	570.0	9.0	2	{902121,2124,2423,2322,2219022}
14451	9022	-9009	5	5	750.0	12.0	2	{902222,2215,1510,109,919009}
14453	9023	-9018	5	5	810.0	13.0	2	{902323,2322,2220,2018,1819018}
14455	9008	-9006	3	3	150.0	2.0	2	{90088,86,619006}
14457	9008	-9020	5	5	570.0	9.0	2	{90088,87,718,1820,2019020}
14459	9014	-9009	5	5	750.0	12.0	2	{901414,1411,1110,109,919009}
18790	9014	-9023	5	5	750.0	12.0	2	{901414,1415,1522,2223,2319023}
16684	9018	-9001	7	7	1290.0	21.0	2	{901818,1816,168,86,62,21,119001}
14447	9020	-9008	5	5	570.0	9.0	2	{902020,2018,187,78,819008}
18794	9002	-9011	6	6	1230.0	20.0	2	{90022,21,13,34,411,1119011}
14468	9010	-9020	5	5	690.0	11.0	2	{901010,1016,1618,1820,2019020}
18798	9010	-9024	6	6	930.0	15.0	2	{901010,1015,1522,2223,2324,2419024}
16692	9012	-9019	9	9	1710.0	28.0	2	{901212,123,34,45,59,910,1017,1719,1919019}
14474	9017	-9019	3	3	150.0	2.0	2	{901717,1719,1919019}
16695	9019	-9016	5	5	690.0	11.0	2	{901919,1920,2018,1816,1619016}
14478	9022	-9023	3	3	270.0	4.0	2	{902222,2223,2319023}
14481	9005	-9010	4	4	510.0	8.0	2	{90055,59,910,1019010}
14483	9006	-9024	8	8	1230.0	20.0	2	{90066,68,87,718,1820,2021,2124,2419024}
14485	9010	-9004	5	5	630.0	10.0	2	{901010,109,95,54,419004}
14487	9010	-9009	3	3	210.0	3.0	2	{901010,109,919009}
14490	9020	-9016	4	4	450.0	7.0	2	{902020,2018,1816,1619016}
14492	9022	-9015	3	3	210.0	3.0	2	{902222,2215,1519015}
14494	9023	-9014	3	3	270.0	4.0	2	{902323,2314,1419014}
14496	9023	-9020	4	4	570.0	9.0	2	{902323,2322,2220,2019020}
16708	9024	-9010	6	6	930.0	15.0	2	{902424,2423,2322,2215,1510,1019010}
20799	9024	-9010	6	6	930.0	15.0	2	{902424,2423,2314,1411,1110,1019010}
14501	9007	-9016	4	4	330.0	5.0	2	{90077,718,1816,1619016}
14503	9009	-9010	3	3	210.0	3.0	2	{90099,910,1019010}
14505	9010	-9022	4	4	570.0	9.0	2	{901010,1015,1522,2219022}
14507	9014	-9022	4	4	510.0	8.0	2	{901414,1415,1522,2219022}
14509	9008	-9017	4	4	450.0	7.0	2	{90088,816,1617,1719017}
14511	9009	-9004	4	4	450.0	7.0	2	{90099,95,54,419004}
18825	9021	-9015	5	5	810.0	13.0	2	{902121,2120,2019,1915,1519015}
18827	9022	-9004	8	8	1290.0	21.0	2	{902222,2223,2324,2413,1312,123,34,419004}
14517	9022	-9010	4	4	570.0	9.0	2	{902222,2215,1510,1019010}
16723	9002	-9009	7	7	1290.0	21.0	2	{90022,21,13,34,45,59,919009}
14521	9006	-9004	4	4	390.0	6.0	2	{90066,65,54,419004}
14524	9008	-9010	4	4	570.0	9.0	2	{90088,816,1610,1019010}
14526	9009	-9015	4	4	570.0	9.0	2	{90099,910,1015,1519015}
14528	9012	-9011	3	3	390.0	6.0	2	{901212,1211,1119011}
17957	9019	-9010	4	4	570.0	9.0	2	{901919,1915,1510,1019010}
14532	9023	-9012	5	5	570.0	9.0	2	{902323,2324,2413,1312,1219012}
18840	9001	-9007	8	8	1170.0	19.0	2	{90011,13,34,45,56,68,87,719007}
16736	9001	-9018	9	9	1830.0	30.0	2	{90011,13,34,45,59,98,87,718,1819018}
14538	9003	-9010	6	6	870.0	14.0	2	{90033,34,45,59,910,1019010}
16739	9012	-9018	9	9	1830.0	30.0	2	{901212,123,34,45,59,98,87,718,1819018}
24573	9014	-9008	6	6	1110.0	18.0	2	{901414,1411,1110,1016,168,819008}
20826	9016	-9023	7	7	1110.0	18.0	2	{901616,1618,1820,2021,2124,2423,2319023}
14546	9020	-9007	4	4	390.0	6.0	2	{902020,2018,187,719007}
14548	9020	-9015	4	4	450.0	7.0	2	{902020,2019,1915,1519015}
16748	9020	-9023	5	5	690.0	11.0	2	{902020,2021,2124,2423,2319023}
18855	9004	-9023	7	7	1050.0	17.0	2	{90044,43,312,1213,1324,2423,2319023}
14554	9006	-9021	7	7	1050.0	17.0	2	{90066,68,87,718,1820,2021,2119021}
18859	9009	-9023	6	6	990.0	16.0	2	{90099,910,1015,1522,2223,2319023}
16755	9012	-9007	8	8	1710.0	28.0	2	{901212,123,34,45,59,98,87,719007}
18863	9013	-9010	7	7	1290.0	21.0	2	{901313,1324,2423,2314,1415,1510,1019010}
20837	9014	-9007	7	7	1110.0	18.0	2	{901414,1411,1110,1016,1618,187,719007}
14564	9014	-9012	4	4	630.0	10.0	2	{901414,1411,1112,1219012}
16762	9017	-9010	3	3	510.0	8.0	2	{901717,1710,1019010}
20841	9017	-9020	5	5	570.0	9.0	2	{901717,1716,1618,1820,2019020}
16765	9020	-9017	5	5	570.0	9.0	2	{902020,2018,1816,1617,1719017}
14572	9022	-9007	5	5	690.0	11.0	2	{902222,2220,2018,187,719007}
22327	9001	-9014	6	6	1110.0	18.0	2	{90011,13,312,1211,1114,1419014}
14578	9011	-9010	3	3	330.0	5.0	2	{901111,1110,1019010}
17818	9019	-9017	5	5	1050.0	17.0	2	{901919,1915,1510,1017,1719017}
14580	9019	-9017	3	3	150.0	2.0	2	{901919,1917,1719017}
14583	9010	-9011	3	3	330.0	5.0	2	{901010,1011,1119011}
14585	9016	-9018	3	3	210.0	3.0	2	{901616,1618,1819018}
14588	9006	-9008	3	3	150.0	2.0	2	{90066,68,819008}
14590	9010	-9021	5	5	690.0	11.0	2	{901010,1015,1522,2221,2119021}
14592	9014	-9010	4	4	570.0	9.0	2	{901414,1411,1110,1019010}
14594	9015	-9010	3	3	390.0	6.0	2	{901515,1510,1019010}
14596	9015	-9022	3	3	210.0	3.0	2	{901515,1522,2219022}
18889	9016	-9022	5	5	810.0	13.0	2	{901616,1610,1015,1522,2219022}
20860	9017	-9024	7	7	1110.0	18.0	2	{901717,1716,1618,1820,2021,2124,2419024}
16789	9005	-9021	8	8	1290.0	21.0	2	{90055,56,68,87,718,1820,2021,2119021}
14605	9009	-9016	4	4	450.0	7.0	2	{90099,910,1016,1619016}
16793	9012	-9015	8	8	1470.0	24.0	2	{901212,123,34,45,59,910,1015,1519015}
14609	9016	-9007	4	4	330.0	5.0	2	{901616,1618,187,719007}
20628	9020	-9011	6	6	990.0	16.0	2	{902020,2018,1816,1610,1011,1119011}
14614	9021	-9011	6	6	810.0	13.0	2	{902121,2124,2423,2314,1411,1119011}
14617	9022	-9021	3	3	150.0	2.0	2	{902222,2221,2119021}
14620	9012	-9013	3	3	210.0	3.0	2	{901212,1213,1319013}
14568	9017	-9020	4	4	390.0	6.0	2	{901717,1719,1920,2019020}
16805	9019	-9015	5	5	750.0	12.0	2	{901919,1920,2022,2215,1519015}
14625	9019	-9020	3	3	270.0	4.0	2	{901919,1920,2019020}
14627	9004	-9001	4	4	510.0	8.0	2	{90044,43,31,119001}
14629	9004	-9010	5	5	630.0	10.0	2	{90044,45,59,910,1019010}
14631	9004	-9013	5	5	690.0	11.0	2	{90044,43,312,1213,1319013}
14633	9010	-9017	4	4	390.0	6.0	2	{901010,1016,1617,1719017}
18488	9015	-9003	7	7	1230.0	20.0	2	{901515,1510,109,95,54,43,319003}
18916	9015	-9017	5	5	750.0	12.0	2	{901515,1510,1016,1617,1719017}
14639	9016	-9008	3	3	330.0	5.0	2	{901616,168,819008}
14641	9016	-9010	3	3	270.0	4.0	2	{901616,1610,1019010}
14643	9002	-9006	3	3	330.0	5.0	2	{90022,26,619006}
14646	9017	-9015	4	4	330.0	5.0	2	{901717,1719,1915,1519015}
14648	9019	-9022	4	4	390.0	6.0	2	{901919,1915,1522,2219022}
16746	9020	-9015	4	4	510.0	8.0	2	{902020,2022,2215,1519015}
16826	9022	-9012	6	6	810.0	13.0	2	{902222,2223,2324,2413,1312,1219012}
18927	9001	-9017	11	11	2010.0	33.0	2	{90011,13,312,1213,1324,2421,2120,2018,1816,1617,1719017}
14657	9006	-9014	6	6	990.0	16.0	2	{90066,65,54,411,1114,1419014}
17961	9009	-9013	7	7	1110.0	18.0	2	{90099,95,54,43,312,1213,1319013}
21897	9009	-9017	5	5	1050.0	17.0	2	{90099,98,816,1617,1719017}
14664	9010	-9005	4	4	510.0	8.0	2	{901010,109,95,519005}
16839	9015	-9018	5	5	750.0	12.0	2	{901515,1522,2220,2018,1819018}
16773	9019	-9017	7	7	1590.0	26.0	2	{901919,1920,2022,2215,1510,1017,1719017}
16843	9022	-9013	5	5	630.0	10.0	2	{902222,2223,2324,2413,1319013}
16845	9024	-9022	4	4	390.0	6.0	2	{902424,2423,2322,2219022}
14674	9009	-9008	3	3	630.0	10.0	2	{90099,98,819008}
14678	9012	-9001	4	4	510.0	8.0	2	{901212,123,31,119001}
18945	9013	-9011	6	6	870.0	14.0	2	{901313,1324,2423,2314,1411,1119011}
14682	9010	-9013	5	5	870.0	14.0	2	{901010,1011,1112,1213,1319013}
14684	9010	-9016	3	3	270.0	4.0	2	{901010,1016,1619016}
18350	9015	-9006	6	6	1290.0	21.0	2	{901515,1510,109,98,86,619006}
14688	9022	-9020	3	3	330.0	5.0	2	{902222,2220,2019020}
14690	9003	-9016	7	7	1050.0	17.0	2	{90033,34,45,56,68,816,1619016}
14692	9007	-9010	5	5	570.0	9.0	2	{90077,718,1816,1610,1019010}
18763	9012	-9010	8	8	1470.0	24.0	2	{901212,1213,1324,2423,2314,1415,1510,1019010}
14695	9014	-9020	5	5	750.0	12.0	2	{901414,1415,1519,1920,2019020}
14697	9015	-9021	4	4	330.0	5.0	2	{901515,1522,2221,2119021}
18959	9007	-9022	7	7	1110.0	18.0	2	{90077,718,1816,1610,1015,1522,2219022}
16836	9009	-9017	4	4	690.0	11.0	2	{90099,910,1017,1719017}
14702	9011	-9014	3	3	270.0	4.0	2	{901111,1114,1419014}
16869	9023	-9010	5	5	810.0	13.0	2	{902323,2322,2215,1510,1019010}
14708	9024	-9023	3	3	150.0	2.0	2	{902424,2423,2319023}
22818	9011	-9024	7	7	1230.0	20.0	2	{901111,1110,1015,1522,2223,2324,2419024}
20931	9013	-9017	7	7	1170.0	19.0	2	{901313,1324,2421,2120,2019,1917,1719017}
16662	9017	-9012	5	5	1170.0	19.0	2	{901717,1710,1011,1112,1219012}
16875	9017	-9014	5	5	1170.0	19.0	2	{901717,1710,1015,1514,1419014}
16821	9017	-9015	4	4	870.0	14.0	2	{901717,1710,1015,1519015}
14717	9018	-9009	5	5	630.0	10.0	2	{901818,1816,1610,109,919009}
20937	9019	-9008	6	6	810.0	13.0	2	{901919,1920,2018,187,78,819008}
28321	9002	-9015	8	8	1770.0	29.0	2	{90022,21,13,34,411,1114,1415,1519015}
14723	9011	-9001	5	5	870.0	14.0	2	{901111,114,43,31,119001}
14726	9016	-9012	5	5	930.0	15.0	2	{901616,1610,1011,1112,1219012}
14728	9017	-9007	5	5	450.0	7.0	2	{901717,1716,1618,187,719007}
18981	9017	-9022	5	5	1050.0	17.0	2	{901717,1710,1015,1522,2219022}
14732	9006	-9020	6	6	690.0	11.0	2	{90066,68,87,718,1820,2019020}
18967	9011	-9024	5	5	810.0	13.0	2	{901111,1112,1213,1324,2419024}
14735	9013	-9012	3	3	210.0	3.0	2	{901313,1312,1219012}
16892	9014	-9001	6	6	1110.0	18.0	2	{901414,1411,114,43,31,119001}
14739	9015	-9023	4	4	450.0	7.0	2	{901515,1522,2223,2319023}
14566	9017	-9010	4	4	390.0	6.0	2	{901717,1716,1610,1019010}
16898	9023	-9016	6	6	1050.0	17.0	2	{902323,2322,2215,1510,1016,1619016}
14745	9008	-9016	3	3	330.0	5.0	2	{90088,816,1619016}
14747	9011	-9016	4	4	570.0	9.0	2	{901111,1110,1016,1619016}
14749	9015	-9014	3	3	330.0	5.0	2	{901515,1514,1419014}
16903	9022	-9011	5	5	750.0	12.0	2	{902222,2215,1514,1411,1119011}
14753	9003	-9017	8	8	1170.0	19.0	2	{90033,34,45,56,68,816,1617,1719017}
14755	9013	-9001	5	5	690.0	11.0	2	{901313,1312,123,31,119001}
14757	9016	-9011	4	4	570.0	9.0	2	{901616,1610,1011,1119011}
14760	9009	-9001	6	6	930.0	15.0	2	{90099,95,54,43,31,119001}
14706	9023	-9010	5	5	810.0	13.0	2	{902323,2314,1411,1110,1019010}
14764	9020	-9019	3	3	270.0	4.0	2	{902020,2019,1919019}
19005	9008	-9022	6	6	1110.0	18.0	2	{90088,816,1610,1015,1522,2219022}
14770	9011	-9007	6	6	870.0	14.0	2	{901111,1110,1016,1618,187,719007}
19009	9015	-9013	6	6	810.0	13.0	2	{901515,1522,2223,2324,2413,1319013}
16920	9017	-9009	4	4	690.0	11.0	2	{901717,1710,109,919009}
14779	9024	-9021	3	3	210.0	3.0	2	{902424,2421,2119021}
14781	9001	-9012	4	4	510.0	8.0	2	{90011,13,312,1219012}
14783	9007	-9011	6	6	870.0	14.0	2	{90077,718,1816,1610,1011,1119011}
14786	9014	-9011	3	3	270.0	4.0	2	{901414,1411,1119011}
18198	9015	-9008	5	5	1170.0	19.0	2	{901515,1510,109,98,819008}
14790	9016	-9009	4	4	450.0	7.0	2	{901616,1610,109,919009}
16934	9022	-9008	6	6	1350.0	22.0	2	{902222,2215,1510,109,98,819008}
18006	9011	-9008	5	5	1110.0	18.0	2	{901111,1110,109,98,819008}
22874	9011	-9023	6	6	1110.0	18.0	2	{901111,1110,1015,1522,2223,2319023}
14800	9013	-9004	5	5	690.0	11.0	2	{901313,1312,123,34,419004}
14802	9015	-9020	4	4	450.0	7.0	2	{901515,1519,1920,2019020}
14804	9016	-9013	6	6	1110.0	18.0	2	{901616,1610,1011,1112,1213,1319013}
16945	9021	-9019	4	4	630.0	10.0	2	{902121,2120,2019,1919019}
16948	9011	-9002	6	6	1230.0	20.0	2	{901111,114,43,31,12,219002}
14812	9011	-9003	4	4	630.0	10.0	2	{901111,114,43,319003}
14637	9015	-9017	4	4	330.0	5.0	2	{901515,1519,1917,1719017}
18849	9016	-9023	6	6	1050.0	17.0	2	{901616,1610,1015,1522,2223,2319023}
14818	9018	-9012	6	6	1110.0	18.0	2	{901818,1816,1610,1011,1112,1219012}
16958	9009	-9007	4	4	810.0	13.0	2	{90099,98,87,719007}
14680	9013	-9011	4	4	570.0	9.0	2	{901313,1312,1211,1119011}
14824	9020	-9024	4	4	570.0	9.0	2	{902020,2021,2124,2419024}
14826	9002	-9001	3	3	390.0	6.0	2	{90022,21,119001}
14828	9010	-9002	6	6	990.0	16.0	2	{901010,1016,168,86,62,219002}
22897	9017	-9004	5	5	1170.0	19.0	2	{901717,1710,1011,114,419004}
14834	9012	-9014	4	4	630.0	10.0	2	{901212,1211,1114,1419014}
14836	9015	-9011	4	4	570.0	9.0	2	{901515,1514,1411,1119011}
14730	9017	-9022	5	5	510.0	8.0	2	{901717,1719,1915,1522,2219022}
14838	9013	-9020	5	5	810.0	13.0	2	{901313,1324,2421,2120,2019020}
14841	9014	-9024	4	4	390.0	6.0	2	{901414,1423,2324,2419024}
14843	9016	-9015	5	5	450.0	7.0	2	{901616,1617,1719,1915,1519015}
16978	9023	-9017	6	6	1290.0	21.0	2	{902323,2322,2215,1510,1017,1719017}
14848	9002	-9016	5	5	750.0	12.0	2	{90022,26,68,816,1619016}
14850	9007	-9009	6	6	750.0	12.0	2	{90077,718,1816,1610,109,919009}
17859	9022	-9019	4	4	570.0	9.0	2	{902222,2220,2019,1919019}
20351	9001	-9016	8	8	1290.0	21.0	2	{90011,13,34,45,56,68,816,1619016}
14855	9001	-9024	6	6	930.0	15.0	2	{90011,13,312,1213,1324,2419024}
14857	9009	-9011	4	4	510.0	8.0	2	{90099,910,1011,1119011}
14860	9010	-9023	5	5	810.0	13.0	2	{901010,1015,1522,2223,2319023}
14862	9013	-9014	5	5	630.0	10.0	2	{901313,1324,2423,2314,1419014}
14864	9016	-9001	6	6	1110.0	18.0	2	{901616,168,86,62,21,119001}
14867	9004	-9008	5	5	510.0	8.0	2	{90044,45,56,68,819008}
14869	9012	-9005	5	5	630.0	10.0	2	{901212,123,34,45,519005}
16851	9013	-9011	9	9	1590.0	26.0	2	{901313,1312,123,34,45,59,910,1011,1119011}
14461	9014	-9023	3	3	270.0	4.0	2	{901414,1423,2319023}
24768	9022	-9006	7	7	1230.0	20.0	2	{902222,2215,1510,1016,168,86,619006}
26596	9001	-9022	11	11	1830.0	30.0	2	{90011,13,34,45,56,68,87,718,1820,2022,2219022}
21038	9007	-9019	5	5	630.0	10.0	2	{90077,718,1820,2019,1919019}
14879	9020	-9010	5	5	690.0	11.0	2	{902020,2018,1816,1610,1019010}
14881	9023	-9011	4	4	510.0	8.0	2	{902323,2314,1411,1119011}
14883	9010	-9006	5	5	690.0	11.0	2	{901010,1016,168,86,619006}
16811	9010	-9017	3	3	510.0	8.0	2	{901010,1017,1719017}
17008	9012	-9022	6	6	810.0	13.0	2	{901212,1213,1324,2423,2322,2219022}
17010	9017	-9013	6	6	1350.0	22.0	2	{901717,1710,1011,1112,1213,1319013}
19078	9022	-9006	7	7	1290.0	21.0	2	{902222,2215,1510,109,95,56,619006}
14889	9004	-9016	6	6	810.0	13.0	2	{90044,45,56,68,816,1619016}
14891	9012	-9023	5	5	570.0	9.0	2	{901212,1213,1324,2423,2319023}
14893	9016	-9002	5	5	750.0	12.0	2	{901616,168,86,62,219002}
14895	9022	-9017	5	5	510.0	8.0	2	{902222,2215,1519,1917,1719017}
14897	9006	-9016	4	4	450.0	7.0	2	{90066,68,816,1619016}
14540	9012	-9018	6	6	1110.0	18.0	2	{901212,1211,1110,1016,1618,1819018}
14901	9016	-9006	4	4	450.0	7.0	2	{901616,168,86,619006}
19098	9017	-9023	6	6	1290.0	21.0	2	{901717,1710,1015,1522,2223,2319023}
16734	9001	-9007	8	8	1710.0	28.0	2	{90011,13,34,45,59,98,87,719007}
14906	9004	-9011	3	3	390.0	6.0	2	{90044,411,1119011}
14909	9013	-9008	8	8	1170.0	19.0	2	{901313,1312,123,34,45,56,68,819008}
14911	9014	-9019	4	4	510.0	8.0	2	{901414,1415,1519,1919019}
16815	9015	-9017	4	4	870.0	14.0	2	{901515,1510,1017,1719017}
17032	9016	-9014	5	5	930.0	15.0	2	{901616,1610,1015,1514,1419014}
14916	9007	-9020	4	4	390.0	6.0	2	{90077,718,1820,2019020}
19109	9009	-9019	5	5	750.0	12.0	2	{90099,910,1015,1519,1919019}
21066	9016	-9019	5	5	690.0	11.0	2	{901616,1618,1820,2019,1919019}
14922	9017	-9001	7	7	1230.0	20.0	2	{901717,1716,168,86,62,21,119001}
17040	9019	-9021	4	4	630.0	10.0	2	{901919,1920,2021,2119021}
14449	9021	-9022	3	3	150.0	2.0	2	{902121,2122,2219022}
21072	9012	-9016	8	8	1290.0	21.0	2	{901212,123,34,45,56,68,816,1619016}
14930	9014	-9015	3	3	330.0	5.0	2	{901414,1415,1519015}
14933	9001	-9013	5	5	690.0	11.0	2	{90011,13,312,1213,1319013}
17050	9014	-9016	5	5	810.0	13.0	2	{901414,1411,1110,1016,1619016}
21078	9014	-9017	6	6	930.0	15.0	2	{901414,1411,1110,1016,1617,1719017}
14940	9005	-9014	5	5	750.0	12.0	2	{90055,54,411,1114,1419014}
17057	9008	-9023	8	8	1230.0	20.0	2	{90088,87,718,1820,2021,2124,2423,2319023}
17060	9022	-9016	5	5	810.0	13.0	2	{902222,2215,1510,1016,1619016}
14949	9011	-9012	3	3	390.0	6.0	2	{901111,1112,1219012}
14955	9004	-9009	4	4	450.0	7.0	2	{90044,45,59,919009}
14957	9007	-9008	3	3	210.0	3.0	2	{90077,78,819008}
14623	9019	-9015	3	3	210.0	3.0	2	{901919,1915,1519015}
14960	9008	-9001	5	5	810.0	13.0	2	{90088,86,62,21,119001}
14963	9010	-9007	5	5	570.0	9.0	2	{901010,1016,1618,187,719007}
19145	9010	-9019	4	4	570.0	9.0	2	{901010,1015,1519,1919019}
17046	9014	-9015	5	5	690.0	11.0	2	{901414,1423,2322,2215,1519015}
17079	9023	-9008	7	7	1590.0	26.0	2	{902323,2322,2215,1510,109,98,819008}
14970	9024	-9013	3	3	270.0	4.0	2	{902424,2413,1319013}
14972	9002	-9017	6	6	870.0	14.0	2	{90022,26,68,816,1617,1719017}
14974	9006	-9010	5	5	690.0	11.0	2	{90066,68,816,1610,1019010}
14976	9011	-9004	3	3	390.0	6.0	2	{901111,114,419004}
14979	9017	-9002	6	6	870.0	14.0	2	{901717,1716,168,86,62,219002}
14981	9020	-9022	3	3	330.0	5.0	2	{902020,2022,2219022}
14983	9021	-9007	5	5	750.0	12.0	2	{902121,2120,2018,187,719007}
17090	9007	-9023	7	7	1050.0	17.0	2	{90077,718,1820,2021,2124,2423,2319023}
17093	9015	-9002	8	8	1770.0	29.0	2	{901515,1514,1411,114,43,31,12,219002}
14990	9004	-9020	8	8	1050.0	17.0	2	{90044,45,56,68,87,718,1820,2019020}
14992	9006	-9017	5	5	570.0	9.0	2	{90066,68,816,1617,1719017}
14994	9008	-9011	5	5	870.0	14.0	2	{90088,816,1610,1011,1119011}
14996	9011	-9022	5	5	750.0	12.0	2	{901111,1114,1415,1522,2219022}
14998	9017	-9006	5	5	570.0	9.0	2	{901717,1716,168,86,619006}
15000	9002	-9012	5	5	870.0	14.0	2	{90022,21,13,312,1219012}
16975	9016	-9015	4	4	630.0	10.0	2	{901616,1610,1015,1519015}
15002	9021	-9001	7	7	1110.0	18.0	2	{902121,2124,2413,1312,123,31,119001}
15004	9021	-9023	4	4	330.0	5.0	2	{902121,2124,2423,2319023}
21121	9004	-9019	9	9	1290.0	21.0	2	{90044,45,56,68,87,718,1820,2019,1919019}
18885	9014	-9010	4	4	690.0	11.0	2	{901414,1415,1510,1019010}
14937	9014	-9017	5	5	630.0	10.0	2	{901414,1415,1519,1917,1719017}
15011	9008	-9007	3	3	210.0	3.0	2	{90088,87,719007}
18891	9017	-9024	7	7	1410.0	23.0	2	{901717,1710,1015,1522,2223,2324,2419024}
15013	9019	-9014	4	4	510.0	8.0	2	{901919,1915,1514,1419014}
15018	9015	-9009	4	4	570.0	9.0	2	{901515,1510,109,919009}
15021	9023	-9022	3	3	270.0	4.0	2	{902323,2322,2219022}
15025	9011	-9017	5	5	690.0	11.0	2	{901111,1110,1016,1617,1719017}
15027	9013	-9002	6	6	1050.0	17.0	2	{901313,1312,123,31,12,219002}
15030	9018	-9019	5	5	450.0	7.0	2	{901818,1816,1617,1719,1919019}
15032	9003	-9006	5	5	630.0	10.0	2	{90033,34,45,56,619006}
15035	9012	-9004	4	4	510.0	8.0	2	{901212,123,34,419004}
14600	9017	-9024	7	7	810.0	13.0	2	{901717,1719,1915,1522,2221,2124,2419024}
21144	9024	-9008	8	8	1710.0	28.0	2	{902424,2423,2314,1411,1110,109,98,819008}
15040	9010	-9001	7	7	1110.0	18.0	2	{901010,109,95,54,43,31,119001}
15044	9019	-9001	8	8	1350.0	22.0	2	{901919,1917,1716,168,86,62,21,119001}
15047	9020	-9013	5	5	810.0	13.0	2	{902020,2021,2124,2413,1319013}
15049	9021	-9010	5	5	690.0	11.0	2	{902121,2122,2215,1510,1019010}
19092	9022	-9017	6	6	870.0	14.0	2	{902222,2220,2018,1816,1617,1719017}
20058	9011	-9023	6	6	930.0	15.0	2	{901111,1112,1213,1324,2423,2319023}
17141	9022	-9002	9	9	1650.0	27.0	2	{902222,2223,2324,2413,1312,123,31,12,219002}
32022	9001	-9016	10	10	2010.0	33.0	2	{90011,13,34,45,59,98,87,718,1816,1619016}
17145	9012	-9009	6	6	930.0	15.0	2	{901212,123,34,45,59,919009}
15058	9015	-9012	5	5	930.0	15.0	2	{901515,1514,1411,1112,1219012}
14903	9017	-9023	6	6	750.0	12.0	2	{901717,1719,1915,1522,2223,2319023}
14556	9009	-9023	6	6	990.0	16.0	2	{90099,910,1011,1114,1423,2319023}
15063	9013	-9021	4	4	450.0	7.0	2	{901313,1324,2421,2119021}
15065	9014	-9004	4	4	630.0	10.0	2	{901414,1411,114,419004}
21164	9019	-9006	7	7	930.0	15.0	2	{901919,1920,2018,187,78,86,619006}
15069	9007	-9017	5	5	450.0	7.0	2	{90077,718,1816,1617,1719017}
21167	9019	-9012	6	6	1110.0	18.0	2	{901919,1915,1514,1411,1112,1219012}
15073	9023	-9021	4	4	330.0	5.0	2	{902323,2324,2421,2119021}
15076	9010	-9012	4	4	690.0	11.0	2	{901010,1011,1112,1219012}
15079	9002	-9007	5	5	630.0	10.0	2	{90022,26,68,87,719007}
15082	9021	-9004	7	7	1110.0	18.0	2	{902121,2124,2413,1312,123,34,419004}
15084	9004	-9003	3	3	270.0	4.0	2	{90044,43,319003}
15086	9006	-9001	4	4	690.0	11.0	2	{90066,62,21,119001}
15089	9008	-9013	8	8	1170.0	19.0	2	{90088,86,65,54,43,312,1213,1319013}
21986	9007	-9014	7	7	1110.0	18.0	2	{90077,718,1820,2019,1915,1514,1419014}
15099	9001	-9009	6	6	930.0	15.0	2	{90011,13,34,45,59,919009}
15101	9002	-9022	8	8	1290.0	21.0	2	{90022,26,68,87,718,1820,2022,2219022}
17184	9015	-9007	6	6	870.0	14.0	2	{901515,1522,2220,2018,187,719007}
14774	9017	-9009	5	5	570.0	9.0	2	{901717,1716,1610,109,919009}
22276	9001	-9015	7	7	1530.0	25.0	2	{90011,13,312,1211,1110,1015,1519015}
15111	9001	-9011	5	5	870.0	14.0	2	{90011,13,34,411,1119011}
15113	9003	-9007	7	7	930.0	15.0	2	{90033,34,45,56,68,87,719007}
15117	9023	-9004	5	5	870.0	14.0	2	{902323,2314,1411,114,419004}
15119	9003	-9013	4	4	450.0	7.0	2	{90033,312,1213,1319013}
22784	9001	-9017	7	7	1650.0	27.0	2	{90011,13,34,411,1110,1017,1719017}
17866	9013	-9016	9	9	2010.0	33.0	2	{901313,1312,123,34,45,59,98,816,1619016}
14920	9016	-9019	4	4	270.0	4.0	2	{901616,1617,1719,1919019}
15124	9008	-9004	5	5	510.0	8.0	2	{90088,86,65,54,419004}
17203	9015	-9016	4	4	630.0	10.0	2	{901515,1510,1016,1619016}
15128	9016	-9004	6	6	810.0	13.0	2	{901616,168,86,65,54,419004}
24868	9024	-9008	9	9	1950.0	32.0	2	{902424,2413,1312,123,34,45,59,98,819008}
19151	9002	-9017	8	8	1050.0	17.0	2	{90022,26,68,87,718,1816,1617,1719017}
17206	9002	-9020	11	11	2430.0	40.0	2	{90022,21,13,34,45,59,98,87,718,1820,2019020}
15132	9008	-9003	6	6	750.0	12.0	2	{90088,86,65,54,43,319003}
15134	9001	-9010	7	7	1110.0	18.0	2	{90011,13,34,45,59,910,1019010}
20820	9001	-9018	9	9	1290.0	21.0	2	{90011,13,34,45,56,68,87,718,1819018}
15136	9010	-9003	6	6	870.0	14.0	2	{901010,109,95,54,43,319003}
16650	9012	-9010	7	7	1110.0	18.0	2	{901212,123,34,45,59,910,1019010}
17052	9014	-9017	5	5	1050.0	17.0	2	{901414,1411,1110,1017,1719017}
15139	9023	-9007	6	6	930.0	15.0	2	{902323,2322,2220,2018,187,719007}
15130	9002	-9020	7	7	990.0	16.0	2	{90022,26,68,87,718,1820,2019020}
17215	9006	-9011	6	6	990.0	16.0	2	{90066,68,816,1610,1011,1119011}
17217	9007	-9004	8	8	1170.0	19.0	2	{90077,718,1816,1610,109,95,54,419004}
17220	9017	-9011	4	4	810.0	13.0	2	{901717,1710,1011,1119011}
19130	9022	-9016	5	5	750.0	12.0	2	{902222,2220,2018,1816,1619016}
15150	9013	-9023	4	4	390.0	6.0	2	{901313,1324,2423,2319023}
15155	9011	-9009	4	4	510.0	8.0	2	{901111,1110,109,919009}
15158	9020	-9021	3	3	390.0	6.0	2	{902020,2021,2119021}
21081	9005	-9014	6	6	1050.0	17.0	2	{90055,59,910,1011,1114,1419014}
15161	9008	-9005	4	4	390.0	6.0	2	{90088,86,65,519005}
17021	9017	-9023	6	6	1410.0	23.0	2	{901717,1710,1015,1514,1423,2319023}
20507	9019	-9001	9	9	1650.0	27.0	2	{901919,1915,1510,109,95,54,43,31,119001}
15167	9021	-9014	5	5	570.0	9.0	2	{902121,2124,2423,2314,1419014}
15169	9021	-9020	3	3	390.0	6.0	2	{902121,2120,2019020}
15171	9003	-9001	3	3	270.0	4.0	2	{90033,31,119001}
15173	9009	-9022	5	5	750.0	12.0	2	{90099,910,1015,1522,2219022}
15177	9004	-9012	4	4	510.0	8.0	2	{90044,43,312,1219012}
15181	9001	-9023	7	7	1050.0	17.0	2	{90011,13,312,1213,1324,2423,2319023}
17082	9002	-9017	9	9	1950.0	32.0	2	{90022,21,13,34,45,59,910,1017,1719017}
17247	9008	-9015	5	5	930.0	15.0	2	{90088,816,1610,1015,1519015}
17250	9020	-9004	8	8	1470.0	24.0	2	{902020,2021,2124,2413,1312,123,34,419004}
15190	9004	-9024	6	6	930.0	15.0	2	{90044,43,312,1213,1324,2419024}
16941	9015	-9020	4	4	510.0	8.0	2	{901515,1522,2220,2019020}
15193	9003	-9009	5	5	690.0	11.0	2	{90033,34,45,59,919009}
15195	9006	-9007	4	4	330.0	5.0	2	{90066,68,87,719007}
16780	9010	-9021	6	6	1050.0	17.0	2	{901010,1016,1618,1820,2021,2119021}
17258	9013	-9009	7	7	1110.0	18.0	2	{901313,1312,123,34,45,59,919009}
15199	9015	-9019	3	3	210.0	3.0	2	{901515,1519,1919019}
14719	9019	-9008	5	5	570.0	9.0	2	{901919,1917,1716,168,819008}
16655	9012	-9008	7	7	1530.0	25.0	2	{901212,123,34,45,59,98,819008}
14421	9004	-9015	5	5	930.0	15.0	2	{90044,411,1114,1415,1519015}
15204	9020	-9012	6	6	990.0	16.0	2	{902020,2021,2124,2413,1312,1219012}
24717	9022	-9008	6	6	1110.0	18.0	2	{902222,2215,1510,1016,168,819008}
15208	9010	-9014	4	4	570.0	9.0	2	{901010,1011,1114,1419014}
17271	9001	-9008	7	7	1530.0	25.0	2	{90011,13,34,45,59,98,819008}
15214	9008	-9012	7	7	990.0	16.0	2	{90088,86,65,54,43,312,1219012}
15216	9012	-9024	4	4	450.0	7.0	2	{901212,1213,1324,2419024}
17278	9004	-9022	7	7	1170.0	19.0	2	{90044,45,59,910,1015,1522,2219022}
17284	9006	-9015	6	6	1050.0	17.0	2	{90066,68,816,1610,1015,1519015}
19337	9013	-9019	6	6	1050.0	17.0	2	{901313,1324,2421,2120,2019,1919019}
17290	9017	-9003	7	7	1350.0	22.0	2	{901717,1710,109,95,54,43,319003}
17292	9020	-9006	6	6	870.0	14.0	2	{902020,2018,1816,168,86,619006}
18517	9023	-9004	7	7	1050.0	17.0	2	{902323,2324,2413,1312,123,34,419004}
15236	9016	-9021	7	7	750.0	12.0	2	{901616,1617,1719,1915,1522,2221,2119021}
21285	9011	-9019	5	5	870.0	14.0	2	{901111,1110,1015,1519,1919019}
18845	9012	-9018	7	7	1230.0	20.0	2	{901212,1213,1324,2421,2120,2018,1819018}
17302	9023	-9009	6	6	990.0	16.0	2	{902323,2322,2215,1510,109,919009}
17304	9007	-9006	6	6	750.0	12.0	2	{90077,718,1816,168,86,619006}
15249	9010	-9008	4	4	570.0	9.0	2	{901010,1016,168,819008}
18901	9020	-9011	6	6	1110.0	18.0	2	{902020,2019,1915,1510,1011,1119011}
15253	9009	-9014	5	5	750.0	12.0	2	{90099,910,1011,1114,1419014}
15256	9024	-9015	5	5	510.0	8.0	2	{902424,2421,2122,2215,1519015}
15259	9013	-9024	3	3	270.0	4.0	2	{901313,1324,2419024}
17802	9018	-9019	4	4	510.0	8.0	2	{901818,1820,2019,1919019}
14574	9001	-9014	6	6	1110.0	18.0	2	{90011,13,34,411,1114,1419014}
17070	9007	-9008	5	5	630.0	10.0	2	{90077,718,1816,168,819008}
17798	9011	-9022	5	5	870.0	14.0	2	{901111,1110,1015,1522,2219022}
16894	9015	-9023	4	4	570.0	9.0	2	{901515,1514,1423,2319023}
19367	9015	-9024	5	5	570.0	9.0	2	{901515,1522,2223,2324,2419024}
26550	9016	-9013	9	9	1470.0	24.0	2	{901616,168,86,65,54,43,312,1213,1319013}
18816	9024	-9010	6	6	1050.0	17.0	2	{902424,2423,2314,1415,1510,1019010}
17325	9002	-9004	5	5	870.0	14.0	2	{90022,21,13,34,419004}
17327	9008	-9014	6	6	1230.0	20.0	2	{90088,816,1610,1015,1514,1419014}
14662	9009	-9017	5	5	570.0	9.0	2	{90099,910,1016,1617,1719017}
18964	9023	-9010	5	5	930.0	15.0	2	{902323,2314,1415,1510,1019010}
18771	9016	-9020	5	5	510.0	8.0	2	{901616,1617,1719,1920,2019020}
16718	9021	-9015	5	5	870.0	14.0	2	{902121,2120,2022,2215,1519015}
15274	9011	-9021	6	6	810.0	13.0	2	{901111,1114,1423,2324,2421,2119021}
20933	9017	-9014	6	6	930.0	15.0	2	{901717,1716,1610,1011,1114,1419014}
15277	9023	-9015	4	4	450.0	7.0	2	{902323,2322,2215,1519015}
15280	9011	-9013	4	4	570.0	9.0	2	{901111,1112,1213,1319013}
19157	9020	-9022	5	5	630.0	10.0	2	{902020,2019,1915,1522,2219022}
17336	9022	-9014	4	4	510.0	8.0	2	{902222,2215,1514,1419014}
19856	9021	-9010	6	6	1170.0	19.0	2	{902121,2120,2019,1915,1510,1019010}
15288	9021	-9013	4	4	450.0	7.0	2	{902121,2124,2413,1319013}
14968	9023	-9008	7	7	1110.0	18.0	2	{902323,2322,2220,2018,187,78,819008}
15292	9008	-9019	5	5	570.0	9.0	2	{90088,816,1617,1719,1919019}
15294	9008	-9021	6	6	930.0	15.0	2	{90088,87,718,1820,2021,2119021}
17027	9013	-9008	8	8	1710.0	28.0	2	{901313,1312,123,34,45,59,98,819008}
15300	9019	-9023	5	5	630.0	10.0	2	{901919,1915,1522,2223,2319023}
17076	9010	-9019	4	4	630.0	10.0	2	{901010,1017,1719,1919019}
17354	9020	-9002	7	7	1170.0	19.0	2	{902020,2018,1816,168,86,62,219002}
15305	9021	-9012	5	5	630.0	10.0	2	{902121,2124,2413,1312,1219012}
21270	9004	-9022	10	10	1530.0	25.0	2	{90044,45,56,68,87,718,1820,2021,2122,2219022}
20903	9015	-9018	5	5	690.0	11.0	2	{901515,1519,1920,2018,1819018}
16829	9001	-9017	8	8	1590.0	26.0	2	{90011,13,34,45,59,910,1017,1719017}
14832	9017	-9004	7	7	930.0	15.0	2	{901717,1716,168,86,65,54,419004}
17361	9019	-9024	5	5	810.0	13.0	2	{901919,1920,2021,2124,2419024}
14666	9015	-9018	6	6	630.0	10.0	2	{901515,1519,1917,1716,1618,1819018}
28446	9012	-9016	8	8	1350.0	22.0	2	{901212,123,34,45,59,910,1016,1619016}
17369	9021	-9016	5	5	810.0	13.0	2	{902121,2120,2018,1816,1619016}
19412	9021	-9017	6	6	930.0	15.0	2	{902121,2120,2018,1816,1617,1719017}
17376	9001	-9006	6	6	870.0	14.0	2	{90011,13,34,45,56,619006}
15328	9007	-9001	6	6	990.0	16.0	2	{90077,78,86,62,21,119001}
15330	9009	-9002	5	5	870.0	14.0	2	{90099,95,56,62,219002}
18276	9004	-9020	8	8	1590.0	26.0	2	{90044,45,59,98,87,718,1820,2019020}
19027	9011	-9023	6	6	990.0	16.0	2	{901111,1114,1415,1522,2223,2319023}
15334	9014	-9013	5	5	630.0	10.0	2	{901414,1423,2324,2413,1319013}
17384	9023	-9019	7	7	1410.0	23.0	2	{902323,2322,2215,1510,1017,1719,1919019}
16757	9013	-9010	8	8	1290.0	21.0	2	{901313,1312,123,34,45,59,910,1019010}
15340	9023	-9003	6	6	810.0	13.0	2	{902323,2324,2413,1312,123,319003}
16918	9015	-9013	6	6	930.0	15.0	2	{901515,1514,1423,2324,2413,1319013}
17015	9022	-9017	5	5	1050.0	17.0	2	{902222,2215,1510,1017,1719017}
17391	9001	-9019	9	9	1710.0	28.0	2	{90011,13,34,45,59,910,1017,1719,1919019}
18222	9023	-9006	9	9	1710.0	28.0	2	{902323,2324,2413,1312,123,31,12,26,619006}
19437	9021	-9006	7	7	1230.0	20.0	2	{902121,2120,2018,1816,168,86,619006}
21309	9008	-9014	6	6	1110.0	18.0	2	{90088,816,1610,1011,1114,1419014}
15356	9002	-9008	4	4	450.0	7.0	2	{90022,26,68,819008}
15359	9008	-9002	4	4	450.0	7.0	2	{90088,86,62,219002}
18246	9009	-9012	6	6	930.0	15.0	2	{90099,95,54,43,312,1219012}
15365	9015	-9004	5	5	930.0	15.0	2	{901515,1514,1411,114,419004}
15367	9004	-9021	7	7	1110.0	18.0	2	{90044,43,312,1213,1324,2421,2119021}
15371	9011	-9006	5	5	750.0	12.0	2	{901111,114,45,56,619006}
14885	9012	-9022	6	6	750.0	12.0	2	{901212,1213,1324,2421,2122,2219022}
15282	9022	-9014	4	4	510.0	8.0	2	{902222,2223,2314,1419014}
15373	9009	-9021	6	6	870.0	14.0	2	{90099,910,1015,1522,2221,2119021}
17419	9022	-9024	4	4	390.0	6.0	2	{902222,2223,2324,2419024}
15378	9023	-9001	7	7	1050.0	17.0	2	{902323,2324,2413,1312,123,31,119001}
18877	9019	-9017	6	6	810.0	13.0	2	{901919,1920,2018,1816,1617,1719017}
18016	9021	-9009	9	9	1530.0	25.0	2	{902121,2124,2413,1312,123,34,45,59,919009}
19461	9006	-9022	7	7	1230.0	20.0	2	{90066,68,816,1610,1015,1522,2219022}
23185	9011	-9021	6	6	990.0	16.0	2	{901111,1110,1015,1522,2221,2119021}
17055	9005	-9014	6	6	1170.0	19.0	2	{90055,59,910,1015,1514,1419014}
17427	9011	-9020	6	6	990.0	16.0	2	{901111,1110,1016,1618,1820,2019020}
19467	9002	-9010	7	7	1530.0	25.0	2	{90022,21,13,34,411,1110,1019010}
15390	9012	-9002	5	5	870.0	14.0	2	{901212,123,31,12,219002}
17433	9012	-9020	10	10	2070.0	34.0	2	{901212,123,34,45,59,98,87,718,1820,2019020}
15395	9014	-9006	6	6	990.0	16.0	2	{901414,1411,114,45,56,619006}
21018	9023	-9017	7	7	1170.0	19.0	2	{902323,2322,2215,1510,1016,1617,1719017}
15212	9001	-9008	5	5	810.0	13.0	2	{90011,12,26,68,819008}
15401	9020	-9009	6	6	870.0	14.0	2	{902020,2018,1816,1610,109,919009}
24879	9022	-9002	9	9	1590.0	26.0	2	{902222,2221,2124,2413,1312,123,31,12,219002}
15403	9021	-9008	6	6	930.0	15.0	2	{902121,2120,2018,187,78,819008}
15405	9004	-9014	4	4	630.0	10.0	2	{90044,411,1114,1419014}
19422	9014	-9013	5	5	810.0	13.0	2	{901414,1411,1112,1213,1319013}
17035	9009	-9019	5	5	810.0	13.0	2	{90099,910,1017,1719,1919019}
15413	9008	-9024	7	7	1110.0	18.0	2	{90088,87,718,1820,2021,2124,2419024}
18262	9009	-9020	6	6	1170.0	19.0	2	{90099,98,87,718,1820,2019020}
19494	9014	-9021	5	5	630.0	10.0	2	{901414,1415,1522,2221,2119021}
17294	9016	-9021	5	5	810.0	13.0	2	{901616,1618,1820,2021,2119021}
17460	9022	-9003	7	7	1050.0	17.0	2	{902222,2223,2324,2413,1312,123,319003}
19502	9019	-9004	7	7	1170.0	19.0	2	{901919,1915,1510,109,95,54,419004}
16955	9018	-9012	7	7	1230.0	20.0	2	{901818,1820,2021,2124,2413,1312,1219012}
16990	9010	-9023	5	5	810.0	13.0	2	{901010,1011,1114,1423,2319023}
15430	9016	-9003	7	7	1050.0	17.0	2	{901616,168,86,65,54,43,319003}
16676	9021	-9022	4	4	690.0	11.0	2	{902121,2120,2022,2219022}
18893	9005	-9021	8	8	1230.0	20.0	2	{90055,54,43,312,1213,1324,2421,2119021}
15434	9024	-9012	4	4	450.0	7.0	2	{902424,2413,1312,1219012}
15437	9022	-9001	8	8	1230.0	20.0	2	{902222,2221,2124,2413,1312,123,31,119001}
15441	9013	-9006	7	7	1050.0	17.0	2	{901313,1312,123,34,45,56,619006}
17477	9013	-9015	6	6	810.0	13.0	2	{901313,1324,2423,2322,2215,1519015}
17479	9001	-9021	11	11	2430.0	40.0	2	{90011,13,34,45,59,98,87,718,1820,2021,2119021}
15363	9009	-9012	5	5	870.0	14.0	2	{90099,910,1011,1112,1219012}
21044	9017	-9013	7	7	1230.0	20.0	2	{901717,1716,1610,1011,1112,1213,1319013}
17472	9022	-9001	8	8	1290.0	21.0	2	{902222,2223,2324,2413,1312,123,31,119001}
17120	9011	-9017	4	4	810.0	13.0	2	{901111,1110,1017,1719017}
15452	9008	-9009	3	3	630.0	10.0	2	{90088,89,919009}
16980	9002	-9016	11	11	2370.0	39.0	2	{90022,21,13,34,45,59,98,87,718,1816,1619016}
14700	9007	-9022	5	5	690.0	11.0	2	{90077,718,1820,2022,2219022}
20865	9012	-9015	5	5	1050.0	17.0	2	{901212,1211,1110,1015,1519015}
17260	9015	-9019	5	5	990.0	16.0	2	{901515,1510,1017,1719,1919019}
19127	9008	-9023	7	7	1350.0	22.0	2	{90088,816,1610,1015,1522,2223,2319023}
17371	9021	-9017	7	7	1710.0	28.0	2	{902121,2120,2022,2215,1510,1017,1719017}
20550	9020	-9001	10	10	1770.0	29.0	2	{902020,2018,1816,1610,109,95,54,43,31,119001}
17429	9002	-9010	8	8	1470.0	24.0	2	{90022,21,13,34,45,59,910,1019010}
24876	9021	-9010	7	7	1110.0	18.0	2	{902121,2124,2423,2314,1411,1110,1019010}
19532	9009	-9024	7	7	1110.0	18.0	2	{90099,910,1015,1522,2223,2324,2419024}
15466	9023	-9013	4	4	390.0	6.0	2	{902323,2324,2413,1319013}
16984	9001	-9016	8	8	1830.0	30.0	2	{90011,13,34,45,59,98,816,1619016}
14853	9001	-9016	6	6	1110.0	18.0	2	{90011,12,26,68,816,1619016}
14714	9017	-9014	5	5	630.0	10.0	2	{901717,1719,1915,1514,1419014}
15470	9006	-9013	7	7	1050.0	17.0	2	{90066,65,54,43,312,1213,1319013}
14560	9013	-9010	5	5	870.0	14.0	2	{901313,1312,1211,1110,1019010}
18540	9019	-9009	5	5	750.0	12.0	2	{901919,1915,1510,109,919009}
15472	9019	-9009	6	6	690.0	11.0	2	{901919,1917,1716,1610,109,919009}
19061	9002	-9016	7	7	930.0	15.0	2	{90022,26,68,87,718,1816,1619016}
15126	9015	-9016	5	5	450.0	7.0	2	{901515,1519,1917,1716,1619016}
21804	9020	-9022	4	4	510.0	8.0	2	{902020,2021,2122,2219022}
19206	9021	-9010	6	6	1050.0	17.0	2	{902121,2120,2018,1816,1610,1019010}
14792	9022	-9008	6	6	870.0	14.0	2	{902222,2220,2018,187,78,819008}
15423	9022	-9003	7	7	990.0	16.0	2	{902222,2221,2124,2413,1312,123,319003}
17044	9012	-9016	8	8	1830.0	30.0	2	{901212,123,34,45,59,98,816,1619016}
14798	9011	-9023	4	4	510.0	8.0	2	{901111,1114,1423,2319023}
25180	9007	-9003	9	9	1350.0	22.0	2	{90077,718,1816,168,86,65,54,43,319003}
21468	9017	-9021	6	6	930.0	15.0	2	{901717,1716,1618,1820,2021,2119021}
14415	9011	-9015	4	4	570.0	9.0	2	{901111,1114,1415,1519015}
15246	9007	-9006	4	4	330.0	5.0	2	{90077,78,86,619006}
15038	9024	-9008	7	7	1110.0	18.0	2	{902424,2421,2120,2018,187,78,819008}
17313	9024	-9015	5	5	570.0	9.0	2	{902424,2423,2322,2215,1519015}
17515	9017	-9021	5	5	750.0	12.0	2	{901717,1719,1920,2021,2119021}
19939	9017	-9014	5	5	1050.0	17.0	2	{901717,1710,1011,1114,1419014}
15498	9006	-9012	6	6	870.0	14.0	2	{90066,65,54,43,312,1219012}
15415	9009	-9020	6	6	870.0	14.0	2	{90099,910,1016,1618,1820,2019020}
14945	9022	-9016	6	6	630.0	10.0	2	{902222,2215,1519,1917,1716,1619016}
21325	9008	-9019	6	6	810.0	13.0	2	{90088,87,718,1820,2019,1919019}
15232	9017	-9003	8	8	1170.0	19.0	2	{901717,1716,168,86,65,54,43,319003}
15503	9007	-9015	7	7	750.0	12.0	2	{90077,718,1816,1617,1719,1915,1519015}
14751	9022	-9011	5	5	750.0	12.0	2	{902222,2223,2314,1411,1119011}
17024	9004	-9011	6	6	930.0	15.0	2	{90044,45,59,910,1011,1119011}
14767	9008	-9022	6	6	870.0	14.0	2	{90088,87,718,1820,2022,2219022}
19103	9013	-9008	8	8	1350.0	22.0	2	{901313,1324,2421,2120,2018,187,78,819008}
17537	9013	-9022	5	5	630.0	10.0	2	{901313,1324,2423,2322,2219022}
17539	9015	-9001	7	7	1410.0	23.0	2	{901515,1514,1411,114,43,31,119001}
17410	9004	-9021	9	9	1410.0	23.0	2	{90044,45,56,68,87,718,1820,2021,2119021}
15376	9022	-9024	4	4	330.0	5.0	2	{902222,2221,2124,2419024}
21191	9015	-9007	6	6	810.0	13.0	2	{901515,1519,1920,2018,187,719007}
17171	9008	-9013	8	8	1350.0	22.0	2	{90088,87,718,1820,2021,2124,2413,1319013}
20242	9023	-9020	5	5	690.0	11.0	2	{902323,2324,2421,2120,2019020}
17378	9007	-9001	8	8	1410.0	23.0	2	{90077,718,1816,168,86,62,21,119001}
30060	9005	-9021	8	8	1530.0	25.0	2	{90055,59,910,1016,1618,1820,2021,2119021}
15516	9006	-9009	4	4	570.0	9.0	2	{90066,65,59,919009}
16813	9015	-9003	6	6	1170.0	19.0	2	{901515,1514,1411,114,43,319003}
19514	9013	-9015	6	6	930.0	15.0	2	{901313,1324,2423,2314,1415,1519015}
15522	9019	-9007	6	6	570.0	9.0	2	{901919,1917,1716,1618,187,719007}
15266	9015	-9024	5	5	510.0	8.0	2	{901515,1522,2221,2124,2419024}
15524	9003	-9008	6	6	750.0	12.0	2	{90033,34,45,56,68,819008}
25808	9006	-9023	7	7	1230.0	20.0	2	{90066,65,54,411,1114,1423,2319023}
15220	9004	-9022	6	6	1110.0	18.0	2	{90044,411,1114,1423,2322,2219022}
19055	9014	-9024	6	6	870.0	14.0	2	{901414,1415,1522,2223,2324,2419024}
17253	9004	-9024	9	9	1650.0	27.0	2	{90044,45,59,910,1015,1514,1423,2324,2419024}
19870	9023	-9018	6	6	930.0	15.0	2	{902323,2324,2421,2120,2018,1819018}
19589	9001	-9020	8	8	1470.0	24.0	2	{90011,13,312,1213,1324,2421,2120,2019020}
14710	9011	-9024	5	5	630.0	10.0	2	{901111,1114,1423,2324,2419024}
14796	9011	-9008	5	5	870.0	14.0	2	{901111,1110,1016,168,819008}
19594	9003	-9011	6	6	870.0	14.0	2	{90033,34,45,54,411,1119011}
16823	9019	-9022	4	4	570.0	9.0	2	{901919,1920,2022,2219022}
17442	9021	-9008	6	6	1110.0	18.0	2	{902121,2120,2018,1816,168,819008}
15336	9023	-9019	5	5	630.0	10.0	2	{902323,2322,2215,1519,1919019}
14498	9024	-9010	6	6	870.0	14.0	2	{902424,2421,2122,2215,1510,1019010}
22031	9007	-9015	6	6	810.0	13.0	2	{90077,718,1820,2019,1915,1519015}
19305	9020	-9004	8	8	1410.0	23.0	2	{902020,2019,1915,1510,109,95,54,419004}
19248	9001	-9015	9	9	1590.0	26.0	2	{90011,13,312,1213,1324,2423,2314,1415,1519015}
17490	9020	-9001	8	8	1470.0	24.0	2	{902020,2021,2124,2413,1312,123,31,119001}
17570	9002	-9019	12	12	2670.0	44.0	2	{90022,21,13,34,45,59,98,87,718,1820,2019,1919019}
17098	9011	-9022	5	5	750.0	12.0	2	{901111,1114,1423,2322,2219022}
15544	9013	-9003	4	4	450.0	7.0	2	{901313,1312,123,319003}
20945	9017	-9022	6	6	930.0	15.0	2	{901717,1716,1610,1015,1522,2219022}
16873	9013	-9017	9	9	1770.0	29.0	2	{901313,1312,123,34,45,59,910,1017,1719017}
14476	9019	-9016	4	4	270.0	4.0	2	{901919,1917,1716,1619016}
14602	9005	-9021	7	7	1170.0	19.0	2	{90055,59,910,1015,1522,2221,2119021}
22019	9012	-9017	5	5	1170.0	19.0	2	{901212,1211,1110,1017,1719017}
19376	9023	-9015	4	4	570.0	9.0	2	{902323,2314,1415,1519015}
14965	9010	-9019	5	5	510.0	8.0	2	{901010,1016,1617,1719,1919019}
17414	9011	-9006	6	6	990.0	16.0	2	{901111,1110,1016,168,86,619006}
14463	9018	-9001	7	7	1110.0	18.0	2	{901818,187,78,86,62,21,119001}
14670	9022	-9013	5	5	570.0	9.0	2	{902222,2221,2124,2413,1319013}
15556	9009	-9006	4	4	570.0	9.0	2	{90099,95,56,619006}
20897	9006	-9014	7	7	1230.0	20.0	2	{90066,68,816,1610,1011,1114,1419014}
16861	9014	-9020	5	5	810.0	13.0	2	{901414,1423,2322,2220,2019020}
19083	9020	-9010	5	5	810.0	13.0	2	{902020,2019,1915,1510,1019010}
16768	9001	-9014	9	9	1770.0	29.0	2	{90011,13,34,45,59,910,1015,1514,1419014}
19617	9007	-9013	8	8	1410.0	23.0	2	{90077,718,1816,1610,1011,1112,1213,1319013}
15563	9007	-9021	5	5	750.0	12.0	2	{90077,718,1820,2021,2119021}
17129	9024	-9008	8	8	1710.0	28.0	2	{902424,2423,2322,2215,1510,109,98,819008}
15566	9012	-9006	6	6	870.0	14.0	2	{901212,123,34,45,56,619006}
16966	9017	-9004	6	6	1110.0	18.0	2	{901717,1710,109,95,54,419004}
20889	9017	-9015	5	5	750.0	12.0	2	{901717,1716,1610,1015,1519015}
18115	9022	-9011	5	5	870.0	14.0	2	{902222,2215,1510,1011,1119011}
17596	9004	-9002	5	5	870.0	14.0	2	{90044,43,31,12,219002}
17455	9014	-9021	6	6	1170.0	19.0	2	{901414,1423,2322,2220,2021,2119021}
23078	9013	-9016	9	9	1470.0	24.0	2	{901313,1312,123,34,45,56,68,816,1619016}
15580	9012	-9021	5	5	630.0	10.0	2	{901212,1213,1324,2421,2119021}
14542	9014	-9008	7	7	1050.0	17.0	2	{901414,1415,1519,1917,1716,168,819008}
16785	9016	-9022	5	5	750.0	12.0	2	{901616,1618,1820,2022,2219022}
15457	9020	-9001	8	8	1350.0	22.0	2	{902020,2018,187,78,86,62,21,119001}
17605	9003	-9023	9	9	1770.0	29.0	2	{90033,34,45,59,910,1015,1514,1423,2319023}
19148	9023	-9008	7	7	1290.0	21.0	2	{902323,2322,2220,2018,1816,168,819008}
14470	9010	-9024	6	6	870.0	14.0	2	{901010,1015,1522,2221,2124,2419024}
17159	9023	-9021	4	4	390.0	6.0	2	{902323,2322,2221,2119021}
14445	9004	-9017	7	7	930.0	15.0	2	{90044,45,56,68,816,1617,1719017}
16887	9017	-9022	5	5	690.0	11.0	2	{901717,1719,1920,2022,2219022}
15526	9006	-9023	8	8	1230.0	20.0	2	{90066,68,87,718,1820,2022,2223,2319023}
26367	9006	-9024	9	9	1590.0	26.0	2	{90066,68,816,1610,1015,1522,2223,2324,2419024}
17612	9007	-9002	7	7	1050.0	17.0	2	{90077,718,1816,168,86,62,219002}
15591	9021	-9024	3	3	210.0	3.0	2	{902121,2124,2419024}
19566	9007	-9015	6	6	930.0	15.0	2	{90077,718,1816,1610,1015,1519015}
15121	9013	-9016	6	6	1110.0	18.0	2	{901313,1312,1211,1110,1016,1619016}
15595	9001	-9003	3	3	270.0	4.0	2	{90011,13,319003}
19163	9015	-9002	7	7	1410.0	23.0	2	{901515,1510,109,95,56,62,219002}
17004	9020	-9010	5	5	870.0	14.0	2	{902020,2022,2215,1510,1019010}
19324	9001	-9008	7	7	990.0	16.0	2	{90011,13,34,45,56,68,819008}
19649	9019	-9013	7	7	990.0	16.0	2	{901919,1915,1522,2223,2324,2413,1319013}
26803	9020	-9012	7	7	1350.0	22.0	2	{902020,2018,1816,1610,1011,1112,1219012}
15393	9012	-9020	6	6	990.0	16.0	2	{901212,1213,1324,2421,2120,2019020}
21009	9017	-9004	7	7	990.0	16.0	2	{901717,1716,1610,109,95,54,419004}
14654	9001	-9017	7	7	1230.0	20.0	2	{90011,12,26,68,816,1617,1719017}
20291	9023	-9019	6	6	930.0	15.0	2	{902323,2324,2421,2120,2019,1919019}
18836	9012	-9011	7	7	1050.0	17.0	2	{901212,1213,1324,2423,2314,1411,1119011}
23295	9019	-9004	6	6	1110.0	18.0	2	{901919,1915,1514,1411,114,419004}
15143	9006	-9011	5	5	750.0	12.0	2	{90066,65,54,411,1119011}
14530	9019	-9010	5	5	510.0	8.0	2	{901919,1917,1716,1610,1019010}
14544	9016	-9023	7	7	870.0	14.0	2	{901616,1617,1719,1915,1522,2223,2319023}
15052	9022	-9002	8	8	1290.0	21.0	2	{902222,2220,2018,187,78,86,62,219002}
19123	9014	-9017	6	6	1050.0	17.0	2	{901414,1415,1510,1016,1617,1719017}
23444	9003	-9022	7	7	1470.0	24.0	2	{90033,34,411,1110,1015,1522,2219022}
17635	9014	-9002	7	7	1470.0	24.0	2	{901414,1411,114,43,31,12,219002}
17640	9003	-9015	7	7	1230.0	20.0	2	{90033,34,45,59,910,1015,1519015}
14513	9021	-9015	4	4	330.0	5.0	2	{902121,2122,2215,1519015}
16714	9014	-9022	4	4	510.0	8.0	2	{901414,1423,2322,2219022}
15427	9019	-9004	8	8	1050.0	17.0	2	{901919,1917,1716,168,86,65,54,419004}
19059	9023	-9017	7	7	1110.0	18.0	2	{902323,2322,2220,2018,1816,1617,1719017}
23454	9003	-9014	5	5	870.0	14.0	2	{90033,34,411,1114,1419014}
18969	9013	-9017	8	8	1350.0	22.0	2	{901313,1324,2421,2120,2018,1816,1617,1719017}
15627	9009	-9003	5	5	690.0	11.0	2	{90099,95,54,43,319003}
16743	9016	-9023	6	6	1170.0	19.0	2	{901616,1610,1015,1514,1423,2319023}
15630	9004	-9006	4	4	390.0	6.0	2	{90044,45,56,619006}
17559	9001	-9020	10	10	2070.0	34.0	2	{90011,13,34,45,59,98,87,718,1820,2019020}
15633	9003	-9012	3	3	270.0	4.0	2	{90033,312,1219012}
15445	9001	-9021	7	7	1110.0	18.0	2	{90011,13,312,1213,1324,2421,2119021}
21593	9006	-9019	7	7	930.0	15.0	2	{90066,68,87,718,1820,2019,1919019}
18062	9009	-9016	4	4	930.0	15.0	2	{90099,98,816,1619016}
16731	9019	-9010	6	6	1110.0	18.0	2	{901919,1920,2022,2215,1510,1019010}
15639	9002	-9013	6	6	1050.0	17.0	2	{90022,21,13,312,1213,1319013}
17644	9003	-9014	8	8	1530.0	25.0	2	{90033,34,45,59,910,1015,1514,1419014}
14570	9020	-9017	4	4	390.0	6.0	2	{902020,2019,1917,1719017}
19268	9001	-9010	6	6	1170.0	19.0	2	{90011,13,34,411,1110,1019010}
25920	9001	-9019	9	9	1650.0	27.0	2	{90011,13,34,45,59,910,1015,1519,1919019}
17497	9009	-9024	7	7	1230.0	20.0	2	{90099,910,1015,1514,1423,2324,2419024}
22820	9013	-9017	6	6	1350.0	22.0	2	{901313,1312,1211,1110,1017,1719017}
23064	9002	-9022	10	10	1590.0	26.0	2	{90022,26,68,87,718,1820,2019,1915,1522,2219022}
16787	9017	-9024	6	6	930.0	15.0	2	{901717,1719,1920,2021,2124,2419024}
15649	9013	-9007	7	7	1170.0	19.0	2	{901313,1324,2421,2120,2018,187,719007}
17668	9014	-9003	5	5	870.0	14.0	2	{901414,1411,114,43,319003}
19694	9007	-9012	7	7	1230.0	20.0	2	{90077,718,1816,1610,1011,1112,1219012}
19349	9023	-9009	6	6	1110.0	18.0	2	{902323,2314,1415,1510,109,919009}
17138	9021	-9010	6	6	1230.0	20.0	2	{902121,2120,2022,2215,1510,1019010}
24558	9022	-9004	6	6	1110.0	18.0	2	{902222,2215,1514,1411,114,419004}
20042	9021	-9009	7	7	1350.0	22.0	2	{902121,2120,2019,1915,1510,109,919009}
32066	9012	-9016	10	10	2010.0	33.0	2	{901212,123,34,45,59,98,87,718,1816,1619016}
15326	9001	-9006	4	4	690.0	11.0	2	{90011,12,26,619006}
14928	9012	-9016	5	5	930.0	15.0	2	{901212,1211,1110,1016,1619016}
15382	9006	-9022	7	7	990.0	16.0	2	{90066,68,87,718,1820,2022,2219022}
14686	9015	-9006	7	7	870.0	14.0	2	{901515,1519,1917,1716,168,86,619006}
20157	9019	-9011	5	5	870.0	14.0	2	{901919,1915,1510,1011,1119011}
16690	9010	-9024	6	6	930.0	15.0	2	{901010,1011,1114,1423,2324,2419024}
20823	9012	-9018	9	9	1290.0	21.0	2	{901212,123,34,45,56,68,87,718,1819018}
15668	9003	-9004	3	3	270.0	4.0	2	{90033,34,419004}
14914	9016	-9014	6	6	750.0	12.0	2	{901616,1617,1719,1915,1514,1419014}
14846	9023	-9017	6	6	750.0	12.0	2	{902323,2322,2215,1519,1917,1719017}
16855	9015	-9006	6	6	1050.0	17.0	2	{901515,1510,1016,168,86,619006}
15350	9021	-9006	7	7	1050.0	17.0	2	{902121,2120,2018,187,78,86,619006}
15582	9003	-9023	6	6	810.0	13.0	2	{90033,312,1213,1324,2423,2319023}
15056	9012	-9009	5	5	870.0	14.0	2	{901212,1211,1110,109,919009}
18990	9023	-9016	6	6	990.0	16.0	2	{902323,2322,2220,2018,1816,1619016}
15561	9007	-9013	7	7	1170.0	19.0	2	{90077,718,1820,2021,2124,2413,1319013}
17104	9004	-9019	7	7	1230.0	20.0	2	{90044,45,59,910,1017,1719,1919019}
16797	9020	-9011	6	6	1050.0	17.0	2	{902020,2022,2215,1514,1411,1119011}
23658	9023	-9017	6	6	1290.0	21.0	2	{902323,2314,1411,1110,1017,1719017}
17029	9014	-9019	6	6	1170.0	19.0	2	{901414,1411,1110,1017,1719,1919019}
14788	9015	-9008	6	6	750.0	12.0	2	{901515,1519,1917,1716,168,819008}
21189	9002	-9022	9	9	1470.0	24.0	2	{90022,26,68,87,718,1820,2021,2122,2219022}
15675	9006	-9003	5	5	630.0	10.0	2	{90066,65,54,43,319003}
15148	9017	-9011	5	5	690.0	11.0	2	{901717,1716,1610,1011,1119011}
17273	9008	-9012	6	6	1230.0	20.0	2	{90088,816,1610,1011,1112,1219012}
16741	9014	-9008	6	6	1350.0	22.0	2	{901414,1411,1110,109,98,819008}
21184	9007	-9014	7	7	1110.0	18.0	2	{90077,718,1816,1610,1011,1114,1419014}
15685	9012	-9003	3	3	270.0	4.0	2	{901212,123,319003}
15687	9001	-9002	3	3	390.0	6.0	2	{90011,12,219002}
17244	9001	-9023	10	10	2010.0	33.0	2	{90011,13,34,45,59,910,1015,1514,1423,2319023}
17464	9019	-9004	9	9	1710.0	28.0	2	{901919,1920,2022,2215,1510,109,95,54,419004}
16971	9013	-9020	6	6	930.0	15.0	2	{901313,1324,2423,2322,2220,2019020}
16750	9004	-9023	8	8	1530.0	25.0	2	{90044,45,59,910,1015,1514,1423,2319023}
15006	9004	-9019	8	8	1050.0	17.0	2	{90044,45,56,68,816,1617,1719,1919019}
14942	9008	-9023	7	7	1110.0	18.0	2	{90088,87,718,1820,2022,2223,2319023}
16881	9002	-9015	9	9	1830.0	30.0	2	{90022,21,13,34,45,59,910,1015,1519015}
14935	9014	-9016	6	6	750.0	12.0	2	{901414,1415,1519,1917,1716,1619016}
20835	9013	-9010	7	7	1170.0	19.0	2	{901313,1324,2423,2314,1411,1110,1019010}
15614	9014	-9002	7	7	1290.0	21.0	2	{901414,1411,114,45,56,62,219002}
19974	9023	-9007	7	7	1050.0	17.0	2	{902323,2324,2421,2120,2018,187,719007}
17711	9002	-9014	10	10	2130.0	35.0	2	{90022,21,13,34,45,59,910,1015,1514,1419014}
17297	9011	-9019	5	5	930.0	15.0	2	{901111,1110,1017,1719,1919019}
21648	9002	-9014	7	7	1470.0	24.0	2	{90022,21,13,34,411,1114,1419014}
17503	9019	-9009	7	7	1290.0	21.0	2	{901919,1920,2022,2215,1510,109,919009}
15654	9007	-9012	8	8	1170.0	19.0	2	{90077,78,86,65,54,43,312,1219012}
15244	9023	-9009	6	6	990.0	16.0	2	{902323,2314,1411,1110,109,919009}
21749	9007	-9022	6	6	870.0	14.0	2	{90077,718,1820,2021,2122,2219022}
19459	9021	-9009	7	7	1230.0	20.0	2	{902121,2120,2018,1816,1610,109,919009}
22845	9003	-9017	6	6	1410.0	23.0	2	{90033,34,411,1110,1017,1719017}
17351	9019	-9023	6	6	930.0	15.0	2	{901919,1920,2021,2124,2423,2319023}
19743	9019	-9002	8	8	1590.0	26.0	2	{901919,1915,1510,109,95,56,62,219002}
17551	9019	-9007	5	5	630.0	10.0	2	{901919,1920,2018,187,719007}
21055	9017	-9023	8	8	1230.0	20.0	2	{901717,1716,1618,1820,2021,2124,2423,2319023}
14660	9009	-9013	6	6	1050.0	17.0	2	{90099,910,1011,1112,1213,1319013}
17199	9013	-9016	8	8	1350.0	22.0	2	{901313,1324,2423,2322,2220,2018,1816,1619016}
14877	9007	-9019	6	6	570.0	9.0	2	{90077,718,1816,1617,1719,1919019}
28250	9017	-9024	7	7	870.0	14.0	2	{901717,1719,1915,1522,2223,2324,2419024}
15536	9003	-9011	4	4	630.0	10.0	2	{90033,312,1211,1119011}
17151	9013	-9021	7	7	1290.0	21.0	2	{901313,1324,2423,2322,2220,2021,2119021}
16999	9022	-9006	7	7	1470.0	24.0	2	{902222,2215,1510,109,98,86,619006}
28569	9013	-9016	9	9	1530.0	25.0	2	{901313,1312,123,34,45,59,910,1016,1619016}
17322	9015	-9024	5	5	690.0	11.0	2	{901515,1514,1423,2324,2419024}
16729	9012	-9011	8	8	1410.0	23.0	2	{901212,123,34,45,59,910,1011,1119011}
17416	9009	-9021	7	7	1230.0	20.0	2	{90099,910,1016,1618,1820,2021,2119021}
17621	9019	-9013	6	6	1050.0	17.0	2	{901919,1920,2021,2124,2413,1319013}
14612	9020	-9011	6	6	990.0	16.0	2	{902020,2019,1915,1514,1411,1119011}
19546	9007	-9003	9	9	1410.0	23.0	2	{90077,718,1816,1610,109,95,54,43,319003}
14651	9022	-9012	6	6	750.0	12.0	2	{902222,2221,2124,2413,1312,1219012}
22253	9004	-9022	6	6	1230.0	20.0	2	{90044,411,1110,1015,1522,2219022}
18377	9015	-9004	6	6	990.0	16.0	2	{901515,1510,109,95,54,419004}
30143	9023	-9016	6	6	1050.0	17.0	2	{902323,2314,1411,1110,1016,1619016}
19900	9003	-9010	5	5	930.0	15.0	2	{90033,34,411,1110,1019010}
19955	9016	-9014	5	5	810.0	13.0	2	{901616,1610,1011,1114,1419014}
16879	9019	-9008	6	6	990.0	16.0	2	{901919,1920,2018,1816,168,819008}
15226	9006	-9015	7	7	870.0	14.0	2	{90066,68,816,1617,1719,1915,1519015}
23865	9004	-9016	6	6	1350.0	22.0	2	{90044,45,59,98,816,1619016}
16905	9003	-9017	7	7	1350.0	22.0	2	{90033,34,45,59,910,1017,1719017}
22668	9004	-9017	5	5	1170.0	19.0	2	{90044,411,1110,1017,1719017}
19239	9007	-9014	7	7	1230.0	20.0	2	{90077,718,1816,1610,1015,1514,1419014}
22436	9001	-9011	5	5	870.0	14.0	2	{90011,13,312,1211,1119011}
17187	9001	-9015	8	8	1470.0	24.0	2	{90011,13,34,45,59,910,1015,1519015}
14515	9022	-9004	6	6	1110.0	18.0	2	{902222,2223,2314,1411,114,419004}
18768	9012	-9017	9	9	1530.0	25.0	2	{901212,1213,1324,2421,2120,2018,1816,1617,1719017}
15321	9021	-9017	6	6	630.0	10.0	2	{902121,2122,2215,1519,1917,1719017}
20159	9020	-9004	8	8	1290.0	21.0	2	{902020,2018,1816,1610,109,95,54,419004}
18853	9020	-9023	6	6	870.0	14.0	2	{902020,2019,1915,1522,2223,2319023}
15589	9007	-9002	5	5	630.0	10.0	2	{90077,78,86,62,219002}
24925	9013	-9016	9	9	1470.0	24.0	2	{901313,1324,2421,2120,2018,187,718,1816,1619016}
15612	9003	-9022	7	7	990.0	16.0	2	{90033,312,1213,1324,2421,2122,2219022}
19373	9011	-9021	8	8	1290.0	21.0	2	{901111,1114,1415,1522,2223,2324,2421,2119021}
15319	9021	-9016	7	7	750.0	12.0	2	{902121,2122,2215,1519,1917,1716,1619016}
17665	9013	-9007	9	9	1890.0	31.0	2	{901313,1312,123,34,45,59,98,87,719007}
14772	9015	-9013	6	6	750.0	12.0	2	{901515,1522,2221,2124,2413,1319013}
23238	9023	-9006	9	9	1410.0	23.0	2	{902323,2324,2413,1312,123,34,45,56,619006}
15386	9011	-9020	6	6	990.0	16.0	2	{901111,1114,1415,1519,1920,2019020}
31570	9012	-9019	9	9	1650.0	27.0	2	{901212,123,34,45,59,910,1015,1519,1919019}
17840	9005	-9021	8	8	1830.0	30.0	2	{90055,59,98,87,718,1820,2021,2119021}
19424	9023	-9019	5	5	810.0	13.0	2	{902323,2322,2220,2019,1919019}
15418	9014	-9021	5	5	570.0	9.0	2	{901414,1423,2324,2421,2119021}
18842	9001	-9018	9	9	1710.0	28.0	2	{90011,13,312,1213,1324,2421,2120,2018,1819018}
19481	9004	-9014	8	8	1290.0	21.0	2	{90044,43,312,1213,1324,2423,2314,1419014}
19174	9004	-9019	7	7	1170.0	19.0	2	{90044,45,59,910,1015,1519,1919019}
16720	9022	-9004	7	7	1170.0	19.0	2	{902222,2215,1510,109,95,54,419004}
24258	9020	-9023	5	5	750.0	12.0	2	{902020,2021,2122,2223,2319023}
18955	9014	-9020	5	5	810.0	13.0	2	{901414,1415,1522,2220,2019020}
14672	9024	-9022	4	4	330.0	5.0	2	{902424,2421,2122,2219022}
19902	9004	-9010	4	4	690.0	11.0	2	{90044,411,1110,1019010}
15652	9014	-9003	5	5	870.0	14.0	2	{901414,1411,1112,123,319003}
20002	9003	-9011	4	4	630.0	10.0	2	{90033,34,411,1119011}
15106	9001	-9015	7	7	1410.0	23.0	2	{90011,13,34,411,1114,1415,1519015}
17914	9003	-9016	7	7	1590.0	26.0	2	{90033,34,45,59,98,816,1619016}
19358	9024	-9015	5	5	690.0	11.0	2	{902424,2423,2314,1415,1519015}
22706	9022	-9004	6	6	1230.0	20.0	2	{902222,2215,1510,1011,114,419004}
17001	9001	-9022	9	9	1650.0	27.0	2	{90011,13,34,45,59,910,1015,1522,2219022}
14810	9011	-9002	6	6	1050.0	17.0	2	{901111,114,45,56,62,219002}
19465	9011	-9020	6	6	1050.0	17.0	2	{901111,1114,1415,1522,2220,2019020}
14550	9020	-9023	4	4	570.0	9.0	2	{902020,2022,2223,2319023}
21049	9022	-9017	6	6	930.0	15.0	2	{902222,2215,1510,1016,1617,1719017}
15623	9003	-9014	5	5	870.0	14.0	2	{90033,312,1211,1114,1419014}
24534	9012	-9019	6	6	1290.0	21.0	2	{901212,1211,1110,1017,1719,1919019}
15507	9013	-9022	5	5	570.0	9.0	2	{901313,1324,2421,2122,2219022}
19491	9009	-9020	6	6	1050.0	17.0	2	{90099,910,1015,1522,2220,2019020}
19197	9024	-9008	7	7	1290.0	21.0	2	{902424,2421,2120,2018,1816,168,819008}
14536	9001	-9018	7	7	1110.0	18.0	2	{90011,12,26,68,87,718,1819018}
21517	9002	-9019	8	8	1230.0	20.0	2	{90022,26,68,87,718,1820,2019,1919019}
22923	9001	-9022	8	8	1710.0	28.0	2	{90011,13,34,411,1110,1015,1522,2219022}
18796	9010	-9020	5	5	870.0	14.0	2	{901010,1015,1522,2220,2019020}
21194	9001	-9015	7	7	1530.0	25.0	2	{90011,13,34,411,1110,1015,1519015}
14821	9009	-9007	6	6	750.0	12.0	2	{90099,910,1016,1618,187,719007}
28743	9011	-9006	6	6	1230.0	20.0	2	{901111,1110,109,98,86,619006}
15239	9011	-9019	5	5	750.0	12.0	2	{901111,1114,1415,1519,1919019}
25714	9008	-9023	7	7	1350.0	22.0	2	{90088,816,1610,1011,1114,1423,2319023}
14887	9017	-9013	8	8	1050.0	17.0	2	{901717,1719,1915,1522,2221,2124,2413,1319013}
23577	9022	-9016	6	6	1170.0	19.0	2	{902222,2215,1510,1017,1716,1619016}
25443	9017	-9023	6	6	1290.0	21.0	2	{901717,1710,1011,1114,1423,2319023}
17804	9009	-9021	7	7	1530.0	25.0	2	{90099,98,87,718,1820,2021,2119021}
17807	9014	-9001	8	8	1290.0	21.0	2	{901414,1423,2324,2413,1312,123,31,119001}
21741	9016	-9022	6	6	930.0	15.0	2	{901616,1618,1820,2021,2122,2219022}
17831	9008	-9011	5	5	1110.0	18.0	2	{90088,89,910,1011,1119011}
17833	9010	-9002	8	8	1470.0	24.0	2	{901010,109,95,54,43,31,12,219002}
29119	9010	-9021	6	6	1230.0	20.0	2	{901010,1017,1719,1920,2021,2119021}
19259	9013	-9016	7	7	1230.0	20.0	2	{901313,1324,2421,2120,2018,1816,1619016}
32766	9013	-9019	7	7	1110.0	18.0	2	{901313,1324,2423,2314,1415,1519,1919019}
23677	9010	-9001	6	6	1170.0	19.0	2	{901010,1011,114,43,31,119001}
19942	9021	-9022	6	6	990.0	16.0	2	{902121,2120,2019,1915,1522,2219022}
23717	9010	-9004	4	4	690.0	11.0	2	{901010,1011,114,419004}
19968	9021	-9011	7	7	1470.0	24.0	2	{902121,2120,2019,1915,1510,1011,1119011}
23763	9007	-9010	7	7	1170.0	19.0	2	{90077,718,1820,2019,1915,1510,1019010}
25610	9019	-9023	5	5	750.0	12.0	2	{901919,1915,1514,1423,2319023}
20010	9023	-9016	7	7	1110.0	18.0	2	{902323,2324,2421,2120,2018,1816,1619016}
21926	9009	-9023	9	9	1890.0	31.0	2	{90099,98,87,718,1820,2021,2122,2223,2319023}
23755	9022	-9008	7	7	1050.0	17.0	2	{902222,2221,2120,2018,187,78,819008}
23796	9022	-9020	4	4	510.0	8.0	2	{902222,2221,2120,2019020}
25638	9014	-9008	7	7	1470.0	24.0	2	{901414,1411,1110,1017,1716,168,819008}
29292	9008	-9024	9	9	1470.0	24.0	2	{90088,816,1617,1719,1920,2022,2223,2324,2419024}
23725	9009	-9022	9	9	1770.0	29.0	2	{90099,98,87,718,1820,2019,1915,1522,2219022}
17670	9007	-9012	8	8	1350.0	22.0	2	{90077,718,1820,2021,2124,2413,1312,1219012}
25661	9011	-9023	6	6	1230.0	20.0	2	{901111,1110,1015,1514,1423,2319023}
21735	9017	-9023	8	8	1290.0	21.0	2	{901717,1716,1618,1820,2021,2122,2223,2319023}
21980	9022	-9012	6	6	1230.0	20.0	2	{902222,2215,1510,1011,1112,1219012}
17947	9010	-9014	4	4	690.0	11.0	2	{901010,1015,1514,1419014}
23833	9010	-9003	5	5	930.0	15.0	2	{901010,1011,114,43,319003}
18059	9012	-9014	9	9	1770.0	29.0	2	{901212,123,34,45,59,910,1015,1514,1419014}
18064	9010	-9008	4	4	810.0	13.0	2	{901010,109,98,819008}
21992	9021	-9017	5	5	750.0	12.0	2	{902121,2120,2019,1917,1719017}
23877	9017	-9001	7	7	1650.0	27.0	2	{901717,1710,1011,114,43,31,119001}
25711	9011	-9024	7	7	1350.0	22.0	2	{901111,1110,1015,1514,1423,2324,2419024}
31156	9008	-9023	7	7	1590.0	26.0	2	{90088,89,910,1011,1114,1423,2319023}
19821	9010	-9020	5	5	810.0	13.0	2	{901010,1015,1519,1920,2019020}
27499	9017	-9024	7	7	1410.0	23.0	2	{901717,1710,1011,1114,1423,2324,2419024}
20133	9006	-9009	4	4	750.0	12.0	2	{90066,68,89,919009}
18117	9006	-9010	5	5	750.0	12.0	2	{90066,65,59,910,1019010}
21390	9006	-9022	8	8	1170.0	19.0	2	{90066,68,87,718,1820,2021,2122,2219022}
23793	9009	-9023	10	10	2010.0	33.0	2	{90099,98,87,718,1820,2019,1915,1522,2223,2319023}
22054	9012	-9020	10	10	1530.0	25.0	2	{901212,123,34,45,56,68,87,718,1820,2019020}
21911	9019	-9023	6	6	990.0	16.0	2	{901919,1920,2021,2122,2223,2319023}
15187	9020	-9004	8	8	1050.0	17.0	2	{902020,2018,187,78,86,65,54,419004}
20093	9004	-9016	8	8	990.0	16.0	2	{90044,45,56,68,87,718,1816,1619016}
31027	9023	-9007	7	7	1110.0	18.0	2	{902323,2322,2221,2120,2018,187,719007}
15600	9019	-9013	7	7	930.0	15.0	2	{901919,1915,1522,2221,2124,2413,1319013}
15234	9020	-9006	6	6	690.0	11.0	2	{902020,2018,187,78,86,619006}
23790	9002	-9017	8	8	2010.0	33.0	2	{90022,21,13,34,411,1110,1017,1719017}
25499	9003	-9022	7	7	1350.0	22.0	2	{90033,312,1211,1114,1415,1522,2219022}
17554	9006	-9023	9	9	1350.0	22.0	2	{90066,68,87,718,1820,2021,2124,2423,2319023}
17564	9003	-9011	7	7	1170.0	19.0	2	{90033,34,45,59,910,1011,1119011}
15303	9020	-9002	7	7	990.0	16.0	2	{902020,2018,187,78,86,62,219002}
15388	9002	-9010	6	6	990.0	16.0	2	{90022,26,68,816,1610,1019010}
25626	9009	-9024	7	7	1110.0	18.0	2	{90099,910,1011,1114,1423,2324,2419024}
24005	9014	-9007	7	7	1110.0	18.0	2	{901414,1415,1519,1920,2018,187,719007}
15145	9007	-9004	6	6	690.0	11.0	2	{90077,78,86,65,54,419004}
29113	9017	-9022	6	6	870.0	14.0	2	{901717,1719,1920,2021,2122,2219022}
29428	9011	-9020	6	6	1170.0	19.0	2	{901111,1110,1017,1719,1920,2019020}
17916	9004	-9008	5	5	1050.0	17.0	2	{90044,45,59,98,819008}
19838	9015	-9011	4	4	690.0	11.0	2	{901515,1510,1011,1119011}
16986	9001	-9024	11	11	2130.0	35.0	2	{90011,13,34,45,59,910,1015,1514,1423,2324,2419024}
18259	9016	-9003	7	7	1110.0	18.0	2	{901616,1610,109,95,54,43,319003}
20281	9004	-9015	9	9	1590.0	26.0	2	{90044,43,312,1213,1324,2423,2314,1415,1519015}
20283	9010	-9006	5	5	750.0	12.0	2	{901010,109,95,56,619006}
18271	9009	-9006	4	4	750.0	12.0	2	{90099,98,86,619006}
19165	9004	-9020	8	8	1470.0	24.0	2	{90044,43,312,1213,1324,2421,2120,2019020}
27300	9005	-9021	9	9	1350.0	22.0	2	{90055,56,68,87,718,1820,2022,2221,2119021}
17038	9017	-9001	8	8	1590.0	26.0	2	{901717,1710,109,95,54,43,31,119001}
18865	9014	-9007	7	7	1170.0	19.0	2	{901414,1415,1522,2220,2018,187,719007}
29527	9013	-9006	7	7	1350.0	22.0	2	{901313,1312,123,31,12,26,619006}
22205	9008	-9022	7	7	1050.0	17.0	2	{90088,87,718,1820,2021,2122,2219022}
21767	9017	-9022	7	7	1050.0	17.0	2	{901717,1716,1618,1820,2021,2122,2219022}
30976	9002	-9010	6	6	1050.0	17.0	2	{90022,26,65,59,910,1019010}
27723	9007	-9011	6	6	1290.0	21.0	2	{90077,78,89,910,1011,1119011}
17827	9018	-9009	7	7	1290.0	21.0	2	{901818,1820,2022,2215,1510,109,919009}
22220	9022	-9002	8	8	1590.0	26.0	2	{902222,2215,1510,109,95,56,62,219002}
22222	9007	-9023	7	7	1110.0	18.0	2	{90077,718,1820,2021,2122,2223,2319023}
18788	9014	-9009	5	5	870.0	14.0	2	{901414,1415,1510,109,919009}
22048	9016	-9023	7	7	1170.0	19.0	2	{901616,1618,1820,2021,2122,2223,2319023}
31276	9023	-9020	5	5	750.0	12.0	2	{902323,2322,2221,2120,2019020}
19431	9001	-9019	9	9	1710.0	28.0	2	{90011,13,312,1213,1324,2421,2120,2019,1919019}
17764	9008	-9010	4	4	810.0	13.0	2	{90088,89,910,1019010}
19478	9020	-9009	6	6	990.0	16.0	2	{902020,2019,1915,1510,109,919009}
18167	9002	-9011	8	8	1590.0	26.0	2	{90022,21,13,312,1213,1312,1211,1119011}
19121	9014	-9016	5	5	930.0	15.0	2	{901414,1415,1510,1016,1619016}
14519	9002	-9009	5	5	870.0	14.0	2	{90022,26,65,59,919009}
18342	9004	-9007	6	6	1230.0	20.0	2	{90044,45,59,98,87,719007}
15095	9007	-9014	8	8	1050.0	17.0	2	{90077,718,1816,1617,1719,1915,1514,1419014}
27719	9008	-9022	8	8	1350.0	22.0	2	{90088,87,718,1820,2019,1920,2022,2219022}
18949	9015	-9006	6	6	1110.0	18.0	2	{901515,1510,109,95,56,619006}
23585	9005	-9010	5	5	810.0	13.0	2	{90055,54,411,1110,1019010}
18360	9006	-9014	7	7	1410.0	23.0	2	{90066,65,59,910,1015,1514,1419014}
22046	9008	-9015	7	7	990.0	16.0	2	{90088,87,718,1820,2019,1915,1519015}
24141	9022	-9007	6	6	870.0	14.0	2	{902222,2221,2120,2018,187,719007}
20870	9021	-9011	6	6	990.0	16.0	2	{902121,2122,2215,1510,1011,1119011}
31423	9003	-9015	6	6	1170.0	19.0	2	{90033,34,411,1114,1415,1519015}
17310	9009	-9014	5	5	870.0	14.0	2	{90099,910,1015,1514,1419014}
25992	9003	-9023	6	6	1110.0	18.0	2	{90033,312,1211,1114,1423,2319023}
22303	9008	-9014	6	6	1350.0	22.0	2	{90088,89,910,1011,1114,1419014}
20407	9008	-9014	6	6	1470.0	24.0	2	{90088,89,910,1015,1514,1419014}
18405	9014	-9002	9	9	1650.0	27.0	2	{901414,1423,2324,2413,1312,123,31,12,219002}
29629	9014	-9006	8	8	1770.0	29.0	2	{901414,1411,114,43,31,12,26,619006}
14534	9001	-9007	6	6	990.0	16.0	2	{90011,12,26,68,87,719007}
18415	9016	-9004	6	6	870.0	14.0	2	{901616,1610,109,95,54,419004}
19022	9022	-9008	6	6	1050.0	17.0	2	{902222,2220,2018,1816,168,819008}
17182	9002	-9022	10	10	2010.0	33.0	2	{90022,21,13,34,45,59,910,1015,1522,2219022}
23633	9010	-9002	7	7	1530.0	25.0	2	{901010,1011,114,43,31,12,219002}
15380	9021	-9009	6	6	870.0	14.0	2	{902121,2122,2215,1510,109,919009}
29646	9006	-9024	10	10	1530.0	25.0	2	{90066,68,87,718,1820,2021,2122,2223,2324,2419024}
31470	9001	-9020	10	10	1890.0	31.0	2	{90011,13,34,45,59,910,1015,1519,1920,2019020}
18147	9022	-9006	9	9	1530.0	25.0	2	{902222,2215,1510,109,95,54,45,56,619006}
19735	9002	-9014	9	9	1650.0	27.0	2	{90022,21,13,312,1213,1324,2423,2314,1419014}
27765	9004	-9022	9	9	1350.0	22.0	2	{90044,45,56,68,87,718,1820,2022,2219022}
27438	9023	-9016	8	8	1230.0	20.0	2	{902323,2322,2220,2018,187,718,1816,1619016}
22363	9009	-9019	7	7	1410.0	23.0	2	{90099,98,87,718,1820,2019,1919019}
22078	9014	-9013	7	7	1290.0	21.0	2	{901414,1411,114,43,312,1213,1319013}
19882	9023	-9017	8	8	1230.0	20.0	2	{902323,2324,2421,2120,2018,1816,1617,1719017}
20085	9009	-9016	6	6	1110.0	18.0	2	{90099,98,87,718,1816,1619016}
18477	9007	-9009	8	8	1410.0	23.0	2	{90077,718,1820,2022,2215,1510,109,919009}
22374	9012	-9022	6	6	1230.0	20.0	2	{901212,1211,1110,1015,1522,2219022}
26069	9003	-9006	5	5	930.0	15.0	2	{90033,31,12,26,619006}
30931	9023	-9018	6	6	990.0	16.0	2	{902323,2322,2221,2120,2018,1819018}
17861	9022	-9021	4	4	690.0	11.0	2	{902222,2220,2021,2119021}
25773	9010	-9024	7	7	1230.0	20.0	2	{901010,1016,1618,1820,2021,2124,2419024}
19160	9007	-9023	8	8	1350.0	22.0	2	{90077,718,1816,1610,1015,1522,2223,2319023}
22068	9019	-9013	7	7	1410.0	23.0	2	{901919,1915,1510,1011,1112,1213,1319013}
23684	9009	-9011	5	5	810.0	13.0	2	{90099,95,54,411,1119011}
20112	9008	-9023	10	10	1530.0	25.0	2	{90088,86,65,54,43,312,1213,1324,2423,2319023}
32998	9012	-9020	10	10	1890.0	31.0	2	{901212,123,34,45,59,910,1015,1519,1920,2019020}
21858	9009	-9022	8	8	1650.0	27.0	2	{90099,98,87,718,1820,2021,2122,2219022}
26058	9012	-9022	6	6	1110.0	18.0	2	{901212,1211,1114,1423,2322,2219022}
17844	9015	-9021	5	5	870.0	14.0	2	{901515,1522,2220,2021,2119021}
19312	9013	-9009	8	8	1470.0	24.0	2	{901313,1324,2423,2314,1415,1510,109,919009}
14712	9013	-9017	8	8	1050.0	17.0	2	{901313,1324,2421,2122,2215,1519,1917,1719017}
18847	9014	-9008	6	6	1470.0	24.0	2	{901414,1415,1510,109,98,819008}
27939	9002	-9019	10	10	2010.0	33.0	2	{90022,21,13,34,45,59,910,1015,1519,1919019}
17287	9013	-9019	12	12	2490.0	41.0	2	{901313,1312,123,34,45,59,98,87,718,1820,2019,1919019}
15484	9017	-9021	6	6	630.0	10.0	2	{901717,1719,1915,1522,2221,2119021}
19826	9018	-9019	6	6	990.0	16.0	2	{901818,1816,1610,1015,1519,1919019}
20784	9012	-9019	6	6	1230.0	20.0	2	{901212,1211,1110,1015,1519,1919019}
23986	9017	-9013	8	8	1830.0	30.0	2	{901717,1710,1011,114,43,312,1213,1319013}
23628	9018	-9009	7	7	1230.0	20.0	2	{901818,1820,2019,1915,1510,109,919009}
18328	9022	-9001	9	9	1650.0	27.0	2	{902222,2215,1510,109,95,54,43,31,119001}
18120	9008	-9015	7	7	1050.0	17.0	2	{90088,87,718,1820,2022,2215,1519015}
14988	9015	-9002	8	8	1170.0	19.0	2	{901515,1519,1917,1716,168,86,62,219002}
21915	9023	-9016	9	9	1350.0	22.0	2	{902323,2324,2421,2120,2018,187,718,1816,1619016}
19801	9017	-9021	6	6	1170.0	19.0	2	{901717,1710,1015,1522,2221,2119021}
19213	9015	-9012	7	7	990.0	16.0	2	{901515,1522,2223,2324,2413,1312,1219012}
19992	9009	-9017	7	7	1230.0	20.0	2	{90099,98,87,718,1816,1617,1719017}
15707	9019	-9002	7	7	990.0	16.0	2	{901919,1917,1716,168,86,62,219002}
18334	9022	-9003	8	8	1410.0	23.0	2	{902222,2215,1510,109,95,54,43,319003}
24177	9016	-9004	5	5	930.0	15.0	2	{901616,1610,1011,114,419004}
17192	9001	-9011	8	8	1410.0	23.0	2	{90011,13,34,45,59,910,1011,1119011}
27420	9007	-9010	5	5	990.0	16.0	2	{90077,78,89,910,1019010}
22331	9019	-9022	5	5	750.0	12.0	2	{901919,1920,2021,2122,2219022}
19116	9012	-9016	8	8	1410.0	23.0	2	{901212,1213,1324,2421,2120,2018,1816,1619016}
18469	9012	-9022	9	9	1650.0	27.0	2	{901212,123,34,45,59,910,1015,1522,2219022}
24071	9007	-9011	8	8	1470.0	24.0	2	{90077,718,1820,2019,1915,1510,1011,1119011}
31549	9012	-9008	7	7	1290.0	21.0	2	{901212,123,31,12,26,68,819008}
19863	9015	-9021	6	6	750.0	12.0	2	{901515,1522,2223,2324,2421,2119021}
22117	9006	-9023	9	9	1410.0	23.0	2	{90066,68,87,718,1820,2021,2122,2223,2319023}
31381	9004	-9022	6	6	1110.0	18.0	2	{90044,411,1114,1415,1522,2219022}
15464	9009	-9024	7	7	1050.0	17.0	2	{90099,910,1015,1522,2221,2124,2419024}
23826	9018	-9012	8	8	1710.0	28.0	2	{901818,1820,2019,1915,1510,1011,1112,1219012}
15103	9015	-9007	7	7	750.0	12.0	2	{901515,1519,1917,1716,1618,187,719007}
20152	9018	-9001	9	9	1530.0	25.0	2	{901818,1816,1610,109,95,54,43,31,119001}
25587	9022	-9008	7	7	1470.0	24.0	2	{902222,2215,1510,1017,1716,168,819008}
18399	9008	-9014	8	8	1350.0	22.0	2	{90088,87,718,1820,2022,2215,1514,1419014}
31634	9003	-9007	7	7	1230.0	20.0	2	{90033,31,12,26,68,87,719007}
20939	9002	-9015	8	8	1890.0	31.0	2	{90022,21,13,34,411,1110,1015,1519015}
18466	9013	-9021	12	12	2610.0	43.0	2	{901313,1312,123,34,45,59,98,87,718,1820,2021,2119021}
31434	9012	-9007	8	8	1470.0	24.0	2	{901212,123,31,12,26,68,87,719007}
33251	9002	-9022	8	8	1590.0	26.0	2	{90022,26,65,59,910,1015,1522,2219022}
17911	9001	-9013	7	7	1170.0	19.0	2	{90011,13,34,43,312,1213,1319013}
21791	9023	-9017	10	10	1470.0	24.0	2	{902323,2324,2421,2120,2018,187,718,1816,1617,1719017}
14807	9021	-9019	5	5	510.0	8.0	2	{902121,2122,2215,1519,1919019}
29530	9008	-9022	7	7	1110.0	18.0	2	{90088,816,1617,1719,1920,2022,2219022}
19805	9005	-9014	9	9	1410.0	23.0	2	{90055,54,43,312,1213,1324,2423,2314,1419014}
17968	9007	-9010	7	7	1230.0	20.0	2	{90077,718,1820,2022,2215,1510,1019010}
22334	9023	-9008	8	8	1230.0	20.0	2	{902323,2324,2421,2120,2018,187,78,819008}
20024	9009	-9024	8	8	1350.0	22.0	2	{90099,95,54,43,312,1213,1324,2419024}
22760	9021	-9011	6	6	990.0	16.0	2	{902121,2124,2413,1312,1211,1119011}
22309	9014	-9006	7	7	1290.0	21.0	2	{901414,1411,1110,109,95,56,619006}
25520	9015	-9013	6	6	1110.0	18.0	2	{901515,1514,1411,1112,1213,1319013}
18201	9024	-9008	10	10	1650.0	27.0	2	{902424,2423,2322,2220,2018,187,718,1816,168,819008}
18268	9010	-9006	5	5	930.0	15.0	2	{901010,109,98,86,619006}
17422	9021	-9009	7	7	1410.0	23.0	2	{902121,2120,2022,2215,1510,109,919009}
27290	9018	-9009	5	5	930.0	15.0	2	{901818,187,78,89,919009}
20294	9016	-9021	6	6	930.0	15.0	2	{901616,1610,1015,1522,2221,2119021}
29082	9010	-9020	5	5	870.0	14.0	2	{901010,1017,1719,1920,2019020}
18642	9006	-9015	6	6	1110.0	18.0	2	{90066,65,59,910,1015,1519015}
18528	9015	-9002	9	9	1830.0	30.0	2	{901515,1510,109,95,54,43,31,12,219002}
14873	9022	-9006	7	7	990.0	16.0	2	{902222,2220,2018,187,78,86,619006}
24409	9009	-9002	5	5	1050.0	17.0	2	{90099,98,86,62,219002}
18048	9017	-9024	7	7	1530.0	25.0	2	{901717,1710,1015,1514,1423,2324,2419024}
18018	9002	-9016	9	9	2190.0	36.0	2	{90022,21,13,34,45,59,98,816,1619016}
22318	9002	-9022	9	9	2070.0	34.0	2	{90022,21,13,312,1211,1110,1015,1522,2219022}
18672	9003	-9008	6	6	1290.0	21.0	2	{90033,34,45,59,98,819008}
21656	9019	-9002	8	8	1230.0	20.0	2	{901919,1920,2018,187,78,86,62,219002}
33065	9024	-9008	9	9	1530.0	25.0	2	{902424,2421,2120,2018,187,718,1816,168,819008}
29395	9019	-9013	8	8	1350.0	22.0	2	{901919,1920,2021,2122,2223,2324,2413,1319013}
21507	9001	-9020	10	10	1530.0	25.0	2	{90011,13,34,45,56,68,87,718,1820,2019020}
20038	9016	-9001	8	8	1350.0	22.0	2	{901616,1610,109,95,54,43,31,119001}
14472	9012	-9019	6	6	1110.0	18.0	2	{901212,1211,1114,1415,1519,1919019}
17330	9011	-9021	7	7	1350.0	22.0	2	{901111,1110,1016,1618,1820,2021,2119021}
15443	9013	-9015	6	6	750.0	12.0	2	{901313,1324,2421,2122,2215,1519015}
25628	9011	-9009	5	5	810.0	13.0	2	{901111,114,45,59,919009}
19244	9002	-9022	9	9	1650.0	27.0	2	{90022,21,13,312,1213,1324,2423,2322,2219022}
20199	9012	-9011	5	5	870.0	14.0	2	{901212,123,34,411,1119011}
18071	9004	-9016	8	8	1530.0	25.0	2	{90044,45,59,98,87,718,1816,1619016}
27582	9020	-9012	7	7	1110.0	18.0	2	{902020,2022,2223,2324,2413,1312,1219012}
25761	9001	-9023	7	7	1350.0	22.0	2	{90011,13,312,1211,1114,1423,2319023}
14918	9009	-9019	6	6	690.0	11.0	2	{90099,910,1016,1617,1719,1919019}
22181	9004	-9015	5	5	1050.0	17.0	2	{90044,411,1110,1015,1519015}
27953	9020	-9001	9	9	1590.0	26.0	2	{902020,2022,2223,2324,2413,1312,123,31,119001}
22344	9001	-9022	8	8	1710.0	28.0	2	{90011,13,312,1211,1110,1015,1522,2219022}
21743	9017	-9019	6	6	810.0	13.0	2	{901717,1716,1618,1820,2019,1919019}
14743	9023	-9016	7	7	870.0	14.0	2	{902323,2322,2215,1519,1917,1716,1619016}
22589	9019	-9012	6	6	1230.0	20.0	2	{901919,1915,1510,1011,1112,1219012}
23899	9009	-9015	8	8	1590.0	26.0	2	{90099,98,87,718,1820,2019,1915,1519015}
23728	9016	-9013	8	8	1590.0	26.0	2	{901616,1610,1011,114,43,312,1213,1319013}
22016	9008	-9023	8	8	1290.0	21.0	2	{90088,87,718,1820,2021,2122,2223,2319023}
14466	9002	-9011	6	6	1050.0	17.0	2	{90022,26,65,54,411,1119011}
23964	9011	-9020	6	6	1110.0	18.0	2	{901111,1110,1015,1519,1920,2019020}
19877	9013	-9011	6	6	1050.0	17.0	2	{901313,1312,123,34,411,1119011}
22552	9004	-9019	6	6	1230.0	20.0	2	{90044,411,1110,1015,1519,1919019}
20140	9006	-9010	5	5	930.0	15.0	2	{90066,68,89,910,1019010}
19894	9012	-9010	6	6	1170.0	19.0	2	{901212,123,34,411,1110,1019010}
23859	9021	-9017	7	7	1650.0	27.0	2	{902121,2120,2019,1915,1510,1017,1719017}
22093	9002	-9011	6	6	1230.0	20.0	2	{90022,21,13,312,1211,1119011}
20069	9006	-9019	7	7	1470.0	24.0	2	{90066,68,89,910,1015,1519,1919019}
19080	9001	-9022	8	8	1290.0	21.0	2	{90011,13,312,1213,1324,2423,2322,2219022}
14607	9012	-9015	5	5	930.0	15.0	2	{901212,1211,1114,1415,1519015}
14985	9007	-9023	6	6	930.0	15.0	2	{90077,718,1820,2022,2223,2319023}
15184	9008	-9015	6	6	750.0	12.0	2	{90088,816,1617,1719,1915,1519015}
18872	9001	-9014	8	8	1290.0	21.0	2	{90011,13,312,1213,1324,2423,2314,1419014}
18183	9001	-9012	6	6	990.0	16.0	2	{90011,13,34,43,312,1219012}
18443	9002	-9014	9	9	1830.0	30.0	2	{90022,21,13,312,1213,1312,1211,1114,1419014}
14552	9004	-9023	5	5	870.0	14.0	2	{90044,411,1114,1423,2319023}
18437	9007	-9019	7	7	1230.0	20.0	2	{90077,718,1820,2022,2220,2019,1919019}
18110	9010	-9023	5	5	930.0	15.0	2	{901010,1015,1514,1423,2319023}
17440	9020	-9009	6	6	1050.0	17.0	2	{902020,2022,2215,1510,109,919009}
18662	9009	-9002	7	7	1290.0	21.0	2	{90099,95,54,43,31,12,219002}
32754	9023	-9017	7	7	1050.0	17.0	2	{902323,2324,2421,2120,2019,1917,1719017}
27323	9013	-9016	10	10	1890.0	31.0	2	{901313,1312,123,34,45,59,910,1017,1716,1619016}
29639	9019	-9024	7	7	1110.0	18.0	2	{901919,1920,2021,2122,2223,2324,2419024}
27829	9019	-9024	6	6	870.0	14.0	2	{901919,1915,1514,1423,2324,2419024}
18721	9015	-9001	8	8	1470.0	24.0	2	{901515,1510,109,95,54,43,31,119001}
20436	9023	-9008	7	7	1710.0	28.0	2	{902323,2314,1415,1510,109,98,819008}
18369	9004	-9012	6	6	990.0	16.0	2	{90044,43,31,13,312,1219012}
15481	9007	-9003	7	7	930.0	15.0	2	{90077,78,86,65,54,43,319003}
24100	9014	-9016	6	6	1170.0	19.0	2	{901414,1411,1110,1017,1716,1619016}
24124	9004	-9021	7	7	1350.0	22.0	2	{90044,411,1110,1015,1522,2221,2119021}
14562	9014	-9007	8	8	1050.0	17.0	2	{901414,1415,1519,1917,1716,1618,187,719007}
18630	9020	-9011	6	6	1170.0	19.0	2	{902020,2022,2215,1510,1011,1119011}
31060	9023	-9016	9	9	1410.0	23.0	2	{902323,2322,2221,2120,2018,187,718,1816,1619016}
20639	9006	-9015	6	6	1290.0	21.0	2	{90066,68,89,910,1015,1519015}
23155	9017	-9003	6	6	1410.0	23.0	2	{901717,1710,1011,114,43,319003}
25895	9004	-9024	6	6	990.0	16.0	2	{90044,411,1114,1423,2324,2419024}
20209	9011	-9007	6	6	1290.0	21.0	2	{901111,1110,109,98,87,719007}
18165	9024	-9021	6	6	1050.0	17.0	2	{902424,2423,2322,2220,2021,2119021}
31703	9013	-9008	8	8	1470.0	24.0	2	{901313,1312,123,31,12,26,68,819008}
23919	9012	-9020	7	7	1470.0	24.0	2	{901212,1211,1110,1015,1519,1920,2019020}
20428	9017	-9002	7	7	1530.0	25.0	2	{901717,1710,109,95,56,62,219002}
14598	9016	-9022	6	6	630.0	10.0	2	{901616,1617,1719,1915,1522,2219022}
18602	9021	-9019	6	6	1230.0	20.0	2	{902121,2120,2022,2220,2019,1919019}
29559	9020	-9009	6	6	1170.0	19.0	2	{902020,2018,187,78,89,919009}
25944	9004	-9022	10	10	2070.0	34.0	2	{90044,45,59,98,87,718,1820,2021,2122,2219022}
20489	9001	-9009	7	7	1350.0	22.0	2	{90011,13,34,411,1110,109,919009}
18548	9012	-9019	11	11	2310.0	38.0	2	{901212,123,34,45,59,98,87,718,1820,2019,1919019}
15531	9001	-9020	8	8	1350.0	22.0	2	{90011,12,26,68,87,718,1820,2019020}
22382	9007	-9009	4	4	810.0	13.0	2	{90077,78,89,919009}
33093	9006	-9011	6	6	1230.0	20.0	2	{90066,68,89,910,1011,1119011}
29821	9012	-9006	6	6	1170.0	19.0	2	{901212,123,31,12,26,619006}
19853	9010	-9002	6	6	1050.0	17.0	2	{901010,109,95,56,62,219002}
14425	9012	-9017	6	6	1050.0	17.0	2	{901212,1211,1110,1016,1617,1719017}
14558	9012	-9007	8	8	1170.0	19.0	2	{901212,123,34,45,56,68,87,719007}
20144	9008	-9015	5	5	1170.0	19.0	2	{90088,89,910,1015,1519015}
24039	9016	-9003	6	6	1170.0	19.0	2	{901616,1610,1011,114,43,319003}
27836	9006	-9024	11	11	1830.0	30.0	2	{90066,68,87,718,1820,2019,1920,2022,2223,2324,2419024}
29349	9008	-9023	8	8	1350.0	22.0	2	{90088,816,1617,1719,1920,2022,2223,2319023}
31301	9012	-9018	9	9	1590.0	26.0	2	{901212,123,31,12,26,68,87,718,1819018}
17838	9004	-9013	7	7	1170.0	19.0	2	{90044,43,31,13,312,1213,1319013}
18714	9019	-9006	7	7	1290.0	21.0	2	{901919,1915,1510,109,95,56,619006}
