2314	0	305.2173913043478	900	298.125	1800	299.27272727272725	2700	298.8421052631579	3600	304.2352941176471	4500	326.16494845360825	5400	319.5	6300	326.4	7200	310.4307692307692	8100	300.46153846153845	9000	299.5	9900	300.3529411764706	10800	299.3333333333333	11700	0.0	12600	0.0	13500	0.0	14400	0.0	15300	0.0	16200	0.0	17100	0.0	18000	0.0	18900	0.0	19800	0.0	20700	0.0	21600	0.0	22500	0.0	23400	0.0	24300	0.0	25200	0.0	26100	0.0	27000	0.0	27900	0.0	28800	0.0	29700	0.0	30600	0.0	31500	0.0	32400	0.0	33300	0.0	34200	0.0	35100	0.0	36000	0.0
12	0	366.375	900	367.2857142857143	1800	366.85714285714283	2700	367.3333333333333	3600	367.1111111111111	4500	370.9230769230769	5400	368.7142857142857	6300	367.92857142857144	7200	367.44827586206895	8100	366.9230769230769	9000	366.9230769230769	9900	366.0	10800	366.0	11700	0.0	12600	0.0	13500	0.0	14400	0.0	15300	0.0	16200	0.0	17100	0.0	18000	0.0	18900	0.0	19800	0.0	20700	0.0	21600	0.0	22500	0.0	23400	0.0	24300	0.0	25200	0.0	26100	0.0	27000	0.0	27900	0.0	28800	0.0	29700	0.0	30600	0.0	31500	0.0	32400	0.0	33300	0.0	34200	0.0	35100	0.0	36000	0.0
13	0	246.0	900	246.0	1800	246.0	2700	246.12244897959184	3600	246.0	4500	246.0	5400	246.08955223880596	6300	246.125	7200	246.12244897959184	8100	246.0	9000	246.0	9900	246.0	10800	246.0	11700	0.0	12600	0.0	13500	0.0	14400	0.0	15300	0.0	16200	0.0	17100	0.0	18000	0.0	18900	0.0	19800	0.0	20700	0.0	21600	0.0	22500	0.0	23400	0.0	24300	0.0	25200	0.0	26100	0.0	27000	0.0	27900	0.0	28800	0.0	29700	0.0	30600	0.0	31500	0.0	32400	0.0	33300	0.0	34200	0.0	35100	0.0	36000	0.0
2322	0	292.0	900	292.2	1800	292.5882352941176	2700	295.258064516129	3600	292.64516129032256	4500	294.8478260869565	5400	298.0	6300	293.9016393442623	7200	294.3	8100	292.6875	9000	293.1666666666667	9900	292.42105263157896	10800	293.14285714285717	11700	294.0	12600	0.0	13500	0.0	14400	0.0	15300	0.0	16200	0.0	17100	0.0	18000	0.0	18900	0.0	19800	0.0	20700	0.0	21600	0.0	22500	0.0	23400	0.0	24300	0.0	25200	0.0	26100	0.0	27000	0.0	27900	0.0	28800	0.0	29700	0.0	30600	0.0	31500	0.0	32400	0.0	33300	0.0	34200	0.0	35100	0.0	36000	0.0
901919	0	6.115384615384615	900	6.0	1800	6.115384615384615	2700	6.36	3600	7.9411764705882355	4500	9.85430463576159	5400	8.392156862745098	6300	7.705882352941177	7200	8.737864077669903	8100	18.22222222222222	9000	7.25	9900	7.846153846153846	10800	0.0	11700	0.0	12600	0.0	13500	0.0	14400	0.0	15300	0.0	16200	0.0	17100	0.0	18000	0.0	18900	0.0	19800	0.0	20700	0.0	21600	0.0	22500	0.0	23400	0.0	24300	0.0	25200	0.0	26100	0.0	27000	0.0	27900	0.0	28800	0.0	29700	0.0	30600	0.0	31500	0.0	32400	0.0	33300	0.0	34200	0.0	35100	0.0	36000	0.0
1419014	0	6.0	900	6.0	1800	6.0	2700	6.0	3600	6.0	4500	6.0	5400	6.0	6300	6.0	7200	6.0	8100	6.0	9000	6.0	9900	6.0	10800	6.0	11700	6.0	12600	6.0	13500	6.0	14400	0.0	15300	0.0	16200	0.0	17100	0.0	18000	0.0	18900	0.0	19800	0.0	20700	0.0	21600	0.0	22500	0.0	23400	0.0	24300	0.0	25200	0.0	26100	0.0	27000	0.0	27900	0.0	28800	0.0	29700	0.0	30600	0.0	31500	0.0	32400	0.0	33300	0.0	34200	0.0	35100	0.0	36000	0.0
2324	0	149.25	900	148.28571428571428	1800	149.1	2700	147.6	3600	147.71428571428572	4500	147.57692307692307	5400	147.44444444444446	6300	148.17391304347825	7200	147.75	8100	147.0	9000	149.1	9900	145.76470588235293	10800	146.25	11700	0.0	12600	0.0	13500	0.0	14400	0.0	15300	0.0	16200	0.0	17100	0.0	18000	0.0	18900	0.0	19800	0.0	20700	0.0	21600	0.0	22500	0.0	23400	0.0	24300	0.0	25200	0.0	26100	0.0	27000	0.0	27900	0.0	28800	0.0	29700	0.0	30600	0.0	31500	0.0	32400	0.0	33300	0.0	34200	0.0	35100	0.0	36000	0.0
902424	0	6.4	900	7.0344827586206895	1800	6.75	2700	7.2	3600	9.096774193548388	4500	9.0	5400	7.666666666666667	6300	7.278688524590164	7200	8.163934426229508	8100	6.9375	9000	6.75	9900	7.2	10800	0.0	11700	0.0	12600	0.0	13500	0.0	14400	0.0	15300	0.0	16200	0.0	17100	0.0	18000	0.0	18900	0.0	19800	0.0	20700	0.0	21600	0.0	22500	0.0	23400	0.0	24300	0.0	25200	0.0	26100	0.0	27000	0.0	27900	0.0	28800	0.0	29700	0.0	30600	0.0	31500	0.0	32400	0.0	33300	0.0	34200	0.0	35100	0.0	36000	0.0
21	0	366.0	900	366.0	1800	366.0	2700	366.0	3600	366.0	4500	366.0	5400	366.0	6300	366.0	7200	366.0	8100	366.0	9000	366.0	9900	366.0	10800	366.0	11700	366.0	12600	366.0	13500	0.0	14400	0.0	15300	0.0	16200	0.0	17100	0.0	18000	0.0	18900	0.0	19800	0.0	20700	0.0	21600	0.0	22500	0.0	23400	0.0	24300	0.0	25200	0.0	26100	0.0	27000	0.0	27900	0.0	28800	0.0	29700	0.0	30600	0.0	31500	0.0	32400	0.0	33300	0.0	34200	0.0	35100	0.0	36000	0.0
1816	0	187.8	900	188.61818181818182	1800	189.96923076923076	2700	305.44444444444446	3600	788.2777777777778	4500	2719.309090909091	5400	4396.826815642458	6300	4923.0	7200	4757.2972972972975	8100	4318.925373134329	9000	3673.0	9900	3036.3050847457625	10800	2705.0	11700	0.0	12600	0.0	13500	0.0	14400	0.0	15300	0.0	16200	0.0	17100	0.0	18000	0.0	18900	0.0	19800	0.0	20700	0.0	21600	0.0	22500	0.0	23400	0.0	24300	0.0	25200	0.0	26100	0.0	27000	0.0	27900	0.0	28800	0.0	29700	0.0	30600	0.0	31500	0.0	32400	0.0	33300	0.0	34200	0.0	35100	0.0	36000	0.0
26	0	370.0	900	369.51724137931035	1800	369.54545454545456	2700	374.59090909090907	3600	372.0	4500	769.6216216216217	5400	1775.52	6300	1872.9310344827586	7200	1432.0384615384614	8100	975.8571428571429	9000	424.84615384615387	9900	370.09090909090907	10800	366.0	11700	0.0	12600	0.0	13500	0.0	14400	0.0	15300	0.0	16200	0.0	17100	0.0	18000	0.0	18900	0.0	19800	0.0	20700	0.0	21600	0.0	22500	0.0	23400	0.0	24300	0.0	25200	0.0	26100	0.0	27000	0.0	27900	0.0	28800	0.0	29700	0.0	30600	0.0	31500	0.0	32400	0.0	33300	0.0	34200	0.0	35100	0.0	36000	0.0
1820	0	246.0	900	246.41860465116278	1800	246.125	2700	246.34883720930233	3600	246.4375	4500	246.384	5400	246.99248120300751	6300	246.33333333333334	7200	246.25531914893617	8100	246.0	9000	246.0	9900	246.0	10800	246.0	11700	246.0	12600	246.0	13500	246.0	14400	246.0	15300	246.0	16200	246.0	17100	0.0	18000	0.0	18900	0.0	19800	0.0	20700	0.0	21600	0.0	22500	0.0	23400	0.0	24300	0.0	25200	0.0	26100	0.0	27000	0.0	27900	0.0	28800	0.0	29700	0.0	30600	0.0	31500	0.0	32400	0.0	33300	0.0	34200	0.0	35100	0.0	36000	0.0
319003	0	6.0	900	6.0	1800	6.0	2700	6.0	3600	6.0	4500	6.0	5400	6.0	6300	6.0	7200	6.0	8100	6.0	9000	6.0	9900	6.0	10800	6.0	11700	6.0	12600	0.0	13500	0.0	14400	0.0	15300	0.0	16200	0.0	17100	0.0	18000	0.0	18900	0.0	19800	0.0	20700	0.0	21600	0.0	22500	0.0	23400	0.0	24300	0.0	25200	0.0	26100	0.0	27000	0.0	27900	0.0	28800	0.0	29700	0.0	30600	0.0	31500	0.0	32400	0.0	33300	0.0	34200	0.0	35100	0.0	36000	0.0
31	0	246.0	900	246.0	1800	246.0	2700	246.0	3600	246.0	4500	246.0	5400	246.0	6300	246.0	7200	246.0	8100	246.0	9000	246.0	9900	246.0	10800	246.0	11700	246.0	12600	0.0	13500	0.0	14400	0.0	15300	0.0	16200	0.0	17100	0.0	18000	0.0	18900	0.0	19800	0.0	20700	0.0	21600	0.0	22500	0.0	23400	0.0	24300	0.0	25200	0.0	26100	0.0	27000	0.0	27900	0.0	28800	0.0	29700	0.0	30600	0.0	31500	0.0	32400	0.0	33300	0.0	34200	0.0	35100	0.0	36000	0.0
1312	0	186.0	900	186.0	1800	186.0	2700	186.1263157894737	3600	186.17821782178217	4500	186.56	5400	186.64429530201343	6300	186.0	7200	186.0	8100	186.09677419354838	9000	186.11320754716982	9900	186.11111111111111	10800	186.0	11700	186.0	12600	0.0	13500	0.0	14400	0.0	15300	0.0	16200	0.0	17100	0.0	18000	0.0	18900	0.0	19800	0.0	20700	0.0	21600	0.0	22500	0.0	23400	0.0	24300	0.0	25200	0.0	26100	0.0	27000	0.0	27900	0.0	28800	0.0	29700	0.0	30600	0.0	31500	0.0	32400	0.0	33300	0.0	34200	0.0	35100	0.0	36000	0.0
34	0	246.42857142857142	900	246.0	1800	246.0	2700	246.32	3600	246.23376623376623	4500	246.43298969072166	5400	246.54098360655738	6300	246.27906976744185	7200	246.23076923076923	8100	246.12	9000	246.16666666666666	9900	246.0	10800	246.0	11700	0.0	12600	0.0	13500	0.0	14400	0.0	15300	0.0	16200	0.0	17100	0.0	18000	0.0	18900	0.0	19800	0.0	20700	0.0	21600	0.0	22500	0.0	23400	0.0	24300	0.0	25200	0.0	26100	0.0	27000	0.0	27900	0.0	28800	0.0	29700	0.0	30600	0.0	31500	0.0	32400	0.0	33300	0.0	34200	0.0	35100	0.0	36000	0.0
43	0	246.27272727272728	900	246.0	1800	246.0	2700	246.1153846153846	3600	246.0	4500	246.22784810126583	5400	246.3495145631068	6300	246.0	7200	246.45454545454547	8100	246.0	9000	246.0	9900	246.0	10800	246.0	11700	246.0	12600	0.0	13500	0.0	14400	0.0	15300	0.0	16200	0.0	17100	0.0	18000	0.0	18900	0.0	19800	0.0	20700	0.0	21600	0.0	22500	0.0	23400	0.0	24300	0.0	25200	0.0	26100	0.0	27000	0.0	27900	0.0	28800	0.0	29700	0.0	30600	0.0	31500	0.0	32400	0.0	33300	0.0	34200	0.0	35100	0.0	36000	0.0
901414	0	7.8	900	8.526315789473685	1800	7.444444444444445	2700	10.378378378378379	3600	15.91304347826087	4500	616.4378698224853	5400	1079.0581395348838	6300	1072.090909090909	7200	920.7027027027027	8100	737.4098360655738	9000	564.6101694915254	9900	252.42857142857142	10800	6.0	11700	0.0	12600	0.0	13500	0.0	14400	0.0	15300	0.0	16200	0.0	17100	0.0	18000	0.0	18900	0.0	19800	0.0	20700	0.0	21600	0.0	22500	0.0	23400	0.0	24300	0.0	25200	0.0	26100	0.0	27000	0.0	27900	0.0	28800	0.0	29700	0.0	30600	0.0	31500	0.0	32400	0.0	33300	0.0	34200	0.0	35100	0.0	36000	0.0
1324	0	382.86486486486484	900	384.75	1800	384.6666666666667	2700	414.59154929577466	3600	397.3783783783784	4500	464.51020408163265	5400	624.0560747663551	6300	608.2325581395348	7200	451.2162162162162	8100	410.2352941176471	9000	380.72727272727275	9900	389.02702702702703	10800	406.0	11700	0.0	12600	0.0	13500	0.0	14400	0.0	15300	0.0	16200	0.0	17100	0.0	18000	0.0	18900	0.0	19800	0.0	20700	0.0	21600	0.0	22500	0.0	23400	0.0	24300	0.0	25200	0.0	26100	0.0	27000	0.0	27900	0.0	28800	0.0	29700	0.0	30600	0.0	31500	0.0	32400	0.0	33300	0.0	34200	0.0	35100	0.0	36000	0.0
45	0	126.5	900	127.83673469387755	1800	127.11111111111111	2700	127.6701030927835	3600	127.7872340425532	4500	128.4	5400	128.3661971830986	6300	127.35	7200	127.5625	8100	128.55737704918033	9000	127.9245283018868	9900	127.41176470588235	10800	127.25	11700	126.0	12600	0.0	13500	0.0	14400	0.0	15300	0.0	16200	0.0	17100	0.0	18000	0.0	18900	0.0	19800	0.0	20700	0.0	21600	0.0	22500	0.0	23400	0.0	24300	0.0	25200	0.0	26100	0.0	27000	0.0	27900	0.0	28800	0.0	29700	0.0	30600	0.0	31500	0.0	32400	0.0	33300	0.0	34200	0.0	35100	0.0	36000	0.0
2219022	0	6.0	900	6.0	1800	6.0	2700	6.0	3600	6.0	4500	6.0	5400	6.0	6300	6.0	7200	6.0	8100	6.0	9000	6.0	9900	6.0	10800	6.0	11700	6.0	12600	6.0	13500	6.0	14400	0.0	15300	0.0	16200	0.0	17100	0.0	18000	0.0	18900	0.0	19800	0.0	20700	0.0	21600	0.0	22500	0.0	23400	0.0	24300	0.0	25200	0.0	26100	0.0	27000	0.0	27900	0.0	28800	0.0	29700	0.0	30600	0.0	31500	0.0	32400	0.0	33300	0.0	34200	0.0	35100	0.0	36000	0.0
816	0	467.84615384615387	900	472.63157894736844	1800	476.3157894736842	2700	501.42857142857144	3600	611.4642857142857	4500	709.360824742268	5400	715.25	6300	707.4947368421052	7200	708.795918367347	8100	709.0	9000	716.0412371134021	9900	706.7234042553191	10800	695.304347826087	11700	462.0	12600	0.0	13500	0.0	14400	0.0	15300	0.0	16200	0.0	17100	0.0	18000	0.0	18900	0.0	19800	0.0	20700	0.0	21600	0.0	22500	0.0	23400	0.0	24300	0.0	25200	0.0	26100	0.0	27000	0.0	27900	0.0	28800	0.0	29700	0.0	30600	0.0	31500	0.0	32400	0.0	33300	0.0	34200	0.0	35100	0.0	36000	0.0
1119011	0	6.0	900	6.0	1800	6.0	2700	6.0	3600	6.0	4500	6.0	5400	6.0	6300	6.0	7200	6.0	8100	6.0	9000	6.0	9900	6.0	10800	6.0	11700	6.0	12600	6.0	13500	6.0	14400	6.0	15300	6.0	16200	6.0	17100	6.0	18000	6.0	18900	6.0	19800	0.0	20700	0.0	21600	0.0	22500	0.0	23400	0.0	24300	0.0	25200	0.0	26100	0.0	27000	0.0	27900	0.0	28800	0.0	29700	0.0	30600	0.0	31500	0.0	32400	0.0	33300	0.0	34200	0.0	35100	0.0	36000	0.0
54	0	126.0	900	126.0	1800	126.21052631578948	2700	126.16666666666667	3600	126.48484848484848	4500	127.1311475409836	5400	126.42857142857143	6300	126.2	7200	126.40776699029126	8100	126.13636363636364	9000	126.18461538461538	9900	126.0	10800	126.0	11700	126.0	12600	0.0	13500	126.0	14400	126.0	15300	0.0	16200	0.0	17100	0.0	18000	0.0	18900	0.0	19800	0.0	20700	0.0	21600	0.0	22500	0.0	23400	0.0	24300	0.0	25200	0.0	26100	0.0	27000	0.0	27900	0.0	28800	0.0	29700	0.0	30600	0.0	31500	0.0	32400	0.0	33300	0.0	34200	0.0	35100	0.0	36000	0.0
1919019	0	6.0	900	6.0	1800	6.0	2700	6.0	3600	6.0	4500	6.0	5400	6.0	6300	6.0	7200	6.0	8100	6.0	9000	6.0	9900	6.0	10800	6.0	11700	6.0	12600	6.0	13500	6.0	14400	6.0	15300	6.0	16200	6.0	17100	6.0	18000	0.0	18900	0.0	19800	0.0	20700	0.0	21600	0.0	22500	0.0	23400	0.0	24300	0.0	25200	0.0	26100	0.0	27000	0.0	27900	0.0	28800	0.0	29700	0.0	30600	0.0	31500	0.0	32400	0.0	33300	0.0	34200	0.0	35100	0.0	36000	0.0
312	0	246.0	900	246.0	1800	246.0	2700	246.0	3600	246.0	4500	246.0	5400	246.0	6300	246.09677419354838	7200	246.08695652173913	8100	246.0	9000	246.0	9900	246.0	10800	246.0	11700	0.0	12600	0.0	13500	0.0	14400	0.0	15300	0.0	16200	0.0	17100	0.0	18000	0.0	18900	0.0	19800	0.0	20700	0.0	21600	0.0	22500	0.0	23400	0.0	24300	0.0	25200	0.0	26100	0.0	27000	0.0	27900	0.0	28800	0.0	29700	0.0	30600	0.0	31500	0.0	32400	0.0	33300	0.0	34200	0.0	35100	0.0	36000	0.0
56	0	381.6	900	409.2413793103448	1800	390.88235294117646	2700	414.2352941176471	3600	405.51724137931035	4500	414.9166666666667	5400	459.2413793103448	6300	409.68	7200	418.8813559322034	8100	403.30434782608694	9000	406.2	9900	395.6666666666667	10800	403.57894736842104	11700	392.4	12600	0.0	13500	0.0	14400	0.0	15300	0.0	16200	0.0	17100	0.0	18000	0.0	18900	0.0	19800	0.0	20700	0.0	21600	0.0	22500	0.0	23400	0.0	24300	0.0	25200	0.0	26100	0.0	27000	0.0	27900	0.0	28800	0.0	29700	0.0	30600	0.0	31500	0.0	32400	0.0	33300	0.0	34200	0.0	35100	0.0	36000	0.0
59	0	306.0	900	306.4864864864865	1800	306.61538461538464	2700	308.9189189189189	3600	307.6901408450704	4500	313.25714285714287	5400	312.0521739130435	6300	307.84615384615387	7200	308.5135135135135	8100	306.54545454545456	9000	306.1621621621622	9900	306.52941176470586	10800	306.0	11700	0.0	12600	0.0	13500	0.0	14400	0.0	15300	0.0	16200	0.0	17100	0.0	18000	0.0	18900	0.0	19800	0.0	20700	0.0	21600	0.0	22500	0.0	23400	0.0	24300	0.0	25200	0.0	26100	0.0	27000	0.0	27900	0.0	28800	0.0	29700	0.0	30600	0.0	31500	0.0	32400	0.0	33300	0.0	34200	0.0	35100	0.0	36000	0.0
62	0	366.0	900	366.9230769230769	1800	368.5263157894737	2700	368.5263157894737	3600	368.0425531914894	4500	367.88235294117646	5400	367.8	6300	368.0487804878049	7200	369.1764705882353	8100	369.0612244897959	9000	367.57894736842104	9900	367.2	10800	367.1111111111111	11700	368.25	12600	367.2	13500	369.0	14400	368.57142857142856	15300	367.0	16200	368.0	17100	370.5	18000	366.0	18900	0.0	19800	0.0	20700	0.0	21600	0.0	22500	0.0	23400	0.0	24300	0.0	25200	0.0	26100	0.0	27000	0.0	27900	0.0	28800	0.0	29700	0.0	30600	0.0	31500	0.0	32400	0.0	33300	0.0	34200	0.0	35100	0.0	36000	0.0
65	0	370.09090909090907	900	406.258064516129	1800	389.3333333333333	2700	405.6774193548387	3600	401.53846153846155	4500	401.61038961038963	5400	428.0506329113924	6300	397.7368421052632	7200	417.1475409836066	8100	395.26153846153846	9000	410.2040816326531	9900	398.9142857142857	10800	401.5	11700	408.0	12600	387.0	13500	396.0	14400	0.0	15300	0.0	16200	0.0	17100	0.0	18000	0.0	18900	0.0	19800	0.0	20700	0.0	21600	0.0	22500	0.0	23400	0.0	24300	0.0	25200	0.0	26100	0.0	27000	0.0	27900	0.0	28800	0.0	29700	0.0	30600	0.0	31500	0.0	32400	0.0	33300	0.0	34200	0.0	35100	0.0	36000	0.0
902222	0	6.3125	900	7.1875	1800	6.865979381443299	2700	8.523076923076923	3600	9.907692307692308	4500	14.383561643835616	5400	14.766101694915255	6300	11.543147208121827	7200	11.125	8100	7.173913043478261	9000	7.782178217821782	9900	7.151515151515151	10800	12.0	11700	0.0	12600	0.0	13500	0.0	14400	0.0	15300	0.0	16200	0.0	17100	0.0	18000	0.0	18900	0.0	19800	0.0	20700	0.0	21600	0.0	22500	0.0	23400	0.0	24300	0.0	25200	0.0	26100	0.0	27000	0.0	27900	0.0	28800	0.0	29700	0.0	30600	0.0	31500	0.0	32400	0.0	33300	0.0	34200	0.0	35100	0.0	36000	0.0
68	0	153.35294117647058	900	154.6875	1800	153.46875	2700	155.8695652173913	3600	193.6451612903226	4500	251.29655172413794	5400	338.8032786885246	6300	338.2926829268293	7200	337.9672131147541	8100	338.4878048780488	9000	334.27777777777777	9900	162.73846153846154	10800	151.33333333333334	11700	0.0	12600	0.0	13500	0.0	14400	0.0	15300	0.0	16200	0.0	17100	0.0	18000	0.0	18900	0.0	19800	0.0	20700	0.0	21600	0.0	22500	0.0	23400	0.0	24300	0.0	25200	0.0	26100	0.0	27000	0.0	27900	0.0	28800	0.0	29700	0.0	30600	0.0	31500	0.0	32400	0.0	33300	0.0	34200	0.0	35100	0.0	36000	0.0
2120	0	433.84615384615387	900	431.29411764705884	1800	430.15384615384613	2700	431.4782608695652	3600	431.7931034482759	4500	432.0	5400	432.26666666666665	6300	431.8	7200	431.03225806451616	8100	432.0	9000	431.57142857142856	9900	430.4	10800	430.0	11700	0.0	12600	0.0	13500	0.0	14400	0.0	15300	0.0	16200	0.0	17100	0.0	18000	0.0	18900	0.0	19800	0.0	20700	0.0	21600	0.0	22500	0.0	23400	0.0	24300	0.0	25200	0.0	26100	0.0	27000	0.0	27900	0.0	28800	0.0	29700	0.0	30600	0.0	31500	0.0	32400	0.0	33300	0.0	34200	0.0	35100	0.0	36000	0.0
1610	0	409.1830985915493	900	432.6818181818182	1800	449.25773195876286	2700	646.5142857142857	3600	675.1034482758621	4500	667.2954545454545	5400	660.1318681318681	6300	671.6590909090909	7200	676.6206896551724	8100	669.9101123595506	9000	660.8181818181819	9900	649.5	10800	664.1333333333333	11700	670.0909090909091	12600	677.6551724137931	13500	670.8539325842696	14400	656.7333333333333	15300	670.4494382022472	16200	676.8539325842696	17100	670.9655172413793	18000	669.3658536585366	18900	0.0	19800	0.0	20700	0.0	21600	0.0	22500	0.0	23400	0.0	24300	0.0	25200	0.0	26100	0.0	27000	0.0	27900	0.0	28800	0.0	29700	0.0	30600	0.0	31500	0.0	32400	0.0	33300	0.0	34200	0.0	35100	0.0	36000	0.0
2122	0	145.10526315789474	900	143.8	1800	142.75862068965517	2700	146.20689655172413	3600	155.57894736842104	4500	203.95652173913044	5400	290.2916666666667	6300	315.1818181818182	7200	308.3898305084746	8100	160.95	9000	144.6315789473684	9900	143.0943396226415	10800	142.15384615384616	11700	141.0	12600	0.0	13500	0.0	14400	0.0	15300	0.0	16200	0.0	17100	0.0	18000	0.0	18900	0.0	19800	0.0	20700	0.0	21600	0.0	22500	0.0	23400	0.0	24300	0.0	25200	0.0	26100	0.0	27000	0.0	27900	0.0	28800	0.0	29700	0.0	30600	0.0	31500	0.0	32400	0.0	33300	0.0	34200	0.0	35100	0.0	36000	0.0
2124	0	228.92307692307693	900	226.43478260869566	1800	226.74418604651163	2700	228.08823529411765	3600	232.44	4500	238.69565217391303	5400	259.584	6300	260.89285714285717	7200	230.52	8100	227.72727272727272	9000	226.86206896551724	9900	225.28301886792454	10800	228.24	11700	226.2	12600	225.23076923076923	13500	226.5	14400	0.0	15300	0.0	16200	0.0	17100	0.0	18000	0.0	18900	0.0	19800	0.0	20700	0.0	21600	0.0	22500	0.0	23400	0.0	24300	0.0	25200	0.0	26100	0.0	27000	0.0	27900	0.0	28800	0.0	29700	0.0	30600	0.0	31500	0.0	32400	0.0	33300	0.0	34200	0.0	35100	0.0	36000	0.0
819008	0	6.0	900	6.0	1800	6.0	2700	6.0	3600	6.0	4500	6.0	5400	6.0	6300	6.0	7200	6.0	8100	6.0	9000	6.0	9900	6.0	10800	6.0	11700	6.0	12600	6.0	13500	6.0	14400	6.0	15300	6.0	16200	6.0	17100	6.0	18000	6.0	18900	0.0	19800	0.0	20700	0.0	21600	0.0	22500	0.0	23400	0.0	24300	0.0	25200	0.0	26100	0.0	27000	0.0	27900	0.0	28800	0.0	29700	0.0	30600	0.0	31500	0.0	32400	0.0	33300	0.0	34200	0.0	35100	0.0	36000	0.0
2119021	0	6.0	900	6.0	1800	6.0	2700	6.0	3600	6.0	4500	6.0	5400	6.0	6300	6.0	7200	6.0	8100	6.0	9000	6.0	9900	6.0	10800	6.0	11700	6.0	12600	6.0	13500	6.0	14400	0.0	15300	0.0	16200	0.0	17100	0.0	18000	0.0	18900	0.0	19800	0.0	20700	0.0	21600	0.0	22500	0.0	23400	0.0	24300	0.0	25200	0.0	26100	0.0	27000	0.0	27900	0.0	28800	0.0	29700	0.0	30600	0.0	31500	0.0	32400	0.0	33300	0.0	34200	0.0	35100	0.0	36000	0.0
78	0	188.06896551724137	900	188.9268292682927	1800	187.95348837209303	2700	189.80281690140845	3600	192.06896551724137	4500	252.8709677419355	5400	631.952380952381	6300	959.9428571428572	7200	748.1797752808989	8100	331.0344827586207	9000	187.63636363636363	9900	187.5	10800	186.3	11700	0.0	12600	0.0	13500	0.0	14400	0.0	15300	0.0	16200	0.0	17100	0.0	18000	0.0	18900	0.0	19800	0.0	20700	0.0	21600	0.0	22500	0.0	23400	0.0	24300	0.0	25200	0.0	26100	0.0	27000	0.0	27900	0.0	28800	0.0	29700	0.0	30600	0.0	31500	0.0	32400	0.0	33300	0.0	34200	0.0	35100	0.0	36000	0.0
1619016	0	6.0	900	6.0	1800	6.0	2700	6.0	3600	6.0	4500	6.0	5400	6.0	6300	6.0	7200	6.0	8100	6.0	9000	6.0	9900	6.0	10800	6.0	11700	6.0	12600	6.0	13500	6.0	14400	6.0	15300	6.0	16200	6.0	17100	6.0	18000	6.0	18900	0.0	19800	0.0	20700	0.0	21600	0.0	22500	0.0	23400	0.0	24300	0.0	25200	0.0	26100	0.0	27000	0.0	27900	0.0	28800	0.0	29700	0.0	30600	0.0	31500	0.0	32400	0.0	33300	0.0	34200	0.0	35100	0.0	36000	0.0
1617	0	142.82608695652175	900	145.3186813186813	1800	143.66666666666666	2700	189.8896551724138	3600	245.31297709923663	4500	292.7142857142857	5400	316.12213740458014	6300	316.35114503816794	7200	315.87692307692305	8100	316.53435114503816	9000	316.0763358778626	9900	316.0615384615385	10800	266.89285714285717	11700	148.35	12600	144.0	13500	142.7027027027027	14400	142.42105263157896	15300	143.14285714285714	16200	141.8709677419355	17100	0.0	18000	0.0	18900	0.0	19800	0.0	20700	0.0	21600	0.0	22500	0.0	23400	0.0	24300	0.0	25200	0.0	26100	0.0	27000	0.0	27900	0.0	28800	0.0	29700	0.0	30600	0.0	31500	0.0	32400	0.0	33300	0.0	34200	0.0	35100	0.0	36000	0.0
901212	0	6.857142857142857	900	6.310344827586207	1800	6.218181818181818	2700	7.486725663716814	3600	7.1891891891891895	4500	8.9079754601227	5400	9.017751479289942	6300	7.254545454545455	7200	8.4	8100	6.711864406779661	9000	6.339622641509434	9900	6.654545454545454	10800	0.0	11700	0.0	12600	0.0	13500	0.0	14400	0.0	15300	0.0	16200	0.0	17100	0.0	18000	0.0	18900	0.0	19800	0.0	20700	0.0	21600	0.0	22500	0.0	23400	0.0	24300	0.0	25200	0.0	26100	0.0	27000	0.0	27900	0.0	28800	0.0	29700	0.0	30600	0.0	31500	0.0	32400	0.0	33300	0.0	34200	0.0	35100	0.0	36000	0.0
1618	0	186.0	900	186.0	1800	186.0	2700	186.0722891566265	3600	186.0	4500	186.05042016806723	5400	186.0	6300	186.0	7200	186.0	8100	186.0	9000	186.0	9900	186.0	10800	186.0	11700	186.0	12600	186.0	13500	186.0	14400	186.0	15300	186.0	16200	186.0	17100	186.0	18000	186.0	18900	0.0	19800	0.0	20700	0.0	21600	0.0	22500	0.0	23400	0.0	24300	0.0	25200	0.0	26100	0.0	27000	0.0	27900	0.0	28800	0.0	29700	0.0	30600	0.0	31500	0.0	32400	0.0	33300	0.0	34200	0.0	35100	0.0	36000	0.0
86	0	153.25714285714287	900	154.66666666666666	1800	156.1818181818182	2700	159.2842105263158	3600	187.04132231404958	4500	254.41726618705036	5400	335.29133858267716	6300	337.1219512195122	7200	336.9836065573771	8100	336.8292682926829	9000	228.0	9900	155.0	10800	152.51612903225808	11700	151.05882352941177	12600	151.5	13500	150.75	14400	150.42857142857142	15300	151.8	16200	150.8	17100	152.0	18000	150.0	18900	0.0	19800	0.0	20700	0.0	21600	0.0	22500	0.0	23400	0.0	24300	0.0	25200	0.0	26100	0.0	27000	0.0	27900	0.0	28800	0.0	29700	0.0	30600	0.0	31500	0.0	32400	0.0	33300	0.0	34200	0.0	35100	0.0	36000	0.0
1110	0	308.25	900	308.92857142857144	1800	307.47945205479454	2700	330.44776119402985	3600	358.6363636363636	4500	439.0829268292683	5400	507.8755980861244	6300	491.0980392156863	7200	313.0093457943925	8100	308.0952380952381	9000	308.0281690140845	9900	308.35135135135135	10800	310.0421052631579	11700	308.2597402597403	12600	307.6363636363636	13500	0.0	14400	0.0	15300	0.0	16200	0.0	17100	0.0	18000	0.0	18900	0.0	19800	0.0	20700	0.0	21600	0.0	22500	0.0	23400	0.0	24300	0.0	25200	0.0	26100	0.0	27000	0.0	27900	0.0	28800	0.0	29700	0.0	30600	0.0	31500	0.0	32400	0.0	33300	0.0	34200	0.0	35100	0.0	36000	0.0
87	0	186.0	900	188.52631578947367	1800	187.13513513513513	2700	187.1076923076923	3600	189.41772151898735	4500	188.83516483516485	5400	190.30434782608697	6300	187.51807228915663	7200	187.59493670886076	8100	186.7741935483871	9000	186.7	9900	186.3673469387755	10800	186.0	11700	0.0	12600	0.0	13500	0.0	14400	0.0	15300	0.0	16200	0.0	17100	0.0	18000	0.0	18900	0.0	19800	0.0	20700	0.0	21600	0.0	22500	0.0	23400	0.0	24300	0.0	25200	0.0	26100	0.0	27000	0.0	27900	0.0	28800	0.0	29700	0.0	30600	0.0	31500	0.0	32400	0.0	33300	0.0	34200	0.0	35100	0.0	36000	0.0
1112	0	445.5	900	444.8	1800	445.0769230769231	2700	446.33898305084745	3600	445.8181818181818	4500	446.11267605633805	5400	447.03225806451616	6300	448.2142857142857	7200	445.17857142857144	8100	444.95454545454544	9000	444.25531914893617	9900	444.3529411764706	10800	444.48	11700	443.5	12600	445.2857142857143	13500	443.25	14400	444.46153846153845	15300	444.375	16200	444.0	17100	443.4	18000	443.0	18900	442.61538461538464	19800	0.0	20700	0.0	21600	0.0	22500	0.0	23400	0.0	24300	0.0	25200	0.0	26100	0.0	27000	0.0	27900	0.0	28800	0.0	29700	0.0	30600	0.0	31500	0.0	32400	0.0	33300	0.0	34200	0.0	35100	0.0	36000	0.0
901717	0	8.0	900	13.0	1800	9.852631578947369	2700	43.74193548387097	3600	203.7377049180328	4500	590.6077738515901	5400	1204.3250883392227	6300	1503.3191489361702	7200	1632.127659574468	8100	1659.0	9000	1450.3578947368421	9900	1275.3191489361702	10800	6.0	11700	0.0	12600	0.0	13500	0.0	14400	0.0	15300	0.0	16200	0.0	17100	0.0	18000	0.0	18900	0.0	19800	0.0	20700	0.0	21600	0.0	22500	0.0	23400	0.0	24300	0.0	25200	0.0	26100	0.0	27000	0.0	27900	0.0	28800	0.0	29700	0.0	30600	0.0	31500	0.0	32400	0.0	33300	0.0	34200	0.0	35100	0.0	36000	0.0
89	0	936.0	900	936.0	1800	942.0	2700	932.0	3600	936.0	4500	927.6	5400	948.0	6300	932.0	7200	940.0	8100	927.0	9000	948.0	9900	927.0	10800	0.0	11700	0.0	12600	0.0	13500	0.0	14400	0.0	15300	0.0	16200	0.0	17100	0.0	18000	0.0	18900	0.0	19800	0.0	20700	0.0	21600	0.0	22500	0.0	23400	0.0	24300	0.0	25200	0.0	26100	0.0	27000	0.0	27900	0.0	28800	0.0	29700	0.0	30600	0.0	31500	0.0	32400	0.0	33300	0.0	34200	0.0	35100	0.0	36000	0.0
1114	0	342.9767441860465	900	349.6190476190476	1800	347.77777777777777	2700	379.80582524271847	3600	478.1848739495798	4500	557.2432432432432	5400	563.8857142857142	6300	564.0571428571428	7200	564.0	8100	564.1142857142858	9000	564.0571428571428	9900	564.0	10800	555.6338028169014	11700	350.0	12600	357.0	13500	0.0	14400	0.0	15300	0.0	16200	0.0	17100	0.0	18000	0.0	18900	0.0	19800	0.0	20700	0.0	21600	0.0	22500	0.0	23400	0.0	24300	0.0	25200	0.0	26100	0.0	27000	0.0	27900	0.0	28800	0.0	29700	0.0	30600	0.0	31500	0.0	32400	0.0	33300	0.0	34200	0.0	35100	0.0	36000	0.0
519005	0	6.0	900	6.0	1800	6.0	2700	6.0	3600	6.0	4500	6.0	5400	6.0	6300	6.0	7200	6.0	8100	6.0	9000	6.0	9900	6.0	10800	6.0	11700	0.0	12600	0.0	13500	0.0	14400	0.0	15300	0.0	16200	0.0	17100	0.0	18000	0.0	18900	0.0	19800	0.0	20700	0.0	21600	0.0	22500	0.0	23400	0.0	24300	0.0	25200	0.0	26100	0.0	27000	0.0	27900	0.0	28800	0.0	29700	0.0	30600	0.0	31500	0.0	32400	0.0	33300	0.0	34200	0.0	35100	0.0	36000	0.0
95	0	306.375	900	306.64864864864865	1800	308.1081081081081	2700	307.35483870967744	3600	308.02597402597405	4500	310.29473684210524	5400	310.41509433962267	6300	309.037037037037	7200	308.4347826086956	8100	306.1714285714286	9000	306.94736842105266	9900	306.1666666666667	10800	306.0	11700	0.0	12600	0.0	13500	0.0	14400	0.0	15300	0.0	16200	0.0	17100	0.0	18000	0.0	18900	0.0	19800	0.0	20700	0.0	21600	0.0	22500	0.0	23400	0.0	24300	0.0	25200	0.0	26100	0.0	27000	0.0	27900	0.0	28800	0.0	29700	0.0	30600	0.0	31500	0.0	32400	0.0	33300	0.0	34200	0.0	35100	0.0	36000	0.0
98	0	942.0	900	936.0	1800	948.0	2700	932.4	3600	936.0	4500	927.0	5400	946.2857142857143	6300	937.5	7200	931.5	8100	930.0	9000	948.0	9900	926.0	10800	0.0	11700	0.0	12600	0.0	13500	0.0	14400	0.0	15300	0.0	16200	0.0	17100	0.0	18000	0.0	18900	0.0	19800	0.0	20700	0.0	21600	0.0	22500	0.0	23400	0.0	24300	0.0	25200	0.0	26100	0.0	27000	0.0	27900	0.0	28800	0.0	29700	0.0	30600	0.0	31500	0.0	32400	0.0	33300	0.0	34200	0.0	35100	0.0	36000	0.0
109	0	186.39344262295083	900	186.26373626373626	1800	186.43373493975903	2700	186.89361702127658	3600	188.20645161290324	4500	188.37623762376236	5400	189.23720930232557	6300	186.75	7200	186.71830985915494	8100	186.40449438202248	9000	186.3896103896104	9900	186.35714285714286	10800	186.0	11700	186.0	12600	186.0	13500	186.0	14400	186.0	15300	186.0	16200	186.0	17100	186.0	18000	186.0	18900	186.0	19800	0.0	20700	0.0	21600	0.0	22500	0.0	23400	0.0	24300	0.0	25200	0.0	26100	0.0	27000	0.0	27900	0.0	28800	0.0	29700	0.0	30600	0.0	31500	0.0	32400	0.0	33300	0.0	34200	0.0	35100	0.0	36000	0.0
2413	0	391.61538461538464	900	376.2352941176471	1800	384.15384615384613	2700	404.89285714285717	3600	393.86842105263156	4500	426.9574468085106	5400	502.2178217821782	6300	517.3411764705883	7200	397.59493670886076	8100	409.3636363636364	9000	380.7906976744186	9900	392.3076923076923	10800	404.8235294117647	11700	378.0	12600	382.5	13500	408.0	14400	0.0	15300	0.0	16200	0.0	17100	0.0	18000	0.0	18900	0.0	19800	0.0	20700	0.0	21600	0.0	22500	0.0	23400	0.0	24300	0.0	25200	0.0	26100	0.0	27000	0.0	27900	0.0	28800	0.0	29700	0.0	30600	0.0	31500	0.0	32400	0.0	33300	0.0	34200	0.0	35100	0.0	36000	0.0
1319013	0	6.0	900	6.0	1800	6.0	2700	6.0	3600	6.0	4500	6.0	5400	6.0	6300	6.0	7200	6.0	8100	6.0	9000	6.0	9900	6.0	10800	6.0	11700	6.0	12600	6.0	13500	6.0	14400	0.0	15300	6.0	16200	6.0	17100	6.0	18000	6.0	18900	6.0	19800	6.0	20700	0.0	21600	0.0	22500	0.0	23400	0.0	24300	0.0	25200	0.0	26100	0.0	27000	0.0	27900	0.0	28800	0.0	29700	0.0	30600	0.0	31500	0.0	32400	0.0	33300	0.0	34200	0.0	35100	0.0	36000	0.0
114	0	444.5	900	443.6	1800	444.57142857142856	2700	443.7931034482759	3600	445.2631578947368	4500	445.2	5400	445.82608695652175	6300	444.3333333333333	7200	444.3157894736842	8100	444.82758620689657	9000	444.46153846153845	9900	444.2142857142857	10800	445.125	11700	447.0	12600	0.0	13500	0.0	14400	0.0	15300	0.0	16200	0.0	17100	0.0	18000	0.0	18900	0.0	19800	0.0	20700	0.0	21600	0.0	22500	0.0	23400	0.0	24300	0.0	25200	0.0	26100	0.0	27000	0.0	27900	0.0	28800	0.0	29700	0.0	30600	0.0	31500	0.0	32400	0.0	33300	0.0	34200	0.0	35100	0.0	36000	0.0
2419024	0	6.0	900	6.0	1800	6.0	2700	6.0	3600	6.0	4500	6.0	5400	6.0	6300	6.0	7200	6.0	8100	6.0	9000	6.0	9900	6.0	10800	6.0	11700	6.0	12600	6.0	13500	6.0	14400	0.0	15300	0.0	16200	0.0	17100	0.0	18000	0.0	18900	0.0	19800	0.0	20700	0.0	21600	0.0	22500	0.0	23400	0.0	24300	0.0	25200	0.0	26100	0.0	27000	0.0	27900	0.0	28800	0.0	29700	0.0	30600	0.0	31500	0.0	32400	0.0	33300	0.0	34200	0.0	35100	0.0	36000	0.0
2421	0	228.9090909090909	900	226.72340425531914	1800	227.44444444444446	2700	234.22784810126583	3600	248.88235294117646	4500	265.1900826446281	5400	355.24615384615385	6300	362.40983606557376	7200	254.54545454545453	8100	228.17391304347825	9000	228.1090909090909	9900	226.0	10800	224.8	11700	222.0	12600	0.0	13500	0.0	14400	0.0	15300	0.0	16200	0.0	17100	0.0	18000	0.0	18900	0.0	19800	0.0	20700	0.0	21600	0.0	22500	0.0	23400	0.0	24300	0.0	25200	0.0	26100	0.0	27000	0.0	27900	0.0	28800	0.0	29700	0.0	30600	0.0	31500	0.0	32400	0.0	33300	0.0	34200	0.0	35100	0.0	36000	0.0
2423	0	147.85714285714286	900	146.57142857142858	1800	145.33333333333334	2700	146.51612903225808	3600	148.11428571428573	4500	147.88235294117646	5400	146.875	6300	146.81632653061226	7200	146.7391304347826	8100	146.5	9000	146.1	9900	146.8421052631579	10800	147.42857142857142	11700	0.0	12600	0.0	13500	0.0	14400	0.0	15300	0.0	16200	0.0	17100	0.0	18000	0.0	18900	0.0	19800	0.0	20700	0.0	21600	0.0	22500	0.0	23400	0.0	24300	0.0	25200	0.0	26100	0.0	27000	0.0	27900	0.0	28800	0.0	29700	0.0	30600	0.0	31500	0.0	32400	0.0	33300	0.0	34200	0.0	35100	0.0	36000	0.0
219002	0	6.0	900	6.0	1800	6.0	2700	6.0	3600	6.0	4500	6.0	5400	6.0	6300	6.0	7200	6.0	8100	6.0	9000	6.0	9900	6.0	10800	6.0	11700	6.0	12600	6.0	13500	6.0	14400	6.0	15300	6.0	16200	6.0	17100	6.0	18000	6.0	18900	0.0	19800	0.0	20700	0.0	21600	0.0	22500	0.0	23400	0.0	24300	0.0	25200	0.0	26100	0.0	27000	0.0	27900	0.0	28800	0.0	29700	0.0	30600	0.0	31500	0.0	32400	0.0	33300	0.0	34200	0.0	35100	0.0	36000	0.0
123	0	246.0	900	246.0	1800	246.0	2700	246.0	3600	246.0	4500	246.05882352941177	5400	246.06593406593407	6300	246.0	7200	246.07407407407408	8100	246.0	9000	246.0	9900	246.0	10800	246.0	11700	246.0	12600	0.0	13500	0.0	14400	0.0	15300	0.0	16200	0.0	17100	0.0	18000	0.0	18900	0.0	19800	0.0	20700	0.0	21600	0.0	22500	0.0	23400	0.0	24300	0.0	25200	0.0	26100	0.0	27000	0.0	27900	0.0	28800	0.0	29700	0.0	30600	0.0	31500	0.0	32400	0.0	33300	0.0	34200	0.0	35100	0.0	36000	0.0
1915	0	186.34285714285716	900	186.375	1800	186.6206896551724	2700	187.748031496063	3600	188.44444444444446	4500	191.67073170731706	5400	245.67664670658684	6300	232.18705035971223	7200	189.42307692307693	8100	186.79338842975207	9000	186.3	9900	186.34285714285716	10800	186.0	11700	186.0	12600	186.0	13500	186.0	14400	0.0	15300	0.0	16200	0.0	17100	0.0	18000	0.0	18900	0.0	19800	0.0	20700	0.0	21600	0.0	22500	0.0	23400	0.0	24300	0.0	25200	0.0	26100	0.0	27000	0.0	27900	0.0	28800	0.0	29700	0.0	30600	0.0	31500	0.0	32400	0.0	33300	0.0	34200	0.0	35100	0.0	36000	0.0
1917	0	160.52459016393442	900	162.9090909090909	1800	158.93023255813952	2700	308.625	3600	2838.9836065573772	4500	3908.3305785123966	5400	3862.2	6300	3862.5123966942147	7200	3859.85	8100	3717.139534883721	9000	3512.181818181818	9900	3363.9	10800	3227.490566037736	11700	3129.412844036697	12600	3076.7796610169494	13500	3075.471074380165	14400	3075.75	15300	3075.3333333333335	16200	0.0	17100	0.0	18000	0.0	18900	0.0	19800	0.0	20700	0.0	21600	0.0	22500	0.0	23400	0.0	24300	0.0	25200	0.0	26100	0.0	27000	0.0	27900	0.0	28800	0.0	29700	0.0	30600	0.0	31500	0.0	32400	0.0	33300	0.0	34200	0.0	35100	0.0	36000	0.0
1920	0	292.7142857142857	900	293.14285714285717	1800	292.10526315789474	2700	291.77777777777777	3600	291.9230769230769	4500	292.22222222222223	5400	292.4347826086956	6300	292.10526315789474	7200	292.0	8100	292.5	9000	292.2	9900	292.0	10800	292.4347826086956	11700	291.85714285714283	12600	292.22222222222223	13500	293.0625	14400	290.7692307692308	15300	294.0	16200	0.0	17100	0.0	18000	0.0	18900	0.0	19800	0.0	20700	0.0	21600	0.0	22500	0.0	23400	0.0	24300	0.0	25200	0.0	26100	0.0	27000	0.0	27900	0.0	28800	0.0	29700	0.0	30600	0.0	31500	0.0	32400	0.0	33300	0.0	34200	0.0	35100	0.0	36000	0.0
1411	0	344.8333333333333	900	349.60714285714283	1800	352.55172413793105	2700	361.22727272727275	3600	495.2542372881356	4500	560.3783783783783	5400	564.3428571428572	6300	564.1142857142858	7200	564.1142857142858	8100	563.8857142857142	9000	564.2285714285714	9900	564.1142857142858	10800	550.2	11700	0.0	12600	0.0	13500	0.0	14400	0.0	15300	0.0	16200	0.0	17100	0.0	18000	0.0	18900	0.0	19800	0.0	20700	0.0	21600	0.0	22500	0.0	23400	0.0	24300	0.0	25200	0.0	26100	0.0	27000	0.0	27900	0.0	28800	0.0	29700	0.0	30600	0.0	31500	0.0	32400	0.0	33300	0.0	34200	0.0	35100	0.0	36000	0.0
901515	0	6.069767441860465	900	6.0	1800	6.0	2700	6.137931034482759	3600	6.0701754385964914	4500	6.186770428015564	5400	6.276923076923077	6300	6.180722891566265	7200	12.175438596491228	8100	33.6	9000	9.542168674698795	9900	8.25	10800	0.0	11700	0.0	12600	0.0	13500	0.0	14400	0.0	15300	0.0	16200	0.0	17100	0.0	18000	0.0	18900	0.0	19800	0.0	20700	0.0	21600	0.0	22500	0.0	23400	0.0	24300	0.0	25200	0.0	26100	0.0	27000	0.0	27900	0.0	28800	0.0	29700	0.0	30600	0.0	31500	0.0	32400	0.0	33300	0.0	34200	0.0	35100	0.0	36000	0.0
1415	0	361.37142857142857	900	356.45454545454544	1800	356.47058823529414	2700	357.4864864864865	3600	357.975	4500	359.7525773195876	5400	363.35779816513764	6300	359.55	7200	450.0	8100	448.52830188679246	9000	361.25	9900	361.6595744680851	10800	356.7857142857143	11700	356.0	12600	357.0	13500	0.0	14400	0.0	15300	0.0	16200	0.0	17100	0.0	18000	0.0	18900	0.0	19800	0.0	20700	0.0	21600	0.0	22500	0.0	23400	0.0	24300	0.0	25200	0.0	26100	0.0	27000	0.0	27900	0.0	28800	0.0	29700	0.0	30600	0.0	31500	0.0	32400	0.0	33300	0.0	34200	0.0	35100	0.0	36000	0.0
902020	0	6.0	900	6.846153846153846	1800	6.08	2700	6.324324324324325	3600	6.311688311688312	4500	7.004524886877828	5400	6.581497797356828	6300	6.244897959183674	7200	6.244897959183674	8100	6.25	9000	6.657534246575342	9900	6.077922077922078	10800	0.0	11700	0.0	12600	0.0	13500	0.0	14400	0.0	15300	0.0	16200	0.0	17100	0.0	18000	0.0	18900	0.0	19800	0.0	20700	0.0	21600	0.0	22500	0.0	23400	0.0	24300	0.0	25200	0.0	26100	0.0	27000	0.0	27900	0.0	28800	0.0	29700	0.0	30600	0.0	31500	0.0	32400	0.0	33300	0.0	34200	0.0	35100	0.0	36000	0.0
2319023	0	6.0	900	6.0	1800	6.0	2700	6.0	3600	6.0	4500	6.0	5400	6.0	6300	6.0	7200	6.0	8100	6.0	9000	6.0	9900	6.0	10800	6.0	11700	6.0	12600	6.0	13500	6.0	14400	0.0	15300	0.0	16200	0.0	17100	0.0	18000	0.0	18900	0.0	19800	0.0	20700	0.0	21600	0.0	22500	0.0	23400	0.0	24300	0.0	25200	0.0	26100	0.0	27000	0.0	27900	0.0	28800	0.0	29700	0.0	30600	0.0	31500	0.0	32400	0.0	33300	0.0	34200	0.0	35100	0.0	36000	0.0
1019010	0	6.0	900	6.0	1800	6.0	2700	6.0	3600	6.0	4500	6.0	5400	6.0	6300	6.0	7200	6.0	8100	6.0	9000	6.0	9900	6.0	10800	6.0	11700	6.0	12600	6.0	13500	6.0	14400	6.0	15300	6.0	16200	6.0	17100	6.0	18000	6.0	18900	6.0	19800	0.0	20700	0.0	21600	0.0	22500	0.0	23400	0.0	24300	0.0	25200	0.0	26100	0.0	27000	0.0	27900	0.0	28800	0.0	29700	0.0	30600	0.0	31500	0.0	32400	0.0	33300	0.0	34200	0.0	35100	0.0	36000	0.0
910	0	186.55384615384617	900	186.7578947368421	1800	186.6	2700	195.30769230769232	3600	201.8150289017341	4500	219.39669421487602	5400	305.56626506024094	6300	465.3225806451613	7200	279.2	8100	188.87234042553192	9000	187.59493670886076	9900	186.71428571428572	10800	186.0	11700	0.0	12600	0.0	13500	0.0	14400	0.0	15300	0.0	16200	0.0	17100	0.0	18000	0.0	18900	0.0	19800	0.0	20700	0.0	21600	0.0	22500	0.0	23400	0.0	24300	0.0	25200	0.0	26100	0.0	27000	0.0	27900	0.0	28800	0.0	29700	0.0	30600	0.0	31500	0.0	32400	0.0	33300	0.0	34200	0.0	35100	0.0	36000	0.0
1423	0	301.875	900	297.0	1800	298.7142857142857	2700	296.4878048780488	3600	300.2448979591837	4500	299.3	5400	299.42857142857144	6300	298.3255813953488	7200	298.09090909090907	8100	297.63157894736844	9000	297.9428571428571	9900	297.9375	10800	297.7894736842105	11700	296.0	12600	0.0	13500	0.0	14400	0.0	15300	0.0	16200	0.0	17100	0.0	18000	0.0	18900	0.0	19800	0.0	20700	0.0	21600	0.0	22500	0.0	23400	0.0	24300	0.0	25200	0.0	26100	0.0	27000	0.0	27900	0.0	28800	0.0	29700	0.0	30600	0.0	31500	0.0	32400	0.0	33300	0.0	34200	0.0	35100	0.0	36000	0.0
1819018	0	6.0	900	6.0	1800	6.0	2700	6.0	3600	6.0	4500	6.0	5400	6.0	6300	6.0	7200	6.0	8100	6.0	9000	6.0	9900	6.0	10800	6.0	11700	6.0	12600	6.0	13500	6.0	14400	6.0	15300	6.0	16200	6.0	17100	6.0	18000	6.0	18900	0.0	19800	0.0	20700	0.0	21600	0.0	22500	0.0	23400	0.0	24300	0.0	25200	0.0	26100	0.0	27000	0.0	27900	0.0	28800	0.0	29700	0.0	30600	0.0	31500	0.0	32400	0.0	33300	0.0	34200	0.0	35100	0.0	36000	0.0
719007	0	6.0	900	6.0	1800	6.0	2700	6.0	3600	6.0	4500	6.0	5400	6.0	6300	6.0	7200	6.0	8100	6.0	9000	6.0	9900	6.0	10800	6.0	11700	6.0	12600	6.0	13500	6.0	14400	6.0	15300	6.0	16200	6.0	17100	6.0	18000	6.0	18900	0.0	19800	0.0	20700	0.0	21600	0.0	22500	0.0	23400	0.0	24300	0.0	25200	0.0	26100	0.0	27000	0.0	27900	0.0	28800	0.0	29700	0.0	30600	0.0	31500	0.0	32400	0.0	33300	0.0	34200	0.0	35100	0.0	36000	0.0
90011	0	6.0	900	6.0	1800	6.0	2700	6.0	3600	6.0	4500	6.0	5400	6.0	6300	6.0	7200	6.0	8100	6.0	9000	6.0	9900	6.0	10800	6.0	11700	0.0	12600	0.0	13500	0.0	14400	0.0	15300	0.0	16200	0.0	17100	0.0	18000	0.0	18900	0.0	19800	0.0	20700	0.0	21600	0.0	22500	0.0	23400	0.0	24300	0.0	25200	0.0	26100	0.0	27000	0.0	27900	0.0	28800	0.0	29700	0.0	30600	0.0	31500	0.0	32400	0.0	33300	0.0	34200	0.0	35100	0.0	36000	0.0
411	0	445.14285714285717	900	446.22222222222223	1800	451.92857142857144	2700	450.5	3600	959.0357142857143	4500	2945.753424657534	5400	3156.4615384615386	6300	2878.9830508474574	7200	2414.8888888888887	8100	1831.448275862069	9000	1305.090909090909	9900	556.9285714285714	10800	445.2	11700	0.0	12600	0.0	13500	0.0	14400	0.0	15300	0.0	16200	0.0	17100	0.0	18000	0.0	18900	0.0	19800	0.0	20700	0.0	21600	0.0	22500	0.0	23400	0.0	24300	0.0	25200	0.0	26100	0.0	27000	0.0	27900	0.0	28800	0.0	29700	0.0	30600	0.0	31500	0.0	32400	0.0	33300	0.0	34200	0.0	35100	0.0	36000	0.0
901010	0	7.12707182320442	900	6.9491525423728815	1800	6.762430939226519	2700	184.4010989010989	3600	1169.867403314917	4500	1319.7105751391466	5400	1515.5824175824175	6300	1604.891364902507	7200	1543.7950138504154	8100	1680.2622950819673	9000	1408.4406779661017	9900	1405.2596685082874	10800	0.0	11700	0.0	12600	0.0	13500	0.0	14400	0.0	15300	0.0	16200	0.0	17100	0.0	18000	0.0	18900	0.0	19800	0.0	20700	0.0	21600	0.0	22500	0.0	23400	0.0	24300	0.0	25200	0.0	26100	0.0	27000	0.0	27900	0.0	28800	0.0	29700	0.0	30600	0.0	31500	0.0	32400	0.0	33300	0.0	34200	0.0	35100	0.0	36000	0.0
2215	0	187.56521739130434	900	190.83673469387756	1800	189.0	2700	200.36129032258066	3600	213.08379888268158	4500	252.59259259259258	5400	312.8114754098361	6300	243.24489795918367	7200	932.25	8100	1810.4878048780488	9000	1642.516129032258	9900	1101.5	10800	598.5882352941177	11700	186.0	12600	0.0	13500	0.0	14400	0.0	15300	0.0	16200	0.0	17100	0.0	18000	0.0	18900	0.0	19800	0.0	20700	0.0	21600	0.0	22500	0.0	23400	0.0	24300	0.0	25200	0.0	26100	0.0	27000	0.0	27900	0.0	28800	0.0	29700	0.0	30600	0.0	31500	0.0	32400	0.0	33300	0.0	34200	0.0	35100	0.0	36000	0.0
90022	0	6.0	900	6.8	1800	6.0	2700	6.529411764705882	3600	6.774193548387097	4500	7.043478260869565	5400	7.1020408163265305	6300	6.580645161290323	7200	6.545454545454546	8100	6.0	9000	6.0	9900	6.0	10800	0.0	11700	0.0	12600	0.0	13500	0.0	14400	0.0	15300	0.0	16200	0.0	17100	0.0	18000	0.0	18900	0.0	19800	0.0	20700	0.0	21600	0.0	22500	0.0	23400	0.0	24300	0.0	25200	0.0	26100	0.0	27000	0.0	27900	0.0	28800	0.0	29700	0.0	30600	0.0	31500	0.0	32400	0.0	33300	0.0	34200	0.0	35100	0.0	36000	0.0
168	0	473.57142857142856	900	473.265306122449	1800	475.6842105263158	2700	476.48	3600	493.0	4500	487.75	5400	538.5918367346939	6300	485.61038961038963	7200	493.2439024390244	8100	475.9	9000	481.59375	9900	473.60655737704917	10800	468.3333333333333	11700	472.57142857142856	12600	473.58620689655174	13500	469.07142857142856	14400	468.41379310344826	15300	469.7142857142857	16200	472.3448275862069	17100	472.8	18000	469.5	18900	0.0	19800	0.0	20700	0.0	21600	0.0	22500	0.0	23400	0.0	24300	0.0	25200	0.0	26100	0.0	27000	0.0	27900	0.0	28800	0.0	29700	0.0	30600	0.0	31500	0.0	32400	0.0	33300	0.0	34200	0.0	35100	0.0	36000	0.0
2220	0	359.53846153846155	900	358.6363636363636	1800	358.7142857142857	2700	359.3454545454546	3600	360.5882352941176	4500	360.53846153846155	5400	360.9113924050633	6300	359.8965517241379	7200	358.6666666666667	8100	358.32	9000	359.3076923076923	9900	358.9655172413793	10800	360.0	11700	0.0	12600	0.0	13500	0.0	14400	0.0	15300	0.0	16200	0.0	17100	0.0	18000	0.0	18900	0.0	19800	0.0	20700	0.0	21600	0.0	22500	0.0	23400	0.0	24300	0.0	25200	0.0	26100	0.0	27000	0.0	27900	0.0	28800	0.0	29700	0.0	30600	0.0	31500	0.0	32400	0.0	33300	0.0	34200	0.0	35100	0.0	36000	0.0
2221	0	145.83333333333334	900	142.44	1800	144.58064516129033	2700	145.3783783783784	3600	150.50467289719626	4500	179.33823529411765	5400	221.30434782608697	6300	210.2051282051282	7200	150.34710743801654	8100	144.60759493670886	9000	143.54545454545453	9900	144.2	10800	142.43478260869566	11700	142.42105263157896	12600	142.10526315789474	13500	142.5	14400	0.0	15300	0.0	16200	0.0	17100	0.0	18000	0.0	18900	0.0	19800	0.0	20700	0.0	21600	0.0	22500	0.0	23400	0.0	24300	0.0	25200	0.0	26100	0.0	27000	0.0	27900	0.0	28800	0.0	29700	0.0	30600	0.0	31500	0.0	32400	0.0	33300	0.0	34200	0.0	35100	0.0	36000	0.0
1710	0	0.0	900	0.0	1800	0.0	2700	0.0	3600	0.0	4500	0.0	5400	0.0	6300	0.0	7200	0.0	8100	0.0	9000	0.0	9900	0.0	10800	0.0	11700	0.0	12600	0.0	13500	0.0	14400	0.0	15300	0.0	16200	0.0	17100	0.0	18000	0.0	18900	0.0	19800	0.0	20700	0.0	21600	0.0	22500	0.0	23400	0.0	24300	0.0	25200	0.0	26100	0.0	27000	0.0	27900	0.0	28800	0.0	29700	0.0	30600	0.0	31500	0.0	32400	0.0	33300	0.0	34200	0.0	35100	0.0	36000	0.0
2223	0	292.22222222222223	900	292.4	1800	292.8837209302326	2700	296.4375	3600	300.49411764705883	4500	303.3333333333333	5400	301.4727272727273	6300	296.93333333333334	7200	296.8	8100	294.3103448275862	9000	293.14285714285717	9900	295.3333333333333	10800	291.4736842105263	11700	293.25	12600	290.0	13500	291.0	14400	0.0	15300	0.0	16200	0.0	17100	0.0	18000	0.0	18900	0.0	19800	0.0	20700	0.0	21600	0.0	22500	0.0	23400	0.0	24300	0.0	25200	0.0	26100	0.0	27000	0.0	27900	0.0	28800	0.0	29700	0.0	30600	0.0	31500	0.0	32400	0.0	33300	0.0	34200	0.0	35100	0.0	36000	0.0
90033	0	6.0	900	6.0	1800	6.0	2700	6.0	3600	6.0	4500	6.0	5400	6.0	6300	6.0	7200	6.0	8100	6.0	9000	6.0	9900	6.0	10800	0.0	11700	0.0	12600	0.0	13500	0.0	14400	0.0	15300	0.0	16200	0.0	17100	0.0	18000	0.0	18900	0.0	19800	0.0	20700	0.0	21600	0.0	22500	0.0	23400	0.0	24300	0.0	25200	0.0	26100	0.0	27000	0.0	27900	0.0	28800	0.0	29700	0.0	30600	0.0	31500	0.0	32400	0.0	33300	0.0	34200	0.0	35100	0.0	36000	0.0
1519015	0	6.0	900	6.0	1800	6.0	2700	6.0	3600	6.0	4500	6.0	5400	6.0	6300	6.0	7200	6.0	8100	6.0	9000	6.0	9900	6.0	10800	6.0	11700	6.0	12600	6.0	13500	6.0	14400	0.0	15300	0.0	16200	0.0	17100	0.0	18000	0.0	18900	0.0	19800	0.0	20700	0.0	21600	0.0	22500	0.0	23400	0.0	24300	0.0	25200	0.0	26100	0.0	27000	0.0	27900	0.0	28800	0.0	29700	0.0	30600	0.0	31500	0.0	32400	0.0	33300	0.0	34200	0.0	35100	0.0	36000	0.0
1716	0	147.6	900	148.3846153846154	1800	145.625	2700	191.33333333333334	3600	301.1063829787234	4500	321.48091603053433	5400	323.1297709923664	6300	323.31297709923666	7200	320.0769230769231	8100	317.6793893129771	9000	275.7457627118644	9900	162.55555555555554	10800	146.03225806451613	11700	144.0	12600	143.36363636363637	13500	142.62857142857143	14400	142.47619047619048	15300	142.54545454545453	16200	144.0	17100	142.83870967741936	18000	142.95	18900	0.0	19800	0.0	20700	0.0	21600	0.0	22500	0.0	23400	0.0	24300	0.0	25200	0.0	26100	0.0	27000	0.0	27900	0.0	28800	0.0	29700	0.0	30600	0.0	31500	0.0	32400	0.0	33300	0.0	34200	0.0	35100	0.0	36000	0.0
1719	0	160.6153846153846	900	160.71428571428572	1800	156.0705882352941	2700	231.8695652173913	3600	341.5081967213115	4500	342.1487603305785	5400	342.15	6300	342.0	7200	341.95	8100	342.05	9000	341.9504132231405	9900	342.0	10800	342.0	11700	342.0	12600	332.25	13500	156.42857142857142	14400	153.69230769230768	15300	153.0	16200	152.57142857142858	17100	0.0	18000	0.0	18900	0.0	19800	0.0	20700	0.0	21600	0.0	22500	0.0	23400	0.0	24300	0.0	25200	0.0	26100	0.0	27000	0.0	27900	0.0	28800	0.0	29700	0.0	30600	0.0	31500	0.0	32400	0.0	33300	0.0	34200	0.0	35100	0.0	36000	0.0
901818	0	6.0	900	6.0	1800	6.0	2700	6.0	3600	6.0	4500	6.0	5400	6.0	6300	6.0	7200	6.0	8100	6.0	9000	6.0	9900	6.0	10800	0.0	11700	0.0	12600	0.0	13500	0.0	14400	0.0	15300	0.0	16200	0.0	17100	0.0	18000	0.0	18900	0.0	19800	0.0	20700	0.0	21600	0.0	22500	0.0	23400	0.0	24300	0.0	25200	0.0	26100	0.0	27000	0.0	27900	0.0	28800	0.0	29700	0.0	30600	0.0	31500	0.0	32400	0.0	33300	0.0	34200	0.0	35100	0.0	36000	0.0
419004	0	6.0	900	6.0	1800	6.0	2700	6.0	3600	6.0	4500	6.0	5400	6.0	6300	6.0	7200	6.0	8100	6.0	9000	6.0	9900	6.0	10800	6.0	11700	6.0	12600	6.0	13500	6.0	14400	6.0	15300	0.0	16200	0.0	17100	0.0	18000	0.0	18900	0.0	19800	0.0	20700	0.0	21600	0.0	22500	0.0	23400	0.0	24300	0.0	25200	0.0	26100	0.0	27000	0.0	27900	0.0	28800	0.0	29700	0.0	30600	0.0	31500	0.0	32400	0.0	33300	0.0	34200	0.0	35100	0.0	36000	0.0
1211	0	447.0967741935484	900	445.5	1800	447.88235294117646	2700	449.5652173913044	3600	704.3333333333334	4500	1114.1052631578948	5400	976.3689320388349	6300	3193.150684931507	7200	3985.0588235294117	8100	3530.4285714285716	9000	2926.3636363636365	9900	2278.0	10800	1803.0	11700	0.0	12600	0.0	13500	0.0	14400	0.0	15300	0.0	16200	0.0	17100	0.0	18000	0.0	18900	0.0	19800	0.0	20700	0.0	21600	0.0	22500	0.0	23400	0.0	24300	0.0	25200	0.0	26100	0.0	27000	0.0	27900	0.0	28800	0.0	29700	0.0	30600	0.0	31500	0.0	32400	0.0	33300	0.0	34200	0.0	35100	0.0	36000	0.0
187	0	126.0	900	126.0	1800	126.0	2700	126.06741573033707	3600	126.14634146341463	4500	126.19867549668874	5400	126.14285714285714	6300	126.04	7200	126.0	8100	126.0	9000	126.0	9900	126.0	10800	126.0	11700	126.0	12600	126.0	13500	126.0	14400	126.0	15300	126.0	16200	126.0	17100	126.0	18000	126.0	18900	0.0	19800	0.0	20700	0.0	21600	0.0	22500	0.0	23400	0.0	24300	0.0	25200	0.0	26100	0.0	27000	0.0	27900	0.0	28800	0.0	29700	0.0	30600	0.0	31500	0.0	32400	0.0	33300	0.0	34200	0.0	35100	0.0	36000	0.0
1213	0	187.27272727272728	900	186.3673469387755	1800	186.375	2700	187.69411764705882	3600	187.3469387755102	4500	190.37593984962405	5400	218.66666666666666	6300	192.27480916030535	7200	187.25	8100	186.66666666666666	9000	186.47058823529412	9900	186.6	10800	187.2	11700	186.0	12600	0.0	13500	0.0	14400	186.0	15300	186.0	16200	186.0	17100	186.0	18000	186.0	18900	186.0	19800	186.0	20700	0.0	21600	0.0	22500	0.0	23400	0.0	24300	0.0	25200	0.0	26100	0.0	27000	0.0	27900	0.0	28800	0.0	29700	0.0	30600	0.0	31500	0.0	32400	0.0	33300	0.0	34200	0.0	35100	0.0	36000	0.0
90044	0	6.127659574468085	900	6.127659574468085	1800	6.244897959183674	2700	6.717391304347826	3600	6.319148936170213	4500	9.153284671532846	5400	8.058394160583942	6300	6.75	7200	6.315789473684211	8100	6.2727272727272725	9000	6.612244897959184	9900	6.260869565217392	10800	6.0	11700	0.0	12600	0.0	13500	0.0	14400	0.0	15300	0.0	16200	0.0	17100	0.0	18000	0.0	18900	0.0	19800	0.0	20700	0.0	21600	0.0	22500	0.0	23400	0.0	24300	0.0	25200	0.0	26100	0.0	27000	0.0	27900	0.0	28800	0.0	29700	0.0	30600	0.0	31500	0.0	32400	0.0	33300	0.0	34200	0.0	35100	0.0	36000	0.0
902323	0	6.526315789473684	900	6.444444444444445	1800	6.6	2700	7.293103448275862	3600	7.241379310344827	4500	8.140350877192983	5400	8.982857142857142	6300	7.538461538461538	7200	8.548672566371682	8100	7.11864406779661	9000	6.724137931034483	9900	7.137931034482759	10800	6.0	11700	0.0	12600	0.0	13500	0.0	14400	0.0	15300	0.0	16200	0.0	17100	0.0	18000	0.0	18900	0.0	19800	0.0	20700	0.0	21600	0.0	22500	0.0	23400	0.0	24300	0.0	25200	0.0	26100	0.0	27000	0.0	27900	0.0	28800	0.0	29700	0.0	30600	0.0	31500	0.0	32400	0.0	33300	0.0	34200	0.0	35100	0.0	36000	0.0
90055	0	6.24	900	6.0	1800	6.24	2700	6.73469387755102	3600	6.612244897959184	4500	6.328767123287672	5400	6.328767123287672	6300	6.375	7200	6.48	8100	6.0	9000	6.0	9900	6.0	10800	0.0	11700	0.0	12600	0.0	13500	0.0	14400	0.0	15300	0.0	16200	0.0	17100	0.0	18000	0.0	18900	0.0	19800	0.0	20700	0.0	21600	0.0	22500	0.0	23400	0.0	24300	0.0	25200	0.0	26100	0.0	27000	0.0	27900	0.0	28800	0.0	29700	0.0	30600	0.0	31500	0.0	32400	0.0	33300	0.0	34200	0.0	35100	0.0	36000	0.0
901313	0	6.421052631578948	900	6.305084745762712	1800	6.39344262295082	2700	6.6	3600	7.043478260869565	4500	7.151162790697675	5400	9.932203389830509	6300	7.396551724137931	7200	6.85	8100	6.967741935483871	9000	6.590163934426229	9900	6.610169491525424	10800	0.0	11700	0.0	12600	0.0	13500	0.0	14400	0.0	15300	0.0	16200	0.0	17100	0.0	18000	0.0	18900	0.0	19800	0.0	20700	0.0	21600	0.0	22500	0.0	23400	0.0	24300	0.0	25200	0.0	26100	0.0	27000	0.0	27900	0.0	28800	0.0	29700	0.0	30600	0.0	31500	0.0	32400	0.0	33300	0.0	34200	0.0	35100	0.0	36000	0.0
718	0	126.0	900	126.0	1800	126.0	2700	126.06	3600	126.05	4500	126.15286624203821	5400	126.1863354037267	6300	126.0909090909091	7200	126.15789473684211	8100	126.0	9000	126.0	9900	126.0	10800	126.0	11700	126.0	12600	0.0	13500	0.0	14400	0.0	15300	0.0	16200	0.0	17100	0.0	18000	0.0	18900	0.0	19800	0.0	20700	0.0	21600	0.0	22500	0.0	23400	0.0	24300	0.0	25200	0.0	26100	0.0	27000	0.0	27900	0.0	28800	0.0	29700	0.0	30600	0.0	31500	0.0	32400	0.0	33300	0.0	34200	0.0	35100	0.0	36000	0.0
2019020	0	6.0	900	6.0	1800	6.0	2700	6.0	3600	6.0	4500	6.0	5400	6.0	6300	6.0	7200	6.0	8100	6.0	9000	6.0	9900	6.0	10800	6.0	11700	6.0	12600	6.0	13500	6.0	14400	6.0	15300	6.0	16200	6.0	17100	6.0	18000	0.0	18900	0.0	19800	0.0	20700	0.0	21600	0.0	22500	0.0	23400	0.0	24300	0.0	25200	0.0	26100	0.0	27000	0.0	27900	0.0	28800	0.0	29700	0.0	30600	0.0	31500	0.0	32400	0.0	33300	0.0	34200	0.0	35100	0.0	36000	0.0
90066	0	6.4	900	6.214285714285714	1800	6.428571428571429	2700	7.238095238095238	3600	6.857142857142857	4500	7.630434782608695	5400	9.101123595505618	6300	7.475409836065574	7200	8.516129032258064	8100	7.285714285714286	9000	7.285714285714286	9900	6.857142857142857	10800	0.0	11700	0.0	12600	0.0	13500	0.0	14400	0.0	15300	0.0	16200	0.0	17100	0.0	18000	0.0	18900	0.0	19800	0.0	20700	0.0	21600	0.0	22500	0.0	23400	0.0	24300	0.0	25200	0.0	26100	0.0	27000	0.0	27900	0.0	28800	0.0	29700	0.0	30600	0.0	31500	0.0	32400	0.0	33300	0.0	34200	0.0	35100	0.0	36000	0.0
1219012	0	6.0	900	6.0	1800	6.0	2700	6.0	3600	6.0	4500	6.0	5400	6.0	6300	6.0	7200	6.0	8100	6.0	9000	6.0	9900	6.0	10800	6.0	11700	6.0	12600	6.0	13500	6.0	14400	6.0	15300	6.0	16200	6.0	17100	6.0	18000	6.0	18900	6.0	19800	6.0	20700	0.0	21600	0.0	22500	0.0	23400	0.0	24300	0.0	25200	0.0	26100	0.0	27000	0.0	27900	0.0	28800	0.0	29700	0.0	30600	0.0	31500	0.0	32400	0.0	33300	0.0	34200	0.0	35100	0.0	36000	0.0
119001	0	6.0	900	6.0	1800	6.0	2700	6.0	3600	6.0	4500	6.0	5400	6.0	6300	6.0	7200	6.0	8100	6.0	9000	6.0	9900	6.0	10800	6.0	11700	6.0	12600	6.0	13500	0.0	14400	0.0	15300	0.0	16200	0.0	17100	0.0	18000	0.0	18900	0.0	19800	0.0	20700	0.0	21600	0.0	22500	0.0	23400	0.0	24300	0.0	25200	0.0	26100	0.0	27000	0.0	27900	0.0	28800	0.0	29700	0.0	30600	0.0	31500	0.0	32400	0.0	33300	0.0	34200	0.0	35100	0.0	36000	0.0
90077	0	6.122448979591836	900	6.244897959183674	1800	6.122448979591836	2700	6.0638297872340425	3600	6.258064516129032	4500	6.328767123287672	5400	6.537931034482758	6300	6.183673469387755	7200	6.126315789473685	8100	6.115384615384615	9000	6.0	9900	6.122448979591836	10800	0.0	11700	0.0	12600	0.0	13500	0.0	14400	0.0	15300	0.0	16200	0.0	17100	0.0	18000	0.0	18900	0.0	19800	0.0	20700	0.0	21600	0.0	22500	0.0	23400	0.0	24300	0.0	25200	0.0	26100	0.0	27000	0.0	27900	0.0	28800	0.0	29700	0.0	30600	0.0	31500	0.0	32400	0.0	33300	0.0	34200	0.0	35100	0.0	36000	0.0
2018	0	246.0	900	246.0	1800	246.0952380952381	2700	246.05504587155963	3600	246.04918032786884	4500	246.20111731843576	5400	246.0677966101695	6300	246.04347826086956	7200	246.1	8100	246.0	9000	246.0	9900	246.0	10800	246.0	11700	0.0	12600	0.0	13500	0.0	14400	0.0	15300	0.0	16200	0.0	17100	0.0	18000	0.0	18900	0.0	19800	0.0	20700	0.0	21600	0.0	22500	0.0	23400	0.0	24300	0.0	25200	0.0	26100	0.0	27000	0.0	27900	0.0	28800	0.0	29700	0.0	30600	0.0	31500	0.0	32400	0.0	33300	0.0	34200	0.0	35100	0.0	36000	0.0
2019	0	291.7142857142857	900	294.27272727272725	1800	293.1818181818182	2700	293.4418604651163	3600	295.8	4500	308.7	5400	309.23809523809524	6300	297.5121951219512	7200	302.6341463414634	8100	309.0	9000	294.3157894736842	9900	294.57142857142856	10800	0.0	11700	0.0	12600	0.0	13500	0.0	14400	0.0	15300	0.0	16200	0.0	17100	0.0	18000	0.0	18900	0.0	19800	0.0	20700	0.0	21600	0.0	22500	0.0	23400	0.0	24300	0.0	25200	0.0	26100	0.0	27000	0.0	27900	0.0	28800	0.0	29700	0.0	30600	0.0	31500	0.0	32400	0.0	33300	0.0	34200	0.0	35100	0.0	36000	0.0
902121	0	6.4186046511627906	900	6.8	1800	6.27906976744186	2700	6.627906976744186	3600	6.689655172413793	4500	7.534883720930233	5400	8.0	6300	7.674418604651163	7200	7.103448275862069	8100	6.51063829787234	9000	6.2727272727272725	9900	6.260869565217392	10800	0.0	11700	0.0	12600	0.0	13500	0.0	14400	0.0	15300	0.0	16200	0.0	17100	0.0	18000	0.0	18900	0.0	19800	0.0	20700	0.0	21600	0.0	22500	0.0	23400	0.0	24300	0.0	25200	0.0	26100	0.0	27000	0.0	27900	0.0	28800	0.0	29700	0.0	30600	0.0	31500	0.0	32400	0.0	33300	0.0	34200	0.0	35100	0.0	36000	0.0
2021	0	433.38461538461536	900	431.45454545454544	1800	430.7142857142857	2700	431.75	3600	431.58620689655174	4500	433.0	5400	432.7894736842105	6300	432.3529411764706	7200	431.7692307692308	8100	431.6666666666667	9000	432.375	9900	431.25	10800	432.0	11700	0.0	12600	0.0	13500	0.0	14400	0.0	15300	0.0	16200	0.0	17100	0.0	18000	0.0	18900	0.0	19800	0.0	20700	0.0	21600	0.0	22500	0.0	23400	0.0	24300	0.0	25200	0.0	26100	0.0	27000	0.0	27900	0.0	28800	0.0	29700	0.0	30600	0.0	31500	0.0	32400	0.0	33300	0.0	34200	0.0	35100	0.0	36000	0.0
1510	0	366.0	900	366.0	1800	366.125	2700	366.0810810810811	3600	366.2758620689655	4500	366.39344262295083	5400	366.2926829268293	6300	366.1565217391304	7200	366.14814814814815	8100	366.0	9000	366.0	9900	366.0	10800	366.0	11700	0.0	12600	0.0	13500	0.0	14400	0.0	15300	0.0	16200	0.0	17100	0.0	18000	0.0	18900	0.0	19800	0.0	20700	0.0	21600	0.0	22500	0.0	23400	0.0	24300	0.0	25200	0.0	26100	0.0	27000	0.0	27900	0.0	28800	0.0	29700	0.0	30600	0.0	31500	0.0	32400	0.0	33300	0.0	34200	0.0	35100	0.0	36000	0.0
2022	0	360.8	900	359.7	1800	358.6666666666667	2700	360.6666666666667	3600	360.46153846153845	4500	364.2692307692308	5400	363.76271186440675	6300	363.6585365853659	7200	362.4	8100	357.6	9000	363.42857142857144	9900	359.0769230769231	10800	360.0	11700	357.0	12600	0.0	13500	0.0	14400	0.0	15300	0.0	16200	0.0	17100	0.0	18000	0.0	18900	0.0	19800	0.0	20700	0.0	21600	0.0	22500	0.0	23400	0.0	24300	0.0	25200	0.0	26100	0.0	27000	0.0	27900	0.0	28800	0.0	29700	0.0	30600	0.0	31500	0.0	32400	0.0	33300	0.0	34200	0.0	35100	0.0	36000	0.0
90088	0	6.818181818181818	900	7.090909090909091	1800	7.875	2700	9.2	3600	9.10948905109489	4500	234.9795918367347	5400	595.0552763819095	6300	810.9022556390977	7200	888.3206106870228	8100	823.9714285714285	9000	548.6865671641791	9900	375.375	10800	6.0	11700	0.0	12600	0.0	13500	0.0	14400	0.0	15300	0.0	16200	0.0	17100	0.0	18000	0.0	18900	0.0	19800	0.0	20700	0.0	21600	0.0	22500	0.0	23400	0.0	24300	0.0	25200	0.0	26100	0.0	27000	0.0	27900	0.0	28800	0.0	29700	0.0	30600	0.0	31500	0.0	32400	0.0	33300	0.0	34200	0.0	35100	0.0	36000	0.0
1514	0	356.2857142857143	900	355.8	1800	356.7096774193548	2700	356.4230769230769	3600	358.2857142857143	4500	357.9428571428571	5400	358.9230769230769	6300	358.22222222222223	7200	358.6551724137931	8100	357.1764705882353	9000	355.4594594594595	9900	356.3636363636364	10800	355.84615384615387	11700	356.5	12600	356.1818181818182	13500	356.4	14400	0.0	15300	0.0	16200	0.0	17100	0.0	18000	0.0	18900	0.0	19800	0.0	20700	0.0	21600	0.0	22500	0.0	23400	0.0	24300	0.0	25200	0.0	26100	0.0	27000	0.0	27900	0.0	28800	0.0	29700	0.0	30600	0.0	31500	0.0	32400	0.0	33300	0.0	34200	0.0	35100	0.0	36000	0.0
1519	0	187.76470588235293	900	191.26666666666668	1800	190.9090909090909	2700	320.2453987730061	3600	1762.982456140351	4500	3854.4	5400	5144.644444444444	6300	5688.2830188679245	7200	5765.050359712231	8100	5350.0615384615385	9000	4680.9320388349515	9900	4315.306930693069	10800	3938.9217391304346	11700	3217.5	12600	2754.0	13500	0.0	14400	0.0	15300	0.0	16200	0.0	17100	0.0	18000	0.0	18900	0.0	19800	0.0	20700	0.0	21600	0.0	22500	0.0	23400	0.0	24300	0.0	25200	0.0	26100	0.0	27000	0.0	27900	0.0	28800	0.0	29700	0.0	30600	0.0	31500	0.0	32400	0.0	33300	0.0	34200	0.0	35100	0.0	36000	0.0
919009	0	6.0	900	6.0	1800	6.0	2700	6.0	3600	6.0	4500	6.0	5400	6.0	6300	6.0	7200	6.0	8100	6.0	9000	6.0	9900	6.0	10800	6.0	11700	6.0	12600	6.0	13500	6.0	14400	6.0	15300	6.0	16200	6.0	17100	6.0	18000	6.0	18900	6.0	19800	0.0	20700	0.0	21600	0.0	22500	0.0	23400	0.0	24300	0.0	25200	0.0	26100	0.0	27000	0.0	27900	0.0	28800	0.0	29700	0.0	30600	0.0	31500	0.0	32400	0.0	33300	0.0	34200	0.0	35100	0.0	36000	0.0
1522	0	193.57894736842104	900	189.6734693877551	1800	194.66086956521738	2700	211.22222222222223	3600	216.12307692307692	4500	258.12048192771084	5400	309.1951219512195	6300	314.75	7200	258.9428571428571	8100	211.6265060240964	9000	190.09615384615384	9900	191.75806451612902	10800	187.5	11700	186.0	12600	186.0	13500	186.0	14400	0.0	15300	0.0	16200	0.0	17100	0.0	18000	0.0	18900	0.0	19800	0.0	20700	0.0	21600	0.0	22500	0.0	23400	0.0	24300	0.0	25200	0.0	26100	0.0	27000	0.0	27900	0.0	28800	0.0	29700	0.0	30600	0.0	31500	0.0	32400	0.0	33300	0.0	34200	0.0	35100	0.0	36000	0.0
90099	0	6.09375	900	6.0	1800	6.190476190476191	2700	6.046153846153846	3600	6.0458015267175576	4500	6.186528497409326	5400	6.333333333333333	6300	6.142857142857143	7200	6.318181818181818	8100	6.1	9000	6.0	9900	6.0	10800	0.0	11700	0.0	12600	0.0	13500	0.0	14400	0.0	15300	0.0	16200	0.0	17100	0.0	18000	0.0	18900	0.0	19800	0.0	20700	0.0	21600	0.0	22500	0.0	23400	0.0	24300	0.0	25200	0.0	26100	0.0	27000	0.0	27900	0.0	28800	0.0	29700	0.0	30600	0.0	31500	0.0	32400	0.0	33300	0.0	34200	0.0	35100	0.0	36000	0.0
1011	0	306.95238095238096	900	307.943661971831	1800	308.5925925925926	2700	322.2	3600	326.6222222222222	4500	386.36756756756756	5400	433.2631578947368	6300	374.9763779527559	7200	322.42335766423355	8100	307.5584415584416	9000	309.63157894736844	9900	307.47945205479454	10800	306.27272727272725	11700	306.0	12600	306.0	13500	306.0	14400	306.0	15300	306.0	16200	306.0	17100	306.0	18000	306.0	18900	306.0	19800	0.0	20700	0.0	21600	0.0	22500	0.0	23400	0.0	24300	0.0	25200	0.0	26100	0.0	27000	0.0	27900	0.0	28800	0.0	29700	0.0	30600	0.0	31500	0.0	32400	0.0	33300	0.0	34200	0.0	35100	0.0	36000	0.0
1719017	0	6.0	900	6.0	1800	6.0	2700	6.0	3600	6.0	4500	6.0	5400	6.0	6300	6.0	7200	6.0	8100	6.0	9000	6.0	9900	6.0	10800	6.0	11700	6.0	12600	6.0	13500	6.0	14400	6.0	15300	6.0	16200	6.0	17100	6.0	18000	6.0	18900	0.0	19800	0.0	20700	0.0	21600	0.0	22500	0.0	23400	0.0	24300	0.0	25200	0.0	26100	0.0	27000	0.0	27900	0.0	28800	0.0	29700	0.0	30600	0.0	31500	0.0	32400	0.0	33300	0.0	34200	0.0	35100	0.0	36000	0.0
1015	0	366.3157894736842	900	366.10714285714283	1800	366.1034482758621	2700	366.6605504587156	3600	366.7	4500	368.15294117647056	5400	370.13793103448273	6300	367.38461538461536	7200	366.7563025210084	8100	366.46153846153845	9000	366.2142857142857	9900	366.0	10800	366.0	11700	0.0	12600	0.0	13500	0.0	14400	0.0	15300	0.0	16200	0.0	17100	0.0	18000	0.0	18900	0.0	19800	0.0	20700	0.0	21600	0.0	22500	0.0	23400	0.0	24300	0.0	25200	0.0	26100	0.0	27000	0.0	27900	0.0	28800	0.0	29700	0.0	30600	0.0	31500	0.0	32400	0.0	33300	0.0	34200	0.0	35100	0.0	36000	0.0
619006	0	6.0	900	6.0	1800	6.0	2700	6.0	3600	6.0	4500	6.0	5400	6.0	6300	6.0	7200	6.0	8100	6.0	9000	6.0	9900	6.0	10800	6.0	11700	6.0	12600	6.0	13500	6.0	14400	6.0	15300	6.0	16200	6.0	17100	6.0	18000	6.0	18900	0.0	19800	0.0	20700	0.0	21600	0.0	22500	0.0	23400	0.0	24300	0.0	25200	0.0	26100	0.0	27000	0.0	27900	0.0	28800	0.0	29700	0.0	30600	0.0	31500	0.0	32400	0.0	33300	0.0	34200	0.0	35100	0.0	36000	0.0
1016	0	410.2258064516129	900	415.4634146341463	1800	432.88	2700	601.0714285714286	3600	676.4827586206897	4500	669.4772727272727	5400	661.3186813186813	6300	673.0909090909091	7200	677.6551724137931	8100	672.5393258426966	9000	664.0227272727273	9900	650.9347826086956	10800	665.3333333333334	11700	670.4318181818181	12600	677.8620689655172	13500	671.5955056179776	14400	656.9333333333333	15300	670.9213483146067	16200	669.0	17100	0.0	18000	0.0	18900	0.0	19800	0.0	20700	0.0	21600	0.0	22500	0.0	23400	0.0	24300	0.0	25200	0.0	26100	0.0	27000	0.0	27900	0.0	28800	0.0	29700	0.0	30600	0.0	31500	0.0	32400	0.0	33300	0.0	34200	0.0	35100	0.0	36000	0.0
1017	0	0.0	900	0.0	1800	0.0	2700	0.0	3600	0.0	4500	0.0	5400	0.0	6300	0.0	7200	0.0	8100	0.0	9000	0.0	9900	0.0	10800	0.0	11700	0.0	12600	0.0	13500	0.0	14400	0.0	15300	0.0	16200	0.0	17100	0.0	18000	0.0	18900	0.0	19800	0.0	20700	0.0	21600	0.0	22500	0.0	23400	0.0	24300	0.0	25200	0.0	26100	0.0	27000	0.0	27900	0.0	28800	0.0	29700	0.0	30600	0.0	31500	0.0	32400	0.0	33300	0.0	34200	0.0	35100	0.0	36000	0.0
901111	0	6.741573033707865	900	6.954545454545454	1800	7.434782608695652	2700	8.576271186440678	3600	7.9772727272727275	4500	18.917910447761194	5400	100.17100371747212	6300	65.14772727272727	7200	16.726256983240223	8100	8.089887640449438	9000	8.206896551724139	9900	7.787234042553192	10800	0.0	11700	0.0	12600	0.0	13500	0.0	14400	0.0	15300	0.0	16200	0.0	17100	0.0	18000	0.0	18900	0.0	19800	0.0	20700	0.0	21600	0.0	22500	0.0	23400	0.0	24300	0.0	25200	0.0	26100	0.0	27000	0.0	27900	0.0	28800	0.0	29700	0.0	30600	0.0	31500	0.0	32400	0.0	33300	0.0	34200	0.0	35100	0.0	36000	0.0
901616	0	7.922330097087379	900	9.823529411764707	1800	11.037735849056604	2700	2239.710144927536	3600	3145.326923076923	4500	3062.3578274760384	5400	3216.7597402597403	6300	3185.8285714285716	7200	3173.1469194312795	8100	3018.3529411764707	9000	2736.336448598131	9900	2617.4716981132074	10800	12.0	11700	0.0	12600	0.0	13500	0.0	14400	0.0	15300	0.0	16200	0.0	17100	0.0	18000	0.0	18900	0.0	19800	0.0	20700	0.0	21600	0.0	22500	0.0	23400	0.0	24300	0.0	25200	0.0	26100	0.0	27000	0.0	27900	0.0	28800	0.0	29700	0.0	30600	0.0	31500	0.0	32400	0.0	33300	0.0	34200	0.0	35100	0.0	36000	0.0
