29479	6	1.0	902424	2421	2122	2215	1510	1019010
29183	4	1.0	902424	2413	1312	1219012
29297	3	1.0	902424	2413	1319013
29253	5	1.0	902424	2421	2122	2215	1519015
28851	3	1.0	902424	2421	2119021
29265	4	1.0	902424	2421	2122	2219022
29521	3	1.0	902424	2423	2319023
29353	7	1.0	902424	2421	2120	2018	187	78	819008
29093	3	1.0	90011	12	219002
31184	3	1.0	90011	13	319003
29143	4	1.0	90011	13	34	419004
29569	4	1.0	90011	12	26	619006
29141	6	1.0	90011	12	26	68	87	719007
29341	5	1.0	90011	12	26	68	819008
29671	6	1.0	90011	13	34	45	59	919009
29289	7	1.0	90011	13	34	45	59	910	1019010
29377	5	1.0	90011	13	34	411	1119011
29557	4	1.0	90011	13	312	1219012
29099	5	1.0	90011	13	312	1213	1319013
29515	6	1.0	90011	13	34	411	1114	1419014
29361	7	1.0	90011	13	34	411	1114	1415	1519015
29197	6	1.0	90011	12	26	68	816	1619016
29527	7	1.0	90011	12	26	68	816	1617	1719017
29359	7	1.0	90011	12	26	68	87	718	1819018
29599	8	1.0	90011	12	26	68	816	1617	1719	1919019
29261	8	1.0	90011	12	26	68	87	718	1820	2019020
29097	7	1.0	90011	13	312	1213	1324	2421	2119021
28867	8	1.0	90011	13	312	1213	1324	2421	2122	2219022
29209	7	1.0	90011	13	312	1213	1324	2423	2319023
29159	6	1.0	90011	13	312	1213	1324	2419024
29485	3	1.0	90022	21	119001
29455	5	1.0	90022	26	65	54	419004
30469	3	1.0	90022	26	619006
29673	5	1.0	90022	26	68	87	719007
29571	4	1.0	90022	26	68	819008
29744	5	1.0	90022	26	65	59	919009
29417	6	1.0	90022	26	68	816	1610	1019010
28861	6	1.0	90022	26	65	54	411	1119011
29615	5	1.0	90022	21	13	312	1219012
29718	6	1.0	90022	21	13	312	1213	1319013
29655	7	1.0	90022	26	65	54	411	1114	1419014
29351	8	1.0	90022	26	68	816	1617	1719	1915	1519015
29345	5	1.0	90022	26	68	816	1619016
29477	6	1.0	90022	26	68	816	1617	1719017
29187	7	1.0	90022	26	68	816	1617	1719	1919019
29633	7	1.0	90022	26	68	87	718	1820	2019020
29435	8	1.0	90022	26	68	87	718	1820	2022	2219022
29971	3	1.0	90033	31	119001
29853	3	1.0	90033	34	419004
29904	5	1.0	90033	34	45	56	619006
29613	7	1.0	90033	34	45	56	68	87	719007
29519	6	1.0	90033	34	45	56	68	819008
29994	5	1.0	90033	34	45	59	919009
28925	6	1.0	90033	34	45	59	910	1019010
29661	4	1.0	90033	34	411	1119011
29965	3	1.0	90033	312	1219012
30292	4	1.0	90033	312	1213	1319013
29573	5	1.0	90033	34	411	1114	1419014
28957	8	1.0	90033	312	1213	1324	2421	2122	2215	1519015
29431	7	1.0	90033	34	45	56	68	816	1619016
29007	8	1.0	90033	34	45	56	68	816	1617	1719017
29257	7	1.0	90033	312	1213	1324	2421	2122	2219022
29914	6	1.0	90033	312	1213	1324	2423	2319023
29251	4	1.0	90044	43	31	119001
29617	5	1.0	90044	45	56	62	219002
29545	3	1.0	90044	43	319003
29399	4	1.0	90044	45	56	619006
29463	6	1.0	90044	45	56	68	87	719007
29611	5	1.0	90044	45	56	68	819008
29309	4	1.0	90044	45	59	919009
28881	5	1.0	90044	45	59	910	1019010
29393	3	1.0	90044	411	1119011
28921	4	1.0	90044	43	312	1219012
29127	5	1.0	90044	43	312	1213	1319013
29301	4	1.0	90044	411	1114	1419014
29533	5	1.0	90044	411	1114	1415	1519015
29285	6	1.0	90044	45	56	68	816	1619016
29307	7	1.0	90044	45	56	68	816	1617	1719017
29607	8	1.0	90044	45	56	68	816	1617	1719	1919019
29523	8	1.0	90044	45	56	68	87	718	1820	2019020
29647	7	1.0	90044	43	312	1213	1324	2421	2119021
29191	6	1.0	90044	411	1114	1423	2322	2219022
29639	5	1.0	90044	411	1114	1423	2319023
29637	6	1.0	90044	43	312	1213	1324	2419024
29003	4	1.0	90055	59	910	1019010
29139	5	1.0	90055	54	411	1114	1419014
29381	7	1.0	90055	59	910	1015	1522	2221	2119021
29649	4	1.0	90066	62	21	119001
30792	3	1.0	90066	62	219002
31418	5	1.0	90066	65	54	43	319003
29337	4	1.0	90066	65	54	419004
28999	4	1.0	90066	68	87	719007
29221	3	1.0	90066	68	819008
29323	4	1.0	90066	65	59	919009
29089	5	1.0	90066	68	816	1610	1019010
29275	5	1.0	90066	65	54	411	1119011
29149	6	1.0	90066	65	54	43	312	1219012
29551	7	1.0	90066	65	54	43	312	1213	1319013
29641	6	1.0	90066	65	54	411	1114	1419014
29027	7	1.0	90066	68	816	1617	1719	1915	1519015
28849	4	1.0	90066	68	816	1619016
29437	5	1.0	90066	68	816	1617	1719017
29535	6	1.0	90066	68	816	1617	1719	1919019
29277	6	1.0	90066	68	87	718	1820	2019020
28993	7	1.0	90066	68	87	718	1820	2021	2119021
29397	7	1.0	90066	68	87	718	1820	2022	2219022
29167	8	1.0	90066	68	87	718	1820	2022	2223	2319023
28967	8	1.0	90066	68	87	718	1820	2021	2124	2419024
28919	6	1.0	90077	78	86	62	21	119001
30065	5	1.0	90077	78	86	62	219002
29497	7	1.0	90077	78	86	65	54	43	319003
29585	6	1.0	90077	78	86	65	54	419004
29379	4	1.0	90077	78	86	619006
29279	3	1.0	90077	78	819008
29429	6	1.0	90077	718	1816	1610	109	919009
29465	5	1.0	90077	718	1816	1610	1019010
29313	6	1.0	90077	718	1816	1610	1011	1119011
29665	8	1.0	90077	78	86	65	54	43	312	1219012
29575	7	1.0	90077	718	1820	2021	2124	2413	1319013
29627	8	1.0	90077	718	1816	1617	1719	1915	1514	1419014
28915	7	1.0	90077	718	1816	1617	1719	1915	1519015
28991	4	1.0	90077	718	1816	1619016
29219	5	1.0	90077	718	1816	1617	1719017
29263	6	1.0	90077	718	1816	1617	1719	1919019
29347	4	1.0	90077	718	1820	2019020
29363	5	1.0	90077	718	1820	2021	2119021
29433	5	1.0	90077	718	1820	2022	2219022
29677	6	1.0	90077	718	1820	2022	2223	2319023
29035	5	1.0	90088	86	62	21	119001
29503	4	1.0	90088	86	62	219002
29675	6	1.0	90088	86	65	54	43	319003
28831	5	1.0	90088	86	65	54	419004
29069	4	1.0	90088	86	65	519005
28871	3	1.0	90088	86	619006
28979	3	1.0	90088	87	719007
29629	3	1.0	90088	89	919009
29405	4	1.0	90088	816	1610	1019010
29225	5	1.0	90088	816	1610	1011	1119011
29565	7	1.0	90088	86	65	54	43	312	1219012
28879	8	1.0	90088	86	65	54	43	312	1213	1319013
29365	7	1.0	90088	816	1617	1719	1915	1514	1419014
29549	6	1.0	90088	816	1617	1719	1915	1519015
29111	3	1.0	90088	816	1619016
29241	4	1.0	90088	816	1617	1719017
29587	5	1.0	90088	816	1617	1719	1919019
29071	5	1.0	90088	87	718	1820	2019020
29547	6	1.0	90088	87	718	1820	2021	2119021
28885	6	1.0	90088	87	718	1820	2022	2219022
29247	7	1.0	90088	87	718	1820	2022	2223	2319023
29147	7	1.0	90088	87	718	1820	2021	2124	2419024
29077	6	1.0	90099	95	54	43	31	119001
29427	5	1.0	90099	95	56	62	219002
30057	5	1.0	90099	95	54	43	319003
29311	4	1.0	90099	95	54	419004
28843	4	1.0	90099	95	56	619006
29601	6	1.0	90099	910	1016	1618	187	719007
29401	3	1.0	90099	98	819008
29061	3	1.0	90099	910	1019010
28977	4	1.0	90099	910	1011	1119011
29473	5	1.0	90099	910	1011	1112	1219012
29153	6	1.0	90099	910	1011	1112	1213	1319013
28989	5	1.0	90099	910	1011	1114	1419014
29461	4	1.0	90099	910	1015	1519015
29315	4	1.0	90099	910	1016	1619016
29373	5	1.0	90099	910	1016	1617	1719017
29663	6	1.0	90099	910	1016	1617	1719	1919019
29103	6	1.0	90099	910	1016	1618	1820	2019020
29327	6	1.0	90099	910	1015	1522	2221	2119021
29217	5	1.0	90099	910	1015	1522	2219022
29619	6	1.0	90099	910	1011	1114	1423	2319023
29583	7	1.0	90099	910	1015	1522	2221	2124	2419024
28997	7	1.0	901010	109	95	54	43	31	119001
29425	6	1.0	901010	1016	168	86	62	219002
29355	6	1.0	901010	109	95	54	43	319003
29067	5	1.0	901010	109	95	54	419004
29013	4	1.0	901010	109	95	519005
29165	5	1.0	901010	1016	168	86	619006
28907	5	1.0	901010	1016	1618	187	719007
29059	4	1.0	901010	1016	168	819008
28939	3	1.0	901010	109	919009
28865	3	1.0	901010	1011	1119011
29215	4	1.0	901010	1011	1112	1219012
29375	5	1.0	901010	1011	1112	1213	1319013
29137	4	1.0	901010	1011	1114	1419014
28903	3	1.0	901010	1015	1519015
29357	3	1.0	901010	1016	1619016
28917	4	1.0	901010	1016	1617	1719017
28895	5	1.0	901010	1016	1617	1719	1919019
28971	5	1.0	901010	1016	1618	1820	2019020
29449	5	1.0	901010	1015	1522	2221	2119021
28933	4	1.0	901010	1015	1522	2219022
29019	5	1.0	901010	1015	1522	2223	2319023
29299	6	1.0	901010	1015	1522	2221	2124	2419024
29133	5	1.0	901111	114	43	31	119001
29559	6	1.0	901111	114	45	56	62	219002
29645	4	1.0	901111	114	43	319003
29177	3	1.0	901111	114	419004
29487	5	1.0	901111	114	45	56	619006
29073	6	1.0	901111	1110	1016	1618	187	719007
29091	5	1.0	901111	1110	1016	168	819008
28965	4	1.0	901111	1110	109	919009
28913	3	1.0	901111	1110	1019010
29419	3	1.0	901111	1112	1219012
28857	4	1.0	901111	1112	1213	1319013
29131	3	1.0	901111	1114	1419014
28955	4	1.0	901111	1114	1415	1519015
28893	4	1.0	901111	1110	1016	1619016
28863	5	1.0	901111	1110	1016	1617	1719017
29441	5	1.0	901111	1114	1415	1519	1919019
29469	6	1.0	901111	1114	1415	1519	1920	2019020
29193	6	1.0	901111	1114	1423	2324	2421	2119021
28891	5	1.0	901111	1114	1415	1522	2219022
28839	4	1.0	901111	1114	1423	2319023
29577	5	1.0	901111	1114	1423	2324	2419024
29283	4	1.0	901212	123	31	119001
29331	5	1.0	901212	123	31	12	219002
29389	3	1.0	901212	123	319003
29145	4	1.0	901212	123	34	419004
29023	5	1.0	901212	123	34	45	519005
29501	6	1.0	901212	123	34	45	56	619006
29483	8	1.0	901212	123	34	45	56	68	87	719007
29031	7	1.0	901212	123	34	45	56	68	819008
29295	5	1.0	901212	1211	1110	109	919009
29011	4	1.0	901212	1211	1110	1019010
29181	3	1.0	901212	1211	1119011
28835	3	1.0	901212	1213	1319013
29651	4	1.0	901212	1211	1114	1419014
29537	5	1.0	901212	1211	1114	1415	1519015
29467	5	1.0	901212	1211	1110	1016	1619016
28951	6	1.0	901212	1211	1110	1016	1617	1719017
28901	6	1.0	901212	1211	1110	1016	1618	1819018
28855	6	1.0	901212	1211	1114	1415	1519	1919019
29273	6	1.0	901212	1213	1324	2421	2120	2019020
29305	5	1.0	901212	1213	1324	2421	2119021
29229	6	1.0	901212	1213	1324	2421	2122	2219022
29371	5	1.0	901212	1213	1324	2423	2319023
29421	4	1.0	901212	1213	1324	2419024
29151	5	1.0	901313	1312	123	31	119001
29447	6	1.0	901313	1312	123	31	12	219002
29579	4	1.0	901313	1312	123	319003
28883	5	1.0	901313	1312	123	34	419004
29561	7	1.0	901313	1312	123	34	45	56	619006
29531	7	1.0	901313	1324	2421	2120	2018	187	719007
29589	8	1.0	901313	1312	123	34	45	56	68	819008
29597	6	1.0	901313	1312	1211	1110	109	919009
28833	5	1.0	901313	1312	1211	1110	1019010
29087	4	1.0	901313	1312	1211	1119011
28961	3	1.0	901313	1312	1219012
29053	5	1.0	901313	1324	2423	2314	1419014
29493	6	1.0	901313	1324	2421	2122	2215	1519015
29255	6	1.0	901313	1312	1211	1110	1016	1619016
29325	8	1.0	901313	1324	2421	2122	2215	1519	1917	1719017
29603	7	1.0	901313	1324	2421	2122	2215	1519	1919019
29237	5	1.0	901313	1324	2421	2120	2019020
29017	4	1.0	901313	1324	2421	2119021
29015	5	1.0	901313	1324	2421	2122	2219022
28987	4	1.0	901313	1324	2423	2319023
29631	3	1.0	901313	1324	2419024
29423	6	1.0	901414	1411	1112	123	31	119001
30356	7	1.0	901414	1411	114	45	56	62	219002
29934	5	1.0	901414	1411	1112	123	319003
29609	4	1.0	901414	1411	114	419004
29659	6	1.0	901414	1411	114	45	56	619006
29643	8	1.0	901414	1415	1519	1917	1716	1618	187	719007
29339	7	1.0	901414	1415	1519	1917	1716	168	819008
29509	5	1.0	901414	1411	1110	109	919009
28945	4	1.0	901414	1411	1110	1019010
29025	3	1.0	901414	1411	1119011
29119	4	1.0	901414	1411	1112	1219012
28981	5	1.0	901414	1423	2324	2413	1319013
29157	3	1.0	901414	1415	1519015
29057	6	1.0	901414	1415	1519	1917	1716	1619016
28923	5	1.0	901414	1415	1519	1917	1719017
29055	4	1.0	901414	1415	1519	1919019
29095	5	1.0	901414	1415	1519	1920	2019020
29457	5	1.0	901414	1423	2324	2421	2119021
28911	4	1.0	901414	1415	1522	2219022
29201	3	1.0	901414	1423	2319023
29451	4	1.0	901414	1423	2324	2419024
29605	7	1.0	901515	1514	1411	1112	123	31	119001
30527	8	1.0	901515	1519	1917	1716	168	86	62	219002
29317	6	1.0	901515	1514	1411	1112	123	319003
29329	5	1.0	901515	1514	1411	114	419004
29667	7	1.0	901515	1519	1917	1716	168	86	619006
29563	7	1.0	901515	1519	1917	1716	1618	187	719007
28985	6	1.0	901515	1519	1917	1716	168	819008
29543	4	1.0	901515	1510	109	919009
28841	3	1.0	901515	1510	1019010
29125	4	1.0	901515	1514	1411	1119011
29481	5	1.0	901515	1514	1411	1112	1219012
29343	6	1.0	901515	1522	2221	2124	2413	1319013
29383	3	1.0	901515	1514	1419014
29179	5	1.0	901515	1519	1917	1716	1619016
29113	4	1.0	901515	1519	1917	1719017
29625	6	1.0	901515	1519	1917	1716	1618	1819018
29047	3	1.0	901515	1519	1919019
29109	4	1.0	901515	1519	1920	2019020
29495	4	1.0	901515	1522	2221	2119021
29105	3	1.0	901515	1522	2219022
29319	4	1.0	901515	1522	2223	2319023
29243	5	1.0	901515	1522	2221	2124	2419024
29349	6	1.0	901616	168	86	62	21	119001
29541	5	1.0	901616	168	86	62	219002
29595	7	1.0	901616	168	86	65	54	43	319003
29489	6	1.0	901616	168	86	65	54	419004
28847	4	1.0	901616	168	86	619006
28995	4	1.0	901616	1618	187	719007
28969	3	1.0	901616	168	819008
29391	4	1.0	901616	1610	109	919009
28905	3	1.0	901616	1610	1019010
29065	4	1.0	901616	1610	1011	1119011
29155	5	1.0	901616	1610	1011	1112	1219012
29539	6	1.0	901616	1610	1011	1112	1213	1319013
28943	6	1.0	901616	1617	1719	1915	1514	1419014
29333	5	1.0	901616	1617	1719	1915	1519015
28937	3	1.0	901616	1617	1719017
29049	3	1.0	901616	1618	1819018
29635	4	1.0	901616	1617	1719	1919019
29081	4	1.0	901616	1618	1820	2019020
29233	7	1.0	901616	1617	1719	1915	1522	2221	2119021
29287	6	1.0	901616	1617	1719	1915	1522	2219022
29553	7	1.0	901616	1617	1719	1915	1522	2223	2319023
29037	7	1.0	901717	1716	168	86	62	21	119001
29411	6	1.0	901717	1716	168	86	62	219002
29669	8	1.0	901717	1716	168	86	65	54	43	319003
28875	7	1.0	901717	1716	168	86	65	54	419004
29407	5	1.0	901717	1716	168	86	619006
28889	5	1.0	901717	1716	1618	187	719007
29245	4	1.0	901717	1716	168	819008
29271	5	1.0	901717	1716	1610	109	919009
28959	4	1.0	901717	1716	1610	1019010
29045	5	1.0	901717	1716	1610	1011	1119011
29591	6	1.0	901717	1716	1610	1011	1112	1219012
29195	8	1.0	901717	1719	1915	1522	2221	2124	2413	1319013
29369	5	1.0	901717	1719	1915	1514	1419014
29009	4	1.0	901717	1719	1915	1519015
28877	3	1.0	901717	1716	1619016
29169	3	1.0	901717	1719	1919019
28931	4	1.0	901717	1719	1920	2019020
29293	6	1.0	901717	1719	1915	1522	2221	2119021
28837	5	1.0	901717	1719	1915	1522	2219022
29199	6	1.0	901717	1719	1915	1522	2223	2319023
29227	7	1.0	901717	1719	1915	1522	2221	2124	2419024
29269	5	1.0	901818	1816	1610	109	919009
28949	6	1.0	901818	1816	1610	1011	1112	1219012
29932	3	1.0	901818	1816	1619016
29039	7	1.0	901818	187	78	86	62	21	119001
29321	5	1.0	901818	1816	1617	1719	1919019
29943	8	1.0	901919	1917	1716	168	86	62	21	119001
30982	7	1.0	901919	1917	1716	168	86	62	219002
29507	8	1.0	901919	1917	1716	168	86	65	54	419004
29891	6	1.0	901919	1917	1716	168	86	619006
29657	6	1.0	901919	1917	1716	1618	187	719007
29511	5	1.0	901919	1917	1716	168	819008
29075	6	1.0	901919	1917	1716	1610	109	919009
29171	5	1.0	901919	1917	1716	1610	1019010
29459	5	1.0	901919	1915	1514	1411	1119011
29101	8	1.0	901919	1915	1522	2221	2124	2413	1312	1219012
29213	7	1.0	901919	1915	1522	2221	2124	2413	1319013
29033	4	1.0	901919	1915	1514	1419014
28859	3	1.0	901919	1915	1519015
29207	4	1.0	901919	1917	1716	1619016
29115	3	1.0	901919	1917	1719017
29185	3	1.0	901919	1920	2019020
29335	5	1.0	901919	1915	1522	2221	2119021
29387	4	1.0	901919	1915	1522	2219022
29529	5	1.0	901919	1915	1522	2223	2319023
29491	6	1.0	901919	1915	1522	2221	2124	2419024
29445	8	1.0	902020	2018	187	78	86	62	21	119001
29555	7	1.0	902020	2018	187	78	86	62	219002
29231	8	1.0	902020	2018	187	78	86	65	54	419004
29005	6	1.0	902020	2018	187	78	86	619006
29303	4	1.0	902020	2018	187	719007
29211	5	1.0	902020	2018	187	78	819008
29653	6	1.0	902020	2018	1816	1610	109	919009
29079	5	1.0	902020	2018	1816	1610	1019010
29415	6	1.0	902020	2019	1915	1514	1411	1119011
29513	6	1.0	902020	2021	2124	2413	1312	1219012
29063	5	1.0	902020	2021	2124	2413	1319013
28975	5	1.0	902020	2019	1915	1514	1419014
29281	4	1.0	902020	2019	1915	1519015
29123	4	1.0	902020	2018	1816	1619016
29085	4	1.0	902020	2019	1917	1719017
29051	3	1.0	902020	2019	1919019
29403	3	1.0	902020	2021	2119021
28983	3	1.0	902020	2022	2219022
29175	4	1.0	902020	2022	2223	2319023
29259	4	1.0	902020	2021	2124	2419024
30541	7	1.0	902121	2124	2413	1312	123	31	119001
29235	7	1.0	902121	2124	2413	1312	123	34	419004
29621	7	1.0	902121	2120	2018	187	78	86	619006
28899	5	1.0	902121	2120	2018	187	719007
29395	6	1.0	902121	2120	2018	187	78	819008
28935	6	1.0	902121	2122	2215	1510	109	919009
29121	5	1.0	902121	2122	2215	1510	1019010
29249	6	1.0	902121	2124	2423	2314	1411	1119011
29517	5	1.0	902121	2124	2413	1312	1219012
29593	4	1.0	902121	2124	2413	1319013
29567	5	1.0	902121	2124	2423	2314	1419014
29471	4	1.0	902121	2122	2215	1519015
29413	7	1.0	902121	2122	2215	1519	1917	1716	1619016
29623	6	1.0	902121	2122	2215	1519	1917	1719017
28909	5	1.0	902121	2122	2215	1519	1919019
29499	3	1.0	902121	2120	2019020
28887	3	1.0	902121	2122	2219022
28947	4	1.0	902121	2124	2423	2319023
29453	3	1.0	902121	2124	2419024
29163	8	1.0	902222	2221	2124	2413	1312	123	31	119001
29117	8	1.0	902222	2220	2018	187	78	86	62	219002
29021	7	1.0	902222	2221	2124	2413	1312	123	319003
29475	6	1.0	902222	2223	2314	1411	114	419004
28941	7	1.0	902222	2220	2018	187	78	86	619006
29525	5	1.0	902222	2220	2018	187	719007
29205	6	1.0	902222	2220	2018	187	78	819008
29409	5	1.0	902222	2215	1510	109	919009
28973	4	1.0	902222	2215	1510	1019010
28953	5	1.0	902222	2223	2314	1411	1119011
28853	6	1.0	902222	2221	2124	2413	1312	1219012
28873	5	1.0	902222	2221	2124	2413	1319013
29505	4	1.0	902222	2223	2314	1419014
28963	3	1.0	902222	2215	1519015
29129	6	1.0	902222	2215	1519	1917	1716	1619016
29043	5	1.0	902222	2215	1519	1917	1719017
28929	4	1.0	902222	2215	1519	1919019
29189	3	1.0	902222	2220	2019020
28927	3	1.0	902222	2221	2119021
29267	3	1.0	902222	2223	2319023
29291	4	1.0	902222	2221	2124	2419024
29001	7	1.0	902323	2324	2413	1312	123	31	119001
29135	6	1.0	902323	2324	2413	1312	123	319003
29223	5	1.0	902323	2314	1411	114	419004
30045	7	1.0	902323	2314	1411	114	45	56	619006
29385	6	1.0	902323	2322	2220	2018	187	719007
28845	7	1.0	902323	2322	2220	2018	187	78	819008
29581	6	1.0	902323	2314	1411	1110	109	919009
29029	5	1.0	902323	2314	1411	1110	1019010
29239	4	1.0	902323	2314	1411	1119011
29083	5	1.0	902323	2324	2413	1312	1219012
29173	4	1.0	902323	2324	2413	1319013
29203	3	1.0	902323	2314	1419014
28869	4	1.0	902323	2322	2215	1519015
29161	7	1.0	902323	2322	2215	1519	1917	1716	1619016
29439	6	1.0	902323	2322	2215	1519	1917	1719017
28897	5	1.0	902323	2322	2220	2018	1819018
29443	5	1.0	902323	2322	2215	1519	1919019
29367	4	1.0	902323	2322	2220	2019020
29041	4	1.0	902323	2324	2421	2119021
29107	3	1.0	902323	2322	2219022
