id	coordinates
4229	(-97.7388,30.2788),(-97.739,30.2783)
104229	(-97.739,30.2783),(-97.7388,30.2788)
4247	(-97.7514,30.2769),(-97.7543,30.2779)
104247	(-97.7543,30.2779),(-97.7514,30.2769)
4258	(-97.743,30.2779),(-97.7433,30.2769)
4297	(-97.7507,30.2786),(-97.7511,30.2775)
104297	(-97.7511,30.2775),(-97.7507,30.2786)
4299	(-97.7419,30.2776),(-97.743,30.2779)
104299	(-97.743,30.2779),(-97.7419,30.2776)
4301	(-97.7466,30.2779),(-97.7468,30.2774)
104301	(-97.7468,30.2774),(-97.7466,30.2779)
4303	(-97.7364,30.2781),(-97.7368,30.2772)
4590	(-97.7463,30.2755),(-97.7474,30.2758)
104590	(-97.7474,30.2758),(-97.7463,30.2755)
4607	(-97.7469,30.2641),(-97.748,30.2644)
104607	(-97.748,30.2644),(-97.7469,30.2641)
4617	(-97.7463,30.269),(-97.7474,30.2693)
104624	(-97.747,30.2703),(-97.7459,30.27)
4865	(-97.754,30.2715),(-97.7578,30.273)
4868	(-97.7546,30.2703),(-97.7557,30.2678)
104868	(-97.7557,30.2678),(-97.7546,30.2703)
4885	(-97.7487,30.2656),(-97.7491,30.2647)
104885	(-97.7491,30.2647),(-97.7487,30.2656)
4887	(-97.7491,30.2647),(-97.751,30.2652)
104887	(-97.751,30.2652),(-97.7491,30.2647)
4888	(-97.748,30.2644),(-97.7491,30.2647)
104888	(-97.7491,30.2647),(-97.748,30.2644)
4890	(-97.7487,30.2656),(-97.7484,30.2665)
104890	(-97.7484,30.2665),(-97.7487,30.2656)
4892	(-97.7491,30.2678),(-97.7502,30.2681)
104892	(-97.7502,30.2681),(-97.7491,30.2678)
4895	(-97.7528,30.2739),(-97.7534,30.2727)
104895	(-97.7534,30.2727),(-97.7528,30.2739)
4896	(-97.7484,30.2761),(-97.7495,30.2763)
104896	(-97.7495,30.2763),(-97.7484,30.2761)
4899	(-97.7482,30.2737),(-97.7485,30.2727)
104899	(-97.7485,30.2727),(-97.7482,30.2737)
4901	(-97.754,30.2715),(-97.7546,30.2703)
104901	(-97.7546,30.2703),(-97.754,30.2715)
4905	(-97.7514,30.2769),(-97.7522,30.2752)
104905	(-97.7522,30.2752),(-97.7514,30.2769)
4906	(-97.747,30.2703),(-97.7481,30.2706)
104906	(-97.7481,30.2706),(-97.747,30.2703)
4908	(-97.7485,30.2727),(-97.7488,30.2718)
104908	(-97.7488,30.2718),(-97.7485,30.2727)
4909	(-97.7492,30.2709),(-97.7493,30.2706)
104909	(-97.7493,30.2706),(-97.7492,30.2709)
4910	(-97.7495,30.2701),(-97.7495,30.2699)
104910	(-97.7495,30.2699),(-97.7495,30.2701)
4912	(-97.7474,30.2758),(-97.7478,30.2746)
104912	(-97.7478,30.2746),(-97.7474,30.2758)
4914	(-97.7474,30.2758),(-97.7484,30.2761)
104914	(-97.7484,30.2761),(-97.7474,30.2758)
5062	(-97.7388,30.2618),(-97.7393,30.2604)
105062	(-97.7393,30.2604),(-97.7388,30.2618)
5073	(-97.7368,30.2612),(-97.7388,30.2618)
105073	(-97.7388,30.2618),(-97.7368,30.2612)
5084	(-97.7446,30.2634),(-97.7455,30.2609)
105084	(-97.7455,30.2609),(-97.7446,30.2634)
5136	(-97.7387,30.2721),(-97.739,30.2711)
5138	(-97.7387,30.2721),(-97.7397,30.2724)
105138	(-97.7397,30.2724),(-97.7387,30.2721)
5139	(-97.7372,30.2665),(-97.7382,30.2668)
5140	(-97.7418,30.2709),(-97.7421,30.2699)
105140	(-97.7421,30.2699),(-97.7418,30.2709)
105142	(-97.739,30.268),(-97.7379,30.2677)
5145	(-97.7371,30.2762),(-97.7389,30.2767)
105145	(-97.7389,30.2767),(-97.7371,30.2762)
5146	(-97.7459,30.27),(-97.7463,30.269)
105147	(-97.7443,30.2695),(-97.7438,30.2693)
5148	(-97.7393,30.2702),(-97.7397,30.2692)
5149	(-97.7431,30.2712),(-97.7434,30.2703)
5150	(-97.7382,30.2637),(-97.7388,30.2618)
105150	(-97.7388,30.2618),(-97.7382,30.2637)
5153	(-97.7358,30.2702),(-97.7362,30.2693)
105153	(-97.7362,30.2693),(-97.7358,30.2702)
105162	(-97.7438,30.2693),(-97.7425,30.269)
5165	(-97.7428,30.2681),(-97.7434,30.2682)
5166	(-97.7428,30.2681),(-97.7432,30.2671)
105166	(-97.7432,30.2671),(-97.7428,30.2681)
5170	(-97.7421,30.2627),(-97.7432,30.263)
105170	(-97.7432,30.263),(-97.7421,30.2627)
5172	(-97.7448,30.2666),(-97.7452,30.2656)
5173	(-97.7437,30.2658),(-97.7439,30.2652)
105173	(-97.7439,30.2652),(-97.7437,30.2658)
5174	(-97.7407,30.2664),(-97.7411,30.2655)
5177	(-97.7446,30.2634),(-97.7459,30.2638)
105177	(-97.7459,30.2638),(-97.7446,30.2634)
5178	(-97.7432,30.263),(-97.7446,30.2634)
105178	(-97.7446,30.2634),(-97.7432,30.263)
5179	(-97.7459,30.2638),(-97.7469,30.2641)
105179	(-97.7469,30.2641),(-97.7459,30.2638)
5183	(-97.7448,30.2666),(-97.7459,30.2669)
105183	(-97.7459,30.2669),(-97.7448,30.2666)
5186	(-97.7445,30.2675),(-97.7448,30.2666)
5187	(-97.7441,30.2684),(-97.7452,30.2687)
5189	(-97.7463,30.269),(-97.7464,30.2686)
5190	(-97.7432,30.2671),(-97.7435,30.2662)
105190	(-97.7435,30.2662),(-97.7432,30.2671)
5191	(-97.7435,30.2662),(-97.7448,30.2666)
105191	(-97.7448,30.2666),(-97.7435,30.2662)
5193	(-97.7441,30.2684),(-97.7445,30.2675)
5194	(-97.7438,30.2693),(-97.7441,30.2684)
5197	(-97.74,30.2621),(-97.7411,30.2624)
105197	(-97.7411,30.2624),(-97.74,30.2621)
5198	(-97.7414,30.2646),(-97.7418,30.2636)
5200	(-97.7388,30.2618),(-97.74,30.2621)
105200	(-97.74,30.2621),(-97.7388,30.2618)
105201	(-97.7406,30.2685),(-97.74,30.2683)
5202	(-97.7404,30.2674),(-97.7415,30.2677)
5203	(-97.7404,30.2674),(-97.7405,30.267)
105209	(-97.7425,30.269),(-97.7411,30.2686)
5210	(-97.7425,30.269),(-97.7428,30.2681)
105210	(-97.7428,30.2681),(-97.7425,30.269)
5214	(-97.74,30.2683),(-97.7404,30.2674)
5217	(-97.7424,30.2731),(-97.7429,30.2732)
105217	(-97.7429,30.2732),(-97.7424,30.2731)
5218	(-97.7435,30.2734),(-97.7446,30.2737)
105218	(-97.7446,30.2737),(-97.7435,30.2734)
5219	(-97.7446,30.2737),(-97.7447,30.2733)
105220	(-97.7431,30.2712),(-97.7418,30.2709)
105223	(-97.7441,30.2715),(-97.7431,30.2712)
5229	(-97.7433,30.2769),(-97.7437,30.2759)
5233	(-97.7397,30.2724),(-97.7411,30.2727)
105233	(-97.7411,30.2727),(-97.7397,30.2724)
105235	(-97.7418,30.2709),(-97.7404,30.2705)
5236	(-97.7414,30.2718),(-97.7416,30.2713)
105236	(-97.7416,30.2713),(-97.7414,30.2718)
5239	(-97.7411,30.2727),(-97.7414,30.2718)
105239	(-97.7414,30.2718),(-97.7411,30.2727)
5240	(-97.7411,30.2727),(-97.7424,30.2731)
105240	(-97.7424,30.2731),(-97.7411,30.2727)
5241	(-97.739,30.2711),(-97.7393,30.2702)
105242	(-97.7404,30.2705),(-97.7393,30.2702)
5244	(-97.7395,30.2769),(-97.7408,30.2773)
105244	(-97.7408,30.2773),(-97.7395,30.2769)
5246	(-97.7408,30.2773),(-97.7414,30.2774)
105246	(-97.7414,30.2774),(-97.7408,30.2773)
5250	(-97.7375,30.2655),(-97.7378,30.2646)
105250	(-97.7378,30.2646),(-97.7375,30.2655)
5266	(-97.7362,30.2693),(-97.7365,30.2683)
105266	(-97.7365,30.2683),(-97.7362,30.2693)
5267	(-97.7368,30.2674),(-97.7372,30.2665)
105267	(-97.7372,30.2665),(-97.7368,30.2674)
5272	(-97.7372,30.2665),(-97.7373,30.2663)
105272	(-97.7373,30.2663),(-97.7372,30.2665)
5274	(-97.7373,30.2663),(-97.7375,30.2655)
105274	(-97.7375,30.2655),(-97.7373,30.2663)
105275	(-97.7375,30.2676),(-97.7368,30.2674)
5290	(-97.7375,30.2753),(-97.7382,30.2732)
5298	(-97.735,30.2723),(-97.7354,30.2712)
105298	(-97.7354,30.2712),(-97.735,30.2723)
5299	(-97.7365,30.2715),(-97.7376,30.2718)
105299	(-97.7376,30.2718),(-97.7365,30.2715)
5301	(-97.7382,30.2732),(-97.7387,30.2721)
5303	(-97.7376,30.2718),(-97.7387,30.2721)
105303	(-97.7387,30.2721),(-97.7376,30.2718)
5305	(-97.7354,30.2712),(-97.7365,30.2715)
105305	(-97.7365,30.2715),(-97.7354,30.2712)
5307	(-97.7354,30.2712),(-97.7358,30.2702)
105307	(-97.7358,30.2702),(-97.7354,30.2712)
5310	(-97.7371,30.2762),(-97.7375,30.2753)
5311	(-97.736,30.2759),(-97.7371,30.2762)
105311	(-97.7371,30.2762),(-97.736,30.2759)
5312	(-97.7349,30.2756),(-97.736,30.2759)
105312	(-97.736,30.2759),(-97.7349,30.2756)
5884	(-97.7447,30.2879),(-97.7478,30.2882)
105884	(-97.7478,30.2882),(-97.7447,30.2879)
5900	(-97.7452,30.2966),(-97.7463,30.2971)
105900	(-97.7463,30.2971),(-97.7452,30.2966)
5902	(-97.7462,30.3002),(-97.7467,30.2994)
105902	(-97.7467,30.2994),(-97.7462,30.3002)
5908	(-97.7449,30.2853),(-97.7467,30.2854)
105908	(-97.7467,30.2854),(-97.7449,30.2853)
5914	(-97.7444,30.2907),(-97.7464,30.2908)
105914	(-97.7464,30.2908),(-97.7444,30.2907)
5924	(-97.7462,30.2788),(-97.7467,30.279)
105924	(-97.7467,30.279),(-97.7462,30.2788)
5990	(-97.7478,30.2882),(-97.7479,30.2871)
105990	(-97.7479,30.2871),(-97.7478,30.2882)
6008	(-97.7521,30.2836),(-97.7513,30.2828)
106008	(-97.7513,30.2828),(-97.7521,30.2836)
6010	(-97.7506,30.28),(-97.7507,30.2786)
106010	(-97.7507,30.2786),(-97.7506,30.28)
6011	(-97.7467,30.279),(-97.7474,30.2792)
106011	(-97.7474,30.2792),(-97.7467,30.279)
6014	(-97.7475,30.2909),(-97.7477,30.2894)
106014	(-97.7477,30.2894),(-97.7475,30.2909)
6015	(-97.7478,30.2882),(-97.751,30.2884)
106015	(-97.751,30.2884),(-97.7478,30.2882)
6062	(-97.7485,30.2981),(-97.7505,30.2997)
106062	(-97.7505,30.2997),(-97.7485,30.2981)
6167	(-97.7428,30.2954),(-97.7426,30.2948)
106167	(-97.7426,30.2948),(-97.7428,30.2954)
6179	(-97.736,30.2932),(-97.7375,30.2943)
106179	(-97.7375,30.2943),(-97.736,30.2932)
6181	(-97.7439,30.2959),(-97.744,30.295)
106181	(-97.744,30.295),(-97.7439,30.2959)
6188	(-97.7298,30.2889),(-97.7312,30.2893)
106188	(-97.7312,30.2893),(-97.7298,30.2889)
6194	(-97.7381,30.2807),(-97.7385,30.2797)
106194	(-97.7385,30.2797),(-97.7381,30.2807)
6196	(-97.7378,30.2917),(-97.7412,30.292)
106196	(-97.7412,30.292),(-97.7378,30.2917)
6197	(-97.7447,30.2879),(-97.7448,30.2866)
106197	(-97.7448,30.2866),(-97.7447,30.2879)
6199	(-97.7416,30.2877),(-97.7417,30.2861)
106199	(-97.7417,30.2861),(-97.7416,30.2877)
6204	(-97.7381,30.2807),(-97.7394,30.281)
106204	(-97.7394,30.281),(-97.7381,30.2807)
6205	(-97.738,30.2896),(-97.7393,30.2897)
106205	(-97.7393,30.2897),(-97.738,30.2896)
6206	(-97.7335,30.2871),(-97.7337,30.2853)
106206	(-97.7337,30.2853),(-97.7335,30.2871)
6212	(-97.7419,30.2817),(-97.7423,30.2818)
106212	(-97.7423,30.2818),(-97.7419,30.2817)
6213	(-97.7419,30.2838),(-97.744,30.2839)
106213	(-97.744,30.2839),(-97.7419,30.2838)
6214	(-97.7405,30.2813),(-97.7419,30.2817)
106214	(-97.7419,30.2817),(-97.7405,30.2813)
6215	(-97.7423,30.2797),(-97.7426,30.2789)
6216	(-97.7448,30.2825),(-97.7452,30.2815)
106216	(-97.7452,30.2815),(-97.7448,30.2825)
6220	(-97.7456,30.2807),(-97.7459,30.2797)
106220	(-97.7459,30.2797),(-97.7456,30.2807)
6222	(-97.7452,30.2785),(-97.7462,30.2788)
106222	(-97.7462,30.2788),(-97.7452,30.2785)
6223	(-97.7462,30.2788),(-97.7466,30.2779)
106223	(-97.7466,30.2779),(-97.7462,30.2788)
106224	(-97.7452,30.2827),(-97.7451,30.284)
106228	(-97.7451,30.284),(-97.7449,30.2853)
6232	(-97.7394,30.281),(-97.7405,30.2813)
106232	(-97.7405,30.2813),(-97.7394,30.281)
6233	(-97.7419,30.2838),(-97.7419,30.2817)
106233	(-97.7419,30.2817),(-97.7419,30.2838)
6234	(-97.7418,30.285),(-97.7418,30.2845)
106234	(-97.7418,30.2845),(-97.7418,30.285)
6236	(-97.7412,30.292),(-97.7412,30.2913)
106236	(-97.7412,30.2913),(-97.7412,30.292)
6237	(-97.7444,30.2907),(-97.7445,30.29)
106237	(-97.7445,30.29),(-97.7444,30.2907)
6239	(-97.7416,30.2877),(-97.7431,30.2878)
106239	(-97.7431,30.2878),(-97.7416,30.2877)
6241	(-97.7437,30.2879),(-97.7443,30.2879)
106241	(-97.7443,30.2879),(-97.7437,30.2879)
6244	(-97.7414,30.2898),(-97.7414,30.2891)
106244	(-97.7414,30.2891),(-97.7414,30.2898)
6245	(-97.7412,30.292),(-97.7428,30.2921)
106245	(-97.7428,30.2921),(-97.7412,30.292)
6248	(-97.7345,30.2796),(-97.7357,30.28)
106248	(-97.7357,30.28),(-97.7345,30.2796)
6252	(-97.7357,30.28),(-97.7368,30.2803)
106252	(-97.7368,30.2803),(-97.7357,30.28)
6253	(-97.7357,30.28),(-97.7361,30.279)
6255	(-97.7322,30.279),(-97.7336,30.2794)
106255	(-97.7336,30.2794),(-97.7322,30.279)
6258	(-97.7378,30.2917),(-97.738,30.2896)
106258	(-97.738,30.2896),(-97.7378,30.2917)
6260	(-97.7347,30.291),(-97.7347,30.2893)
106260	(-97.7347,30.2893),(-97.7347,30.291)
6263	(-97.733,30.2937),(-97.7339,30.2922)
106263	(-97.7339,30.2922),(-97.733,30.2937)
6264	(-97.7347,30.2893),(-97.7368,30.2895)
106264	(-97.7368,30.2895),(-97.7347,30.2893)
6265	(-97.737,30.2895),(-97.738,30.2896)
106265	(-97.738,30.2896),(-97.737,30.2895)
6266	(-97.7368,30.2895),(-97.737,30.2895)
106266	(-97.737,30.2895),(-97.7368,30.2895)
6273	(-97.7384,30.2947),(-97.7421,30.2965)
106273	(-97.7421,30.2965),(-97.7384,30.2947)
6275	(-97.7447,30.3027),(-97.7455,30.3015)
106275	(-97.7455,30.3015),(-97.7447,30.3027)
6279	(-97.7428,30.2954),(-97.7439,30.2959)
106279	(-97.7439,30.2959),(-97.7428,30.2954)
6282	(-97.7396,30.3003),(-97.7404,30.2991)
106282	(-97.7404,30.2991),(-97.7396,30.3003)
6283	(-97.7439,30.2959),(-97.7452,30.2966)
106283	(-97.7452,30.2966),(-97.7439,30.2959)
6284	(-97.7421,30.2965),(-97.7428,30.2954)
106284	(-97.7428,30.2954),(-97.7421,30.2965)
6296	(-97.7375,30.2943),(-97.7384,30.2947)
106296	(-97.7384,30.2947),(-97.7375,30.2943)
6355	(-97.7267,30.2872),(-97.7291,30.2884)
106355	(-97.7291,30.2884),(-97.7267,30.2872)
6357	(-97.7291,30.2884),(-97.7298,30.2889)
106357	(-97.7298,30.2889),(-97.7291,30.2884)
13458	(-97.7291,30.2884),(-97.73,30.2874)
113458	(-97.73,30.2874),(-97.7291,30.2884)
14455	(-97.7411,30.2655),(-97.7414,30.2646)
14456	(-97.7435,30.2662),(-97.7421,30.2658)
114456	(-97.7421,30.2658),(-97.7435,30.2662)
114457	(-97.7411,30.2655),(-97.7421,30.2658)
14459	(-97.7411,30.2624),(-97.7421,30.2627)
114459	(-97.7421,30.2627),(-97.7411,30.2624)
14460	(-97.7411,30.2624),(-97.7407,30.2633)
14462	(-97.74,30.2652),(-97.7397,30.2661)
14492	(-97.735,30.2659),(-97.7361,30.2662)
14507	(-97.7478,30.2746),(-97.7482,30.2737)
114507	(-97.7482,30.2737),(-97.7478,30.2746)
14508	(-97.7446,30.2737),(-97.7456,30.274)
114508	(-97.7456,30.274),(-97.7446,30.2737)
14509	(-97.7449,30.2853),(-97.744,30.2852)
114509	(-97.744,30.2852),(-97.7449,30.2853)
14510	(-97.7484,30.2665),(-97.7481,30.2675)
114510	(-97.7481,30.2675),(-97.7484,30.2665)
14511	(-97.7452,30.2656),(-97.7455,30.2647)
14513	(-97.7404,30.2643),(-97.7402,30.2647)
14516	(-97.7439,30.2652),(-97.7441,30.2646)
114516	(-97.7441,30.2646),(-97.7439,30.2652)
14519	(-97.7425,30.2649),(-97.7414,30.2646)
114519	(-97.7414,30.2646),(-97.7425,30.2649)
14520	(-97.7414,30.2646),(-97.7404,30.2643)
114520	(-97.7404,30.2643),(-97.7414,30.2646)
14692	(-97.7529,30.2711),(-97.754,30.2715)
14693	(-97.7485,30.2727),(-97.7495,30.2731)
114693	(-97.7495,30.2731),(-97.7485,30.2727)
14694	(-97.7495,30.2731),(-97.752,30.2737)
114694	(-97.752,30.2737),(-97.7495,30.2731)
14707	(-97.7513,30.2828),(-97.7506,30.28)
114707	(-97.7506,30.28),(-97.7513,30.2828)
14711	(-97.7368,30.2803),(-97.7375,30.2805)
114711	(-97.7375,30.2805),(-97.7368,30.2803)
14715	(-97.7459,30.2669),(-97.7455,30.2678)
14985	(-97.7481,30.2675),(-97.7491,30.2678)
114985	(-97.7491,30.2678),(-97.7481,30.2675)
14986	(-97.7481,30.2675),(-97.747,30.2672)
114986	(-97.747,30.2672),(-97.7481,30.2675)
14987	(-97.747,30.2672),(-97.7459,30.2669)
114987	(-97.7459,30.2669),(-97.747,30.2672)
14995	(-97.7452,30.2687),(-97.7463,30.269)
14996	(-97.7455,30.2678),(-97.7452,30.2687)
115486	(-97.7389,30.2649),(-97.74,30.2652)
15487	(-97.7378,30.2646),(-97.7382,30.2637)
115487	(-97.7382,30.2637),(-97.7378,30.2646)
115488	(-97.7378,30.2646),(-97.7389,30.2649)
15489	(-97.7389,30.2649),(-97.7386,30.2658)
115489	(-97.7386,30.2658),(-97.7389,30.2649)
15510	(-97.7477,30.2894),(-97.7477,30.2892)
115510	(-97.7477,30.2892),(-97.7477,30.2894)
15588	(-97.7459,30.2797),(-97.7462,30.2788)
115588	(-97.7462,30.2788),(-97.7459,30.2797)
115589	(-97.7449,30.2853),(-97.7448,30.2866)
15590	(-97.7513,30.2884),(-97.7528,30.2885)
115590	(-97.7528,30.2885),(-97.7513,30.2884)
15625	(-97.7456,30.3013),(-97.7462,30.3002)
115625	(-97.7462,30.3002),(-97.7456,30.3013)
15710	(-97.7393,30.2897),(-97.7401,30.2897)
115710	(-97.7401,30.2897),(-97.7393,30.2897)
15711	(-97.7315,30.2893),(-97.7347,30.2893)
115711	(-97.7347,30.2893),(-97.7315,30.2893)
15733	(-97.7357,30.2972),(-97.7359,30.2968)
115733	(-97.7359,30.2968),(-97.7357,30.2972)
15776	(-97.7409,30.2984),(-97.7412,30.2978)
115776	(-97.7412,30.2978),(-97.7409,30.2984)
15777	(-97.7413,30.2907),(-97.7414,30.2898)
115777	(-97.7414,30.2898),(-97.7413,30.2907)
15778	(-97.7417,30.2861),(-97.7418,30.285)
115778	(-97.7418,30.285),(-97.7417,30.2861)
15802	(-97.7326,30.2852),(-97.7337,30.2853)
115802	(-97.7337,30.2853),(-97.7326,30.2852)
15812	(-97.7323,30.2852),(-97.7326,30.2852)
115812	(-97.7326,30.2852),(-97.7323,30.2852)
15841	(-97.7406,30.2837),(-97.7409,30.2837)
115841	(-97.7409,30.2837),(-97.7406,30.2837)
15859	(-97.7409,30.2837),(-97.7419,30.2838)
115859	(-97.7419,30.2838),(-97.7409,30.2837)
15885	(-97.7421,30.2699),(-97.7425,30.269)
115885	(-97.7425,30.269),(-97.7421,30.2699)
15888	(-97.7407,30.2633),(-97.7404,30.2643)
15988	(-97.7495,30.2763),(-97.7499,30.2764)
115988	(-97.7499,30.2764),(-97.7495,30.2763)
16008	(-97.7341,30.2919),(-97.7347,30.291)
116008	(-97.7347,30.291),(-97.7341,30.2919)
16035	(-97.747,30.2768),(-97.7474,30.2758)
116035	(-97.7474,30.2758),(-97.747,30.2768)
16036	(-97.7469,30.277),(-97.747,30.2768)
116036	(-97.747,30.2768),(-97.7469,30.277)
116041	(-97.7368,30.2674),(-97.7357,30.2671)
16104	(-97.7319,30.2851),(-97.7323,30.2852)
116104	(-97.7323,30.2852),(-97.7319,30.2851)
16109	(-97.7522,30.2752),(-97.7523,30.2749)
116109	(-97.7523,30.2749),(-97.7522,30.2752)
16141	(-97.7339,30.2922),(-97.7341,30.2919)
116141	(-97.7341,30.2919),(-97.7339,30.2922)
16146	(-97.7393,30.2671),(-97.7404,30.2674)
16214	(-97.7414,30.2891),(-97.7415,30.2883)
116214	(-97.7415,30.2883),(-97.7414,30.2891)
16217	(-97.7412,30.2978),(-97.7421,30.2965)
116217	(-97.7421,30.2965),(-97.7412,30.2978)
16247	(-97.7401,30.2897),(-97.7414,30.2898)
116247	(-97.7414,30.2898),(-97.7401,30.2897)
16274	(-97.7483,30.2696),(-97.7484,30.2696)
16470	(-97.751,30.2884),(-97.7513,30.2884)
116470	(-97.7513,30.2884),(-97.751,30.2884)
16514	(-97.7463,30.2971),(-97.7469,30.2974)
116514	(-97.7469,30.2974),(-97.7463,30.2971)
16526	(-97.7369,30.2953),(-97.7375,30.2943)
116526	(-97.7375,30.2943),(-97.7369,30.2953)
16540	(-97.7366,30.2918),(-97.7366,30.2916)
116540	(-97.7366,30.2916),(-97.7366,30.2918)
16547	(-97.7366,30.2916),(-97.7368,30.2895)
116547	(-97.7368,30.2895),(-97.7366,30.2916)
16548	(-97.7363,30.2963),(-97.7369,30.2953)
116548	(-97.7369,30.2953),(-97.7363,30.2963)
16564	(-97.7476,30.2977),(-97.7485,30.2981)
116564	(-97.7485,30.2981),(-97.7476,30.2977)
16565	(-97.7441,30.2937),(-97.7443,30.292)
116565	(-97.7443,30.292),(-97.7441,30.2937)
16568	(-97.744,30.295),(-97.7441,30.2945)
116568	(-97.7441,30.2945),(-97.744,30.295)
116569	(-97.7444,30.2907),(-97.7443,30.292)
16570	(-97.7445,30.2893),(-97.7446,30.2887)
116570	(-97.7446,30.2887),(-97.7445,30.2893)
16602	(-97.7342,30.2708),(-97.7354,30.2712)
116602	(-97.7354,30.2712),(-97.7342,30.2708)
16639	(-97.7464,30.2908),(-97.7475,30.2909)
116639	(-97.7475,30.2909),(-97.7464,30.2908)
16640	(-97.7479,30.2871),(-97.7481,30.2855)
116640	(-97.7481,30.2855),(-97.7479,30.2871)
16641	(-97.7467,30.2854),(-97.7481,30.2855)
116641	(-97.7481,30.2855),(-97.7467,30.2854)
16653	(-97.7523,30.2749),(-97.7528,30.2739)
116653	(-97.7528,30.2739),(-97.7523,30.2749)
16765	(-97.7382,30.2668),(-97.7389,30.2669)
16796	(-97.744,30.2839),(-97.7441,30.284)
116796	(-97.7441,30.284),(-97.744,30.2839)
16996	(-97.7397,30.2661),(-97.7393,30.2671)
117426	(-97.74,30.2652),(-97.7411,30.2655)
17612	(-97.7477,30.2636),(-97.7487,30.2611)
117612	(-97.7487,30.2611),(-97.7477,30.2636)
17614	(-97.7469,30.2641),(-97.7466,30.265)
17616	(-97.7462,30.2659),(-97.7459,30.2669)
117617	(-97.7459,30.27),(-97.7448,30.2697)
17618	(-97.7452,30.2687),(-97.7448,30.2697)
17620	(-97.7448,30.2697),(-97.7445,30.2706)
17621	(-97.7441,30.2715),(-97.7438,30.2725)
17730	(-97.7445,30.2706),(-97.7441,30.2715)
17735	(-97.752,30.2737),(-97.7528,30.2739)
117735	(-97.7528,30.2739),(-97.752,30.2737)
17736	(-97.7534,30.2727),(-97.754,30.2715)
117736	(-97.754,30.2715),(-97.7534,30.2727)
18161	(-97.7365,30.2683),(-97.7368,30.2674)
118161	(-97.7368,30.2674),(-97.7365,30.2683)
18163	(-97.7397,30.2692),(-97.74,30.2683)
18164	(-97.7365,30.2683),(-97.7376,30.2687)
18165	(-97.7358,30.2702),(-97.7369,30.2705)
18170	(-97.7369,30.2705),(-97.7379,30.2708)
18171	(-97.7372,30.2696),(-97.7369,30.2705)
118171	(-97.7369,30.2705),(-97.7372,30.2696)
118172	(-97.74,30.2683),(-97.739,30.268)
18175	(-97.7387,30.269),(-97.7397,30.2692)
18177	(-97.7387,30.269),(-97.7383,30.2699)
18178	(-97.7379,30.2708),(-97.739,30.2711)
18179	(-97.7383,30.2699),(-97.7379,30.2708)
18180	(-97.7376,30.2687),(-97.7387,30.269)
18181	(-97.7379,30.2677),(-97.7376,30.2687)
118181	(-97.7376,30.2687),(-97.7379,30.2677)
18182	(-97.7376,30.2687),(-97.7372,30.2696)
118182	(-97.7372,30.2696),(-97.7376,30.2687)
18183	(-97.7397,30.2692),(-97.7402,30.2694)
18184	(-97.7408,30.2696),(-97.7421,30.2699)
18185	(-97.7434,30.2703),(-97.7438,30.2693)
18186	(-97.7421,30.2699),(-97.7428,30.2701)
18187	(-97.7434,30.2703),(-97.7445,30.2706)
18189	(-97.7445,30.2706),(-97.745,30.2707)
18191	(-97.739,30.2711),(-97.7395,30.2713)
18192	(-97.7401,30.2714),(-97.7414,30.2718)
18193	(-97.7414,30.2718),(-97.7427,30.2722)
18194	(-97.7438,30.2725),(-97.7435,30.2734)
18195	(-97.7427,30.2722),(-97.7433,30.2723)
18196	(-97.7379,30.2708),(-97.7376,30.2718)
18197	(-97.7429,30.2732),(-97.7435,30.2734)
118197	(-97.7435,30.2734),(-97.7429,30.2732)
18199	(-97.7429,30.2732),(-97.7425,30.2743)
118199	(-97.7425,30.2743),(-97.7429,30.2732)
18200	(-97.7437,30.2759),(-97.7438,30.2757)
18201	(-97.7426,30.2756),(-97.7437,30.2759)
118201	(-97.7437,30.2759),(-97.7426,30.2756)
18203	(-97.7448,30.2763),(-97.7459,30.2765)
118203	(-97.7459,30.2765),(-97.7448,30.2763)
18204	(-97.7459,30.2765),(-97.747,30.2768)
118204	(-97.747,30.2768),(-97.7459,30.2765)
18207	(-97.7425,30.2743),(-97.742,30.2755)
118207	(-97.742,30.2755),(-97.7425,30.2743)
18208	(-97.7431,30.2744),(-97.7425,30.2743)
118208	(-97.7425,30.2743),(-97.7431,30.2744)
18210	(-97.7413,30.2763),(-97.7408,30.2773)
118210	(-97.7408,30.2773),(-97.7413,30.2763)
18211	(-97.7408,30.2773),(-97.7404,30.2783)
118211	(-97.7404,30.2783),(-97.7408,30.2773)
18212	(-97.7404,30.2783),(-97.7401,30.2792)
118212	(-97.7401,30.2792),(-97.7404,30.2783)
18213	(-97.7401,30.2792),(-97.7399,30.2797)
118213	(-97.7399,30.2797),(-97.7401,30.2792)
18214	(-97.7398,30.28),(-97.7394,30.281)
118214	(-97.7394,30.281),(-97.7398,30.28)
18215	(-97.7368,30.2772),(-97.7371,30.2762)
18216	(-97.7392,30.2779),(-97.7395,30.2769)
118216	(-97.7395,30.2769),(-97.7392,30.2779)
18218	(-97.7392,30.2779),(-97.7404,30.2783)
18220	(-97.7404,30.2783),(-97.7416,30.2785)
18221	(-97.7426,30.2789),(-97.743,30.2779)
18222	(-97.7416,30.2785),(-97.7426,30.2789)
18224	(-97.7412,30.2795),(-97.7401,30.2792)
18225	(-97.7401,30.2792),(-97.7388,30.2788)
18227	(-97.7364,30.2781),(-97.7353,30.2778)
18229	(-97.7361,30.279),(-97.7364,30.2781)
18231	(-97.7385,30.2797),(-97.7388,30.2788)
118231	(-97.7388,30.2788),(-97.7385,30.2797)
18232	(-97.7361,30.279),(-97.7385,30.2797)
18233	(-97.7385,30.2797),(-97.7398,30.28)
18235	(-97.7398,30.28),(-97.7409,30.2803)
18236	(-97.742,30.2806),(-97.7423,30.2797)
18237	(-97.7409,30.2803),(-97.742,30.2806)
18239	(-97.7433,30.2769),(-97.7444,30.2772)
118239	(-97.7444,30.2772),(-97.7433,30.2769)
18240	(-97.7444,30.2772),(-97.7455,30.2776)
118240	(-97.7455,30.2776),(-97.7444,30.2772)
18241	(-97.7455,30.2776),(-97.7466,30.2779)
118241	(-97.7466,30.2779),(-97.7455,30.2776)
18242	(-97.7426,30.2789),(-97.7437,30.2792)
18243	(-97.7437,30.2792),(-97.7448,30.2795)
18244	(-97.7448,30.2795),(-97.7459,30.2797)
118244	(-97.7459,30.2797),(-97.7448,30.2795)
18245	(-97.7459,30.2797),(-97.7471,30.28)
118245	(-97.7471,30.28),(-97.7459,30.2797)
18246	(-97.7471,30.28),(-97.7482,30.2803)
118246	(-97.7482,30.2803),(-97.7471,30.28)
18247	(-97.7434,30.2801),(-97.7423,30.2797)
18249	(-97.7445,30.2804),(-97.7456,30.2807)
118249	(-97.7456,30.2807),(-97.7445,30.2804)
18251	(-97.7456,30.2807),(-97.7467,30.281)
118251	(-97.7467,30.281),(-97.7456,30.2807)
18253	(-97.7467,30.281),(-97.7479,30.2813)
118253	(-97.7479,30.2813),(-97.7467,30.281)
18254	(-97.7479,30.2813),(-97.7481,30.2813)
118254	(-97.7481,30.2813),(-97.7479,30.2813)
18255	(-97.742,30.2806),(-97.7431,30.281)
118255	(-97.7431,30.281),(-97.742,30.2806)
18256	(-97.7431,30.281),(-97.7442,30.2813)
118256	(-97.7442,30.2813),(-97.7431,30.281)
18257	(-97.7452,30.2815),(-97.7456,30.2807)
118257	(-97.7456,30.2807),(-97.7452,30.2815)
18258	(-97.7442,30.2813),(-97.7452,30.2815)
118258	(-97.7452,30.2815),(-97.7442,30.2813)
18259	(-97.7452,30.2815),(-97.7464,30.2819)
118259	(-97.7464,30.2819),(-97.7452,30.2815)
18260	(-97.7481,30.2813),(-97.749,30.2816)
118260	(-97.749,30.2816),(-97.7481,30.2813)
18262	(-97.7481,30.2813),(-97.7477,30.2822)
118262	(-97.7477,30.2822),(-97.7481,30.2813)
18263	(-97.7477,30.2822),(-97.7486,30.2825)
118263	(-97.7486,30.2825),(-97.7477,30.2822)
18264	(-97.7486,30.2825),(-97.749,30.2816)
118264	(-97.749,30.2816),(-97.7486,30.2825)
18265	(-97.7427,30.2819),(-97.7432,30.2821)
118265	(-97.7432,30.2821),(-97.7427,30.2819)
18266	(-97.7427,30.2819),(-97.7431,30.281)
118266	(-97.7431,30.281),(-97.7427,30.2819)
18267	(-97.7431,30.281),(-97.7434,30.2801)
118267	(-97.7434,30.2801),(-97.7431,30.281)
18268	(-97.7434,30.2801),(-97.7437,30.2792)
118268	(-97.7437,30.2792),(-97.7434,30.2801)
18269	(-97.7441,30.2782),(-97.7452,30.2785)
118269	(-97.7452,30.2785),(-97.7441,30.2782)
18270	(-97.7437,30.2792),(-97.7441,30.2782)
118270	(-97.7441,30.2782),(-97.7437,30.2792)
18271	(-97.7441,30.2782),(-97.7444,30.2772)
118271	(-97.7444,30.2772),(-97.7441,30.2782)
18272	(-97.7444,30.2772),(-97.7448,30.2763)
118272	(-97.7448,30.2763),(-97.7444,30.2772)
18273	(-97.7452,30.2751),(-97.7457,30.2753)
118273	(-97.7457,30.2753),(-97.7452,30.2751)
18274	(-97.7448,30.2763),(-97.7452,30.2751)
118274	(-97.7452,30.2751),(-97.7448,30.2763)
18276	(-97.7437,30.2822),(-97.7442,30.2813)
118276	(-97.7442,30.2813),(-97.7437,30.2822)
18277	(-97.7442,30.2813),(-97.7445,30.2804)
118277	(-97.7445,30.2804),(-97.7442,30.2813)
18278	(-97.7445,30.2804),(-97.7448,30.2795)
118278	(-97.7448,30.2795),(-97.7445,30.2804)
18279	(-97.7448,30.2795),(-97.7449,30.2791)
118279	(-97.7449,30.2791),(-97.7448,30.2795)
18280	(-97.7452,30.2785),(-97.7454,30.278)
118280	(-97.7454,30.278),(-97.7452,30.2785)
18281	(-97.7455,30.2776),(-97.7459,30.2765)
118281	(-97.7459,30.2765),(-97.7455,30.2776)
18282	(-97.7459,30.2765),(-97.7461,30.276)
118282	(-97.7461,30.276),(-97.7459,30.2765)
18284	(-97.7461,30.2829),(-97.7464,30.2819)
118284	(-97.7464,30.2819),(-97.7461,30.2829)
18285	(-97.7464,30.2819),(-97.7467,30.281)
118285	(-97.7467,30.281),(-97.7464,30.2819)
18286	(-97.7467,30.281),(-97.7471,30.28)
118286	(-97.7471,30.28),(-97.7467,30.281)
18288	(-97.7471,30.28),(-97.7474,30.2792)
118288	(-97.7474,30.2792),(-97.7471,30.28)
18289	(-97.7474,30.2792),(-97.7477,30.2781)
118289	(-97.7477,30.2781),(-97.7474,30.2792)
18290	(-97.7477,30.2781),(-97.7479,30.2777)
118290	(-97.7479,30.2777),(-97.7477,30.2781)
18291	(-97.7481,30.2771),(-97.7482,30.2767)
118291	(-97.7482,30.2767),(-97.7481,30.2771)
18292	(-97.7477,30.2781),(-97.7466,30.2779)
118292	(-97.7466,30.2779),(-97.7477,30.2781)
18293	(-97.7479,30.2777),(-97.7481,30.2771)
118293	(-97.7481,30.2771),(-97.7479,30.2777)
18294	(-97.7468,30.2774),(-97.7468,30.2773)
118294	(-97.7468,30.2773),(-97.7468,30.2774)
18296	(-97.7481,30.2813),(-97.7482,30.2803)
118296	(-97.7482,30.2803),(-97.7481,30.2813)
18297	(-97.7456,30.274),(-97.7467,30.2743)
118297	(-97.7467,30.2743),(-97.7456,30.274)
18298	(-97.7452,30.2751),(-97.7456,30.274)
118298	(-97.7456,30.274),(-97.7452,30.2751)
18299	(-97.7456,30.274),(-97.7459,30.2731)
118299	(-97.7459,30.2731),(-97.7456,30.274)
18300	(-97.7463,30.2721),(-97.7474,30.2724)
118300	(-97.7474,30.2724),(-97.7463,30.2721)
18301	(-97.7459,30.2731),(-97.7463,30.2721)
118301	(-97.7463,30.2721),(-97.7459,30.2731)
18302	(-97.7463,30.2721),(-97.7467,30.2712)
118302	(-97.7467,30.2712),(-97.7463,30.2721)
18304	(-97.7467,30.2712),(-97.7468,30.2708)
18305	(-97.7474,30.2693),(-97.7483,30.2696)
18306	(-97.747,30.2703),(-97.7474,30.2693)
118306	(-97.7474,30.2693),(-97.747,30.2703)
18309	(-97.7467,30.2743),(-97.7478,30.2746)
118309	(-97.7478,30.2746),(-97.7467,30.2743)
18310	(-97.7463,30.2755),(-97.7467,30.2743)
118310	(-97.7467,30.2743),(-97.7463,30.2755)
18311	(-97.7467,30.2743),(-97.747,30.2734)
118311	(-97.747,30.2734),(-97.7467,30.2743)
18312	(-97.7474,30.2724),(-97.7485,30.2727)
118312	(-97.7485,30.2727),(-97.7474,30.2724)
18313	(-97.747,30.2734),(-97.7474,30.2724)
118313	(-97.7474,30.2724),(-97.747,30.2734)
18314	(-97.7474,30.2724),(-97.7477,30.2715)
118314	(-97.7477,30.2715),(-97.7474,30.2724)
18315	(-97.7481,30.2706),(-97.7492,30.2709)
118315	(-97.7492,30.2709),(-97.7481,30.2706)
18316	(-97.7477,30.2715),(-97.7481,30.2706)
118316	(-97.7481,30.2706),(-97.7477,30.2715)
18317	(-97.7484,30.2696),(-97.7495,30.2699)
18318	(-97.7481,30.2706),(-97.7484,30.2696)
118318	(-97.7484,30.2696),(-97.7481,30.2706)
18320	(-97.7484,30.2696),(-97.7488,30.2687)
118320	(-97.7488,30.2687),(-97.7484,30.2696)
18321	(-97.7488,30.2687),(-97.7491,30.2678)
118321	(-97.7491,30.2678),(-97.7488,30.2687)
18322	(-97.7491,30.2678),(-97.7495,30.2668)
118322	(-97.7495,30.2668),(-97.7491,30.2678)
18323	(-97.7484,30.2761),(-97.7486,30.2755)
118323	(-97.7486,30.2755),(-97.7484,30.2761)
18324	(-97.7492,30.274),(-97.7482,30.2737)
118324	(-97.7482,30.2737),(-97.7492,30.274)
18325	(-97.7489,30.2749),(-97.7492,30.274)
118325	(-97.7492,30.274),(-97.7489,30.2749)
18326	(-97.7492,30.274),(-97.7495,30.2731)
118326	(-97.7495,30.2731),(-97.7492,30.274)
18327	(-97.7495,30.2731),(-97.7499,30.2721)
118327	(-97.7499,30.2721),(-97.7495,30.2731)
18328	(-97.7499,30.2721),(-97.7502,30.2712)
118328	(-97.7502,30.2712),(-97.7499,30.2721)
18329	(-97.7506,30.2703),(-97.7529,30.2711)
18332	(-97.751,30.2693),(-97.7514,30.2684)
118332	(-97.7514,30.2684),(-97.751,30.2693)
18334	(-97.7438,30.2725),(-97.7443,30.2726)
18335	(-97.7449,30.2728),(-97.7459,30.2731)
118335	(-97.7459,30.2731),(-97.7449,30.2728)
18337	(-97.747,30.2734),(-97.7482,30.2737)
118337	(-97.7482,30.2737),(-97.747,30.2734)
18338	(-97.7492,30.274),(-97.7523,30.2749)
118338	(-97.7523,30.2749),(-97.7492,30.274)
18339	(-97.7478,30.2746),(-97.7489,30.2749)
118339	(-97.7489,30.2749),(-97.7478,30.2746)
18340	(-97.7499,30.2764),(-97.7514,30.2769)
118340	(-97.7514,30.2769),(-97.7499,30.2764)
18341	(-97.7489,30.2749),(-97.7499,30.2764)
118341	(-97.7499,30.2764),(-97.7489,30.2749)
18344	(-97.7467,30.2712),(-97.7477,30.2715)
118344	(-97.7477,30.2715),(-97.7467,30.2712)
18345	(-97.7488,30.2718),(-97.7492,30.2709)
118345	(-97.7492,30.2709),(-97.7488,30.2718)
18346	(-97.7477,30.2715),(-97.7488,30.2718)
118346	(-97.7488,30.2718),(-97.7477,30.2715)
18347	(-97.7488,30.2718),(-97.7499,30.2721)
118347	(-97.7499,30.2721),(-97.7488,30.2718)
18348	(-97.7492,30.2709),(-97.7502,30.2712)
118348	(-97.7502,30.2712),(-97.7492,30.2709)
18351	(-97.7361,30.2631),(-97.7382,30.2637)
118351	(-97.7382,30.2637),(-97.7361,30.2631)
18352	(-97.7473,30.2924),(-97.7499,30.2917)
118352	(-97.7499,30.2917),(-97.7473,30.2924)
18354	(-97.7473,30.2924),(-97.7505,30.2997)
118354	(-97.7505,30.2997),(-97.7473,30.2924)
18357	(-97.7511,30.2775),(-97.7514,30.2769)
118357	(-97.7514,30.2769),(-97.7511,30.2775)
18361	(-97.7522,30.2898),(-97.7528,30.2885)
118361	(-97.7528,30.2885),(-97.7522,30.2898)
18363	(-97.7414,30.2891),(-97.743,30.2892)
118363	(-97.743,30.2892),(-97.7414,30.2891)
18364	(-97.7445,30.2893),(-97.7477,30.2894)
118364	(-97.7477,30.2894),(-97.7445,30.2893)
18365	(-97.7477,30.2894),(-97.7522,30.2898)
118365	(-97.7522,30.2898),(-97.7477,30.2894)
18366	(-97.7431,30.2878),(-97.7437,30.2879)
118366	(-97.7437,30.2879),(-97.7431,30.2878)
18369	(-97.7426,30.2948),(-97.742,30.2937)
118369	(-97.742,30.2937),(-97.7426,30.2948)
18371	(-97.7418,30.2636),(-97.7421,30.2627)
118374	(-97.7429,30.2639),(-97.7418,30.2636)
18375	(-97.7442,30.2643),(-97.7446,30.2634)
118375	(-97.7446,30.2634),(-97.7442,30.2643)
118376	(-97.7442,30.2643),(-97.7429,30.2639)
18378	(-97.7442,30.2643),(-97.7449,30.2645)
118378	(-97.7449,30.2645),(-97.7442,30.2643)
18379	(-97.7466,30.265),(-97.7462,30.2659)
18380	(-97.7455,30.2647),(-97.7466,30.265)
118380	(-97.7466,30.265),(-97.7455,30.2647)
18387	(-97.7361,30.2662),(-97.7372,30.2665)
18388	(-97.7365,30.2652),(-97.7361,30.2662)
18389	(-97.7361,30.2662),(-97.7357,30.2671)
18391	(-97.7357,30.264),(-97.7368,30.2643)
18392	(-97.7368,30.2643),(-97.7378,30.2646)
18411	(-97.7235,30.2893),(-97.7272,30.2911)
118411	(-97.7272,30.2911),(-97.7235,30.2893)
18415	(-97.7362,30.2963),(-97.7363,30.2963)
118415	(-97.7363,30.2963),(-97.7362,30.2963)
18417	(-97.7359,30.2968),(-97.7362,30.2963)
118417	(-97.7362,30.2963),(-97.7359,30.2968)
18418	(-97.7406,30.2989),(-97.7409,30.2984)
118418	(-97.7409,30.2984),(-97.7406,30.2989)
18420	(-97.7404,30.2991),(-97.7406,30.2989)
118420	(-97.7406,30.2989),(-97.7404,30.2991)
18421	(-97.7455,30.3015),(-97.7456,30.3013)
118421	(-97.7456,30.3013),(-97.7455,30.3015)
18422	(-97.7404,30.2991),(-97.7455,30.3015)
118422	(-97.7455,30.3015),(-97.7404,30.2991)
18424	(-97.7268,30.2891),(-97.7267,30.2872)
118424	(-97.7267,30.2872),(-97.7268,30.2891)
18427	(-97.7456,30.2709),(-97.7467,30.2712)
118427	(-97.7467,30.2712),(-97.7456,30.2709)
118430	(-97.7448,30.2697),(-97.7443,30.2695)
18434	(-97.7449,30.2645),(-97.7455,30.2647)
118434	(-97.7455,30.2647),(-97.7449,30.2645)
118440	(-97.7411,30.2686),(-97.7406,30.2685)
18442	(-97.7405,30.267),(-97.7407,30.2664)
18444	(-97.7421,30.2679),(-97.7428,30.2681)
18446	(-97.7434,30.2682),(-97.7441,30.2684)
118450	(-97.7379,30.2677),(-97.7375,30.2676)
18452	(-97.7389,30.2669),(-97.7393,30.2671)
18456	(-97.7402,30.2694),(-97.7408,30.2696)
18460	(-97.7395,30.2713),(-97.7401,30.2714)
18462	(-97.7433,30.2723),(-97.7438,30.2725)
18466	(-97.745,30.2707),(-97.7456,30.2709)
18468	(-97.7428,30.2701),(-97.7434,30.2703)
18470	(-97.7464,30.2686),(-97.7466,30.2681)
18472	(-97.7493,30.2706),(-97.7495,30.2701)
118472	(-97.7495,30.2701),(-97.7493,30.2706)
18474	(-97.7447,30.2733),(-97.7449,30.2728)
18476	(-97.7457,30.2753),(-97.7463,30.2755)
118476	(-97.7463,30.2755),(-97.7457,30.2753)
18478	(-97.7486,30.2755),(-97.7489,30.2749)
118478	(-97.7489,30.2749),(-97.7486,30.2755)
18480	(-97.7482,30.2767),(-97.7484,30.2761)
118480	(-97.7484,30.2761),(-97.7482,30.2767)
18484	(-97.7461,30.276),(-97.7463,30.2755)
118484	(-97.7463,30.2755),(-97.7461,30.276)
18486	(-97.7454,30.278),(-97.7455,30.2776)
118486	(-97.7455,30.2776),(-97.7454,30.278)
18488	(-97.7449,30.2791),(-97.7452,30.2785)
118488	(-97.7452,30.2785),(-97.7449,30.2791)
18490	(-97.7414,30.2774),(-97.7419,30.2776)
118490	(-97.7419,30.2776),(-97.7414,30.2774)
18492	(-97.7389,30.2767),(-97.7395,30.2769)
118492	(-97.7395,30.2769),(-97.7389,30.2767)
18494	(-97.7402,30.2647),(-97.74,30.2652)
18496	(-97.7468,30.2708),(-97.7469,30.2705)
18500	(-97.7438,30.2757),(-97.7441,30.2748)
18502	(-97.7468,30.2773),(-97.7469,30.277)
118502	(-97.7469,30.277),(-97.7468,30.2773)
18506	(-97.739,30.2783),(-97.7392,30.2779)
118506	(-97.7392,30.2779),(-97.739,30.2783)
18508	(-97.7375,30.2805),(-97.7381,30.2807)
118508	(-97.7381,30.2807),(-97.7375,30.2805)
18510	(-97.7399,30.2797),(-97.7398,30.28)
118510	(-97.7398,30.28),(-97.7399,30.2797)
18512	(-97.7336,30.2794),(-97.7345,30.2796)
118512	(-97.7345,30.2796),(-97.7336,30.2794)
18514	(-97.7423,30.2818),(-97.7427,30.2819)
118514	(-97.7427,30.2819),(-97.7423,30.2818)
18516	(-97.7415,30.2883),(-97.7416,30.2877)
118516	(-97.7416,30.2877),(-97.7415,30.2883)
18518	(-97.7418,30.2845),(-97.7419,30.2838)
118518	(-97.7419,30.2838),(-97.7418,30.2845)
18520	(-97.7443,30.2879),(-97.7447,30.2879)
118520	(-97.7447,30.2879),(-97.7443,30.2879)
18522	(-97.7477,30.2892),(-97.7478,30.2882)
118522	(-97.7478,30.2882),(-97.7477,30.2892)
18524	(-97.7445,30.29),(-97.7445,30.2893)
118524	(-97.7445,30.2893),(-97.7445,30.29)
118526	(-97.7447,30.2879),(-97.7446,30.2887)
18528	(-97.7412,30.2913),(-97.7413,30.2907)
118528	(-97.7413,30.2907),(-97.7412,30.2913)
18530	(-97.7441,30.2945),(-97.7441,30.2937)
118530	(-97.7441,30.2937),(-97.7441,30.2945)
18532	(-97.742,30.2937),(-97.7412,30.292)
118532	(-97.7412,30.292),(-97.742,30.2937)
18534	(-97.7312,30.2893),(-97.7315,30.2893)
118534	(-97.7315,30.2893),(-97.7312,30.2893)
18536	(-97.7469,30.2974),(-97.7476,30.2977)
118536	(-97.7476,30.2977),(-97.7469,30.2974)
18538	(-97.7467,30.2994),(-97.7485,30.2981)
118538	(-97.7485,30.2981),(-97.7467,30.2994)
18557	(-97.743,30.2892),(-97.7445,30.2893)
118557	(-97.7445,30.2893),(-97.743,30.2892)
18559	(-97.744,30.2852),(-97.7418,30.285)
118559	(-97.7418,30.285),(-97.744,30.2852)
18560	(-97.7437,30.2879),(-97.744,30.2852)
18562	(-97.744,30.2852),(-97.7441,30.284)
18564	(-97.7441,30.284),(-97.7442,30.2824)
18565	(-97.7441,30.284),(-97.7451,30.284)
118565	(-97.7451,30.284),(-97.7441,30.284)
18566	(-97.7445,30.2804),(-97.7434,30.2801)
118566	(-97.7434,30.2801),(-97.7445,30.2804)
18567	(-97.7418,30.2636),(-97.7407,30.2633)
5212	(-97.7415,30.2677),(-97.7421,30.2679)
18464	(-97.7443,30.2726),(-97.7449,30.2728)
5225	(-97.7452,30.2718),(-97.7456,30.2709)
117619	(-97.7452,30.2718),(-97.7441,30.2715)
18333	(-97.7449,30.2728),(-97.7452,30.2718)
18205	(-97.7441,30.2748),(-97.7446,30.2737)
118206	(-97.7441,30.2748),(-97.7431,30.2744)
18206	(-97.7431,30.2744),(-97.7441,30.2748)
18554	(-97.7349,30.2756),(-97.735,30.2739)
18556	(-97.7349,30.2756),(-97.7318,30.2748)
118554	(-97.735,30.2739),(-97.7349,30.2756)
118556	(-97.7318,30.2748),(-97.7349,30.2756)
104284	(-97.7416,30.2785),(-97.7412,30.2795)
104300	(-97.735,30.2787),(-97.7345,30.2796)
104611	(-97.7477,30.2684),(-97.7466,30.2681)
104871	(-97.7532,30.2697),(-97.751,30.2693)
104891	(-97.7488,30.2687),(-97.7477,30.2684)
104894	(-97.751,30.2693),(-97.7499,30.269)
105137	(-97.7408,30.2696),(-97.7404,30.2705)
105152	(-97.7397,30.2661),(-97.7386,30.2658)
105167	(-97.7421,30.2658),(-97.7418,30.2668)
105171	(-97.7432,30.2671),(-97.7418,30.2668)
105181	(-97.7445,30.2675),(-97.7432,30.2671)
105188	(-97.7466,30.2681),(-97.7455,30.2678)
105205	(-97.7418,30.2668),(-97.7415,30.2677)
105208	(-97.7415,30.2677),(-97.7411,30.2686)
105215	(-97.7423,30.2766),(-97.7419,30.2776)
105234	(-97.7401,30.2714),(-97.7397,30.2724)
105292	(-97.7365,30.2747),(-97.736,30.2759)
105302	(-97.7376,30.2718),(-97.7372,30.2729)
106230	(-97.7409,30.2803),(-97.7405,30.2813)
106254	(-97.7345,30.2796),(-97.7343,30.2804)
114454	(-97.7425,30.2649),(-97.7421,30.2658)
114461	(-97.7407,30.2664),(-97.7397,30.2661)
114713	(-97.736,30.2759),(-97.7353,30.2778)
115584	(-97.7435,30.2734),(-97.7431,30.2744)
115585	(-97.7431,30.2744),(-97.7426,30.2756)
115586	(-97.7426,30.2756),(-97.7423,30.2766)
115886	(-97.7419,30.2776),(-97.7416,30.2785)
117729	(-97.7411,30.2686),(-97.7408,30.2696)
118190	(-97.7404,30.2705),(-97.7401,30.2714)
118228	(-97.7351,30.2783),(-97.735,30.2787)
118234	(-97.7412,30.2795),(-97.7409,30.2803)
118319	(-97.7499,30.269),(-97.7488,30.2687)
118367	(-97.743,30.2892),(-97.7431,30.2878)
118370	(-97.7426,30.2948),(-97.7428,30.2921)
118504	(-97.7353,30.2778),(-97.7351,30.2783)
118558	(-97.7428,30.2921),(-97.743,30.2892)
4878	(-97.7557,30.2678),(-97.7571,30.2645)
104878	(-97.7571,30.2645),(-97.7557,30.2678)
18602	(-97.7571,30.267),(-97.7557,30.2678)
118602	(-97.7557,30.2678),(-97.7571,30.267)
118601	(-97.7557,30.2678),(-97.7555509261609,30.2663454823876)
18601	(-97.7555509261609,30.2663454823876),(-97.7557,30.2678)
104903	(-97.7546,30.2703),(-97.7532,30.2697)
18428	(-97.7456,30.2709),(-97.7459,30.27)
18176	(-97.739,30.268),(-97.7387,30.269)
18173	(-97.7393,30.2671),(-97.739,30.268)
18603	(-97.7386,30.2658),(-97.7382,30.2668)
118603	(-97.7382,30.2668),(-97.7386,30.2658)
18604	(-97.7382,30.2668),(-97.7379,30.2677)
118604	(-97.7379,30.2677),(-97.7382,30.2668)
118605	(-97.7495,30.2668),(-97.7484,30.2665)
18605	(-97.7484,30.2665),(-97.7495,30.2668)
18382	(-97.7466,30.265),(-97.7477,30.2653)
118382	(-97.7477,30.2653),(-97.7466,30.265)
18383	(-97.7477,30.2653),(-97.7487,30.2656)
118383	(-97.7487,30.2656),(-97.7477,30.2653)
4608	(-97.7466,30.2681),(-97.747,30.2672)
18381	(-97.7477,30.2653),(-97.748,30.2644)
18432	(-97.7452,30.2656),(-97.7458,30.2658)
17615	(-97.7458,30.2658),(-97.7462,30.2659)
18436	(-97.7462,30.2659),(-97.7468,30.2661)
14515	(-97.7468,30.2661),(-97.7473,30.2662)
14514	(-97.7473,30.2662),(-97.7484,30.2665)
104883	(-97.7473,30.2662),(-97.7477,30.2653)
114984	(-97.747,30.2672),(-97.7473,30.2662)
14517	(-97.7439,30.2652),(-97.7452,30.2656)
14518	(-97.7425,30.2649),(-97.7439,30.2652)
6211	(-97.7419,30.2817),(-97.742,30.2806)
6218	(-97.743,30.2779),(-97.7441,30.2782)
106218	(-97.7441,30.2782),(-97.743,30.2779)
18568	(-97.7469,30.2705),(-97.7459,30.27)
18223	(-97.7423,30.2797),(-97.7412,30.2795)
18238	(-97.7423,30.2766),(-97.7433,30.2769)
118238	(-97.7433,30.2769),(-97.7423,30.2766)
18209	(-97.7423,30.2766),(-97.7413,30.2763)
118209	(-97.7413,30.2763),(-97.7423,30.2766)
18217	(-97.7368,30.2772),(-97.7392,30.2779)
18226	(-97.7388,30.2788),(-97.7364,30.2781)
18230	(-97.735,30.2787),(-97.7361,30.279)
18202	(-97.7437,30.2759),(-97.7448,30.2763)
118202	(-97.7448,30.2763),(-97.7437,30.2759)
5230	(-97.7441,30.2748),(-97.7452,30.2751)
105230	(-97.7452,30.2751),(-97.7441,30.2748)
18409	(-97.7235,30.2893),(-97.7238,30.2888)
118426	(-97.7319,30.2672),(-97.7335,30.2675)
14722	(-97.7294,30.2692),(-97.7325,30.2703)
114722	(-97.7325,30.2703),(-97.7294,30.2692)
5276	(-97.7309,30.2635),(-97.7345,30.2647)
105276	(-97.7345,30.2647),(-97.7309,30.2635)
14494	(-97.7315,30.2647),(-97.7342,30.2656)
114494	(-97.7342,30.2656),(-97.7315,30.2647)
5124	(-97.7373,30.2598),(-97.7377,30.2574)
5126	(-97.7373,30.2598),(-97.7373,30.2578)
4609	(-97.7452,30.2718),(-97.7463,30.2721)
104609	(-97.7463,30.2721),(-97.7452,30.2718)
118336	(-97.747,30.2734),(-97.7459,30.2731)
6334	(-97.726807,30.278747),(-97.728409,30.278522),(-97.72911,30.278454)
4290	(-97.732193,30.278976),(-97.732253,30.278932),(-97.73229,30.278905),(-97.732409,30.278818),(-97.732492,30.27872),(-97.732547,30.278656),(-97.732691,30.278474),(-97.732799,30.278295),(-97.732821,30.278249)
4787	(-97.748001,30.264367),(-97.747967,30.264321),(-97.74796,30.264311),(-97.74776,30.26404),(-97.747731,30.263838),(-97.747724,30.263791),(-97.747703,30.263643)
5285	(-97.735015,30.273882),(-97.734994,30.273766),(-97.734964,30.273604),(-97.734934,30.273437),(-97.734916,30.273249),(-97.734914,30.27323),(-97.734913,30.273217),(-97.734882,30.272886),(-97.734998,30.27248),(-97.735035,30.272351),(-97.73504,30.272334)
5286	(-97.733191,30.277211),(-97.73322,30.277171),(-97.7334,30.276925),(-97.733442,30.276867),(-97.73351,30.276775),(-97.734003,30.276442),(-97.734246,30.276278),(-97.734797,30.275685),(-97.734829,30.275651),(-97.734839,30.27564),(-97.734849,30.275629),(-97.734859,30.275618),(-97.734873,30.275603)
5287	(-97.733292,30.27056),(-97.733403,30.270591),(-97.733426,30.270598),(-97.734248,30.27083)
5934	(-97.748498,30.298135),(-97.748651,30.297871),(-97.748674,30.297816),(-97.748755,30.297641),(-97.74878,30.297587),(-97.748833,30.29747),(-97.74884,30.297449),(-97.748865,30.297362),(-97.748897,30.297249),(-97.74892,30.297136),(-97.748943,30.297008),(-97.748967,30.296829),(-97.748952,30.296694),(-97.748931,30.296554),(-97.748861,30.296299),(-97.748812,30.296136),(-97.748725,30.295964),(-97.748684,30.295906),(-97.748549,30.295707),(-97.747383,30.293907),(-97.747228,30.293667),(-97.74704,30.293262),(-97.747015,30.293173),(-97.747008,30.293082),(-97.747017,30.292906),(-97.747066,30.292737),(-97.747078,30.292714),(-97.747119,30.292633),(-97.747186,30.292539),(-97.747276,30.292436),(-97.747398,30.292328),(-97.747506,30.29227),(-97.747618,30.292209),(-97.747735,30.292162),(-97.747866,30.29212),(-97.74803,30.292096),(-97.749489,30.291807),(-97.749559,30.291793),(-97.749609,30.291783),(-97.749657,30.291774),(-97.749869,30.291732)
5991	(-97.752802,30.288489),(-97.753092,30.287049),(-97.753127,30.286888),(-97.753135,30.286853),(-97.753163,30.286727),(-97.753184,30.28651),(-97.753192,30.286196),(-97.753184,30.285983),(-97.753167,30.285577),(-97.753159,30.285516),(-97.753133,30.285329),(-97.753085,30.285163),(-97.753013,30.284972),(-97.752957,30.284876),(-97.752885,30.284752),(-97.752715,30.28444),(-97.752526,30.284139),(-97.752116,30.283614)
5993	(-97.752802,30.288489),(-97.753184,30.288577),(-97.754388,30.28893),(-97.754512,30.288952),(-97.754646,30.288985),(-97.754776,30.288985),(-97.75514,30.288965),(-97.755334,30.288959),(-97.75554,30.288995),(-97.755724,30.289052),(-97.755959,30.289182),(-97.756081,30.289279),(-97.756227,30.289417),(-97.756259,30.289462)
6168	(-97.730514,30.278504),(-97.730784,30.278556),(-97.73153,30.278748),(-97.732163,30.278969),(-97.732169,30.27897),(-97.732173,30.278971),(-97.732177,30.278972),(-97.732185,30.278974),(-97.732193,30.278976)
6183	(-97.730337,30.280236),(-97.730409,30.280167),(-97.730429,30.280148),(-97.730448,30.28013),(-97.730475,30.280105),(-97.730492,30.280089),(-97.730505,30.280076),(-97.731078,30.279531),(-97.731107,30.279511)
6249	(-97.734304,30.280372),(-97.734428,30.28035),(-97.735111,30.280231),(-97.73545,30.280172),(-97.735596,30.280061),(-97.735662,30.280012),(-97.735709,30.279977)
6262	(-97.736072,30.293122),(-97.7365,30.292693),(-97.736517,30.292675),(-97.736526,30.29264),(-97.736569,30.292471),(-97.73657,30.292421),(-97.736581,30.2918)
6267	(-97.736072,30.293122),(-97.736016,30.29281),(-97.736004,30.292675),(-97.735964,30.292475),(-97.735892,30.292296),(-97.735784,30.292121),(-97.735177,30.291439),(-97.734965,30.291231),(-97.73488,30.291115),(-97.734742,30.290872)
6312	(-97.726743,30.287196),(-97.72675,30.287173),(-97.726755,30.287158),(-97.726799,30.287011),(-97.726902,30.286665),(-97.726996,30.286348)
6321	(-97.727965,30.283227),(-97.728095,30.283018),(-97.728281,30.282733),(-97.72857,30.282442),(-97.72891,30.282127),(-97.729199,30.281781),(-97.729448,30.281461),(-97.729688,30.281164),(-97.729848,30.280942),(-97.729983,30.280757),(-97.729997,30.280736),(-97.730337,30.280236)
6345	(-97.727699,30.284019),(-97.72774,30.283897),(-97.727779,30.283781),(-97.727801,30.283715),(-97.727823,30.283649),(-97.72784,30.2836),(-97.727919,30.283365),(-97.727935,30.283316),(-97.727943,30.283292),(-97.727953,30.283263),(-97.727965,30.283227)
15803	(-97.732821,30.278249),(-97.732911,30.278055),(-97.73315,30.277334),(-97.733156,30.277317),(-97.733163,30.277296),(-97.733168,30.277279),(-97.733191,30.277211)
16005	(-97.726996,30.286348),(-97.727036,30.286213),(-97.727062,30.286127),(-97.727065,30.286117)
16006	(-97.727424,30.284937),(-97.727472,30.284776),(-97.727699,30.284019)
16013	(-97.727065,30.286117),(-97.727073,30.286091),(-97.72708,30.286071),(-97.727364,30.285135),(-97.727424,30.284937)
16078	(-97.733273,30.281687),(-97.733269,30.281579),(-97.733263,30.281428),(-97.73326,30.281354),(-97.73333,30.281175),(-97.733403,30.28103),(-97.733547,30.280852),(-97.733856,30.280563),(-97.734254,30.280393),(-97.734304,30.280372)
16582	(-97.731107,30.279511),(-97.731224,30.279429),(-97.731427,30.279323),(-97.73163,30.279231),(-97.731856,30.279137),(-97.732007,30.279064),(-97.732174,30.278985),(-97.732176,30.278984),(-97.732181,30.278982),(-97.732187,30.278979),(-97.732193,30.278976)
17613	(-97.747703,30.263643),(-97.747356,30.263948),(-97.746944,30.26407)
6362	(-97.724682,30.28643),(-97.724799,30.286488),(-97.724851,30.286513),(-97.724894,30.286535),(-97.724917,30.286546),(-97.724937,30.286556),(-97.724949,30.286562),(-97.725045,30.28661),(-97.72513,30.286652)
6326	(-97.727476,30.2831),(-97.727649,30.282874),(-97.72785,30.282688),(-97.727943,30.282615),(-97.728074,30.282511),(-97.72816,30.282442),(-97.728279,30.282348),(-97.728471,30.282187),(-97.728673,30.281985),(-97.728875,30.281758),(-97.728886,30.281747),(-97.729117,30.281441),(-97.729167,30.281376)
14092	(-97.725895,30.285466),(-97.726293,30.284868),(-97.726978,30.283864),(-97.727389,30.283233),(-97.727476,30.2831)
6338	(-97.72911,30.278454),(-97.72962,30.278438),(-97.729936,30.278442),(-97.730254,30.278473),(-97.730514,30.278504)
6335	(-97.72997,30.27989),(-97.730193,30.279317),(-97.730226,30.279231),(-97.730276,30.279102),(-97.730438,30.278684),(-97.730485,30.278562),(-97.730514,30.278504)
4291	(-97.729337,30.279933),(-97.729593,30.279419),(-97.729626,30.279352),(-97.729734,30.279137),(-97.729814,30.278977),(-97.729963,30.278679)
6342	(-97.729167,30.281376),(-97.729422,30.28099),(-97.729546,30.28077),(-97.72972,30.280444),(-97.72997,30.27989)
5318	(-97.732476,30.270329),(-97.73263,30.270368),(-97.732722,30.270392),(-97.732795,30.270412),(-97.732844,30.270426),(-97.732872,30.270434),(-97.732895,30.27044),(-97.732904,30.270443),(-97.732942,30.270452),(-97.732996,30.270465),(-97.73303,30.270478),(-97.733119,30.270501),(-97.733292,30.27056)
5314	(-97.732566,30.272479),(-97.732728,30.272008),(-97.732787,30.271834)
5317	(-97.731885,30.271868),(-97.73204,30.271862),(-97.732256,30.271854),(-97.732271,30.271853),(-97.732294,30.271851),(-97.732318,30.27185),(-97.732333,30.27185),(-97.732377,30.271849),(-97.73238,30.271849),(-97.732384,30.271849),(-97.732428,30.271848),(-97.732438,30.271848),(-97.732451,30.271847),(-97.732498,30.271846),(-97.732554,30.271845),(-97.732576,30.271844),(-97.732787,30.271834)
5283	(-97.731982,30.274125),(-97.732566,30.272479)
16601	(-97.730849,30.272026),(-97.730993,30.272001),(-97.731056,30.271992),(-97.731885,30.271868)
17571	(-97.731866,30.274488),(-97.731982,30.274125)
5330	(-97.731773,30.274778),(-97.731866,30.274488)
17572	(-97.731085,30.274209),(-97.731108,30.274307),(-97.731159,30.274382),(-97.731721,30.274532),(-97.731776,30.274528),(-97.731866,30.274488)
5327	(-97.730983,30.274611),(-97.7311,30.274636),(-97.731179,30.274653),(-97.731198,30.274657),(-97.73125,30.274666),(-97.731322,30.274683),(-97.73138,30.274696),(-97.731396,30.274699),(-97.731421,30.274704),(-97.731456,30.274711),(-97.731469,30.274714),(-97.731522,30.274725),(-97.731541,30.274729),(-97.731561,30.274733),(-97.731591,30.274739),(-97.731773,30.274778)
17573	(-97.731556,30.27549),(-97.731607,30.2751),(-97.731565,30.274966),(-97.731488,30.274934),(-97.731287,30.274883),(-97.731095,30.274891),(-97.730999,30.274966),(-97.730874,30.275126)
13427	(-97.731321,30.276144),(-97.731468,30.275734),(-97.731493,30.275665),(-97.731556,30.27549)
12086	(-97.735003,30.265878),(-97.735384,30.26492)
14493	(-97.734203,30.26563),(-97.735003,30.265878)
17626	(-97.734239,30.2679),(-97.734202,30.26779),(-97.734132,30.267745),(-97.733698,30.267618),(-97.733602,30.267621),(-97.733431,30.2677)
5129	(-97.736767,30.26123),(-97.736986,30.260624),(-97.737304,30.25975)
5125	(-97.735784,30.260995),(-97.73635,30.261167),(-97.736767,30.26123)
16055	(-97.734444,30.260511),(-97.734617,30.260567),(-97.734726,30.260608),(-97.735536,30.260913),(-97.735784,30.260995)
5064	(-97.736529,30.261893),(-97.736718,30.261367),(-97.736767,30.26123)
5262	(-97.735747,30.262956),(-97.73598,30.262584),(-97.736077,30.262431),(-97.736381,30.262044),(-97.736529,30.261893)
14663	(-97.734151,30.261523),(-97.734333,30.26158),(-97.735141,30.261835),(-97.735315,30.2619),(-97.735538,30.261983)
17454	(-97.73499,30.263386),(-97.735004,30.263545),(-97.735077,30.263692),(-97.73518,30.263771),(-97.735267,30.263806),(-97.735338,30.26383),(-97.73544,30.263851),(-97.735514,30.263856),(-97.735617,30.263849),(-97.73569,30.26383),(-97.735739,30.263788),(-97.735865,30.26364)
5265	(-97.735384,30.26492),(-97.735537,30.264494)
5255	(-97.735537,30.264494),(-97.735539,30.264441),(-97.735531,30.264379),(-97.735515,30.264309),(-97.735488,30.264257),(-97.735425,30.264173),(-97.73535,30.264132),(-97.735331,30.264121),(-97.73527,30.264101),(-97.735253,30.264095),(-97.735241,30.264093),(-97.735234,30.264091),(-97.735185,30.264081),(-97.735154,30.264074),(-97.735071,30.264058),(-97.734995,30.26406),(-97.734933,30.264067),(-97.734858,30.264097),(-97.734796,30.264122),(-97.734711,30.264194),(-97.734608,30.264286)
5281	(-97.733968,30.268695),(-97.733992,30.268625)
14720	(-97.731718,30.265913),(-97.732149,30.266051),(-97.732288,30.266094),(-97.733174,30.266363),(-97.733325,30.266411),(-97.733869,30.266577)
104290	(-97.732821,30.278249),(-97.732799,30.278295),(-97.732691,30.278474),(-97.732547,30.278656),(-97.732492,30.27872),(-97.732409,30.278818),(-97.73229,30.278905),(-97.732253,30.278932),(-97.732193,30.278976)
105268	(-97.735661,30.267086),(-97.734799,30.266858),(-97.734795,30.266857),(-97.734791,30.266856),(-97.734666,30.266823)
105285	(-97.73504,30.272334),(-97.735035,30.272351),(-97.734998,30.27248),(-97.734882,30.272886),(-97.734913,30.273217),(-97.734914,30.27323),(-97.734916,30.273249),(-97.734934,30.273437),(-97.734964,30.273604),(-97.734994,30.273766),(-97.735015,30.273882)
104876	(-97.761474,30.269369),(-97.758268,30.267926),(-97.757438,30.267246),(-97.757094,30.266965)
105286	(-97.734873,30.275603),(-97.734859,30.275618),(-97.734849,30.275629),(-97.734839,30.27564),(-97.734829,30.275651),(-97.734797,30.275685),(-97.734246,30.276278),(-97.734003,30.276442),(-97.73351,30.276775),(-97.733442,30.276867),(-97.7334,30.276925),(-97.73322,30.277171),(-97.733191,30.277211)
105287	(-97.734248,30.27083),(-97.733426,30.270598),(-97.733403,30.270591),(-97.733292,30.27056)
105934	(-97.749869,30.291732),(-97.749657,30.291774),(-97.749609,30.291783),(-97.749559,30.291793),(-97.749489,30.291807),(-97.74803,30.292096),(-97.747866,30.29212),(-97.747735,30.292162),(-97.747618,30.292209),(-97.747506,30.29227),(-97.747398,30.292328),(-97.747276,30.292436),(-97.747186,30.292539),(-97.747119,30.292633),(-97.747078,30.292714),(-97.747066,30.292737),(-97.747017,30.292906),(-97.747008,30.293082),(-97.747015,30.293173),(-97.74704,30.293262),(-97.747228,30.293667),(-97.747383,30.293907),(-97.748549,30.295707),(-97.748684,30.295906),(-97.748725,30.295964),(-97.748812,30.296136),(-97.748861,30.296299),(-97.748931,30.296554),(-97.748952,30.296694),(-97.748967,30.296829),(-97.748943,30.297008),(-97.74892,30.297136),(-97.748897,30.297249),(-97.748865,30.297362),(-97.74884,30.297449),(-97.748833,30.29747),(-97.74878,30.297587),(-97.748755,30.297641),(-97.748674,30.297816),(-97.748651,30.297871),(-97.748498,30.298135)
105991	(-97.752116,30.283614),(-97.752526,30.284139),(-97.752715,30.28444),(-97.752885,30.284752),(-97.752957,30.284876),(-97.753013,30.284972),(-97.753085,30.285163),(-97.753133,30.285329),(-97.753159,30.285516),(-97.753167,30.285577),(-97.753184,30.285983),(-97.753192,30.286196),(-97.753184,30.28651),(-97.753163,30.286727),(-97.753135,30.286853),(-97.753127,30.286888),(-97.753092,30.287049),(-97.752802,30.288489)
105993	(-97.756259,30.289462),(-97.756227,30.289417),(-97.756081,30.289279),(-97.755959,30.289182),(-97.755724,30.289052),(-97.75554,30.288995),(-97.755334,30.288959),(-97.75514,30.288965),(-97.754776,30.288985),(-97.754646,30.288985),(-97.754512,30.288952),(-97.754388,30.28893),(-97.753184,30.288577),(-97.752802,30.288489)
106168	(-97.732193,30.278976),(-97.732185,30.278974),(-97.732177,30.278972),(-97.732173,30.278971),(-97.732169,30.27897),(-97.732163,30.278969),(-97.73153,30.278748),(-97.730784,30.278556),(-97.730514,30.278504)
106183	(-97.731107,30.279511),(-97.731078,30.279531),(-97.730505,30.280076),(-97.730492,30.280089),(-97.730475,30.280105),(-97.730448,30.28013),(-97.730429,30.280148),(-97.730409,30.280167),(-97.730337,30.280236)
106262	(-97.736581,30.2918),(-97.73657,30.292421),(-97.736569,30.292471),(-97.736526,30.29264),(-97.736517,30.292675),(-97.7365,30.292693),(-97.736072,30.293122)
106267	(-97.734742,30.290872),(-97.73488,30.291115),(-97.734965,30.291231),(-97.735177,30.291439),(-97.735784,30.292121),(-97.735892,30.292296),(-97.735964,30.292475),(-97.736004,30.292675),(-97.736016,30.29281),(-97.736072,30.293122)
106312	(-97.726996,30.286348),(-97.726902,30.286665),(-97.726799,30.287011),(-97.726755,30.287158),(-97.72675,30.287173),(-97.726743,30.287196)
106321	(-97.730337,30.280236),(-97.729997,30.280736),(-97.729983,30.280757),(-97.729848,30.280942),(-97.729688,30.281164),(-97.729448,30.281461),(-97.729199,30.281781),(-97.72891,30.282127),(-97.72857,30.282442),(-97.728281,30.282733),(-97.728095,30.283018),(-97.727965,30.283227)
106345	(-97.727965,30.283227),(-97.727953,30.283263),(-97.727943,30.283292),(-97.727935,30.283316),(-97.727919,30.283365),(-97.72784,30.2836),(-97.727823,30.283649),(-97.727801,30.283715),(-97.727779,30.283781),(-97.72774,30.283897),(-97.727699,30.284019)
115803	(-97.733191,30.277211),(-97.733168,30.277279),(-97.733163,30.277296),(-97.733156,30.277317),(-97.73315,30.277334),(-97.732911,30.278055),(-97.732821,30.278249)
116005	(-97.727065,30.286117),(-97.727062,30.286127),(-97.727036,30.286213),(-97.726996,30.286348)
116006	(-97.727699,30.284019),(-97.727472,30.284776),(-97.727424,30.284937)
116013	(-97.727424,30.284937),(-97.727364,30.285135),(-97.72708,30.286071),(-97.727073,30.286091),(-97.727065,30.286117)
116078	(-97.734304,30.280372),(-97.734254,30.280393),(-97.733856,30.280563),(-97.733547,30.280852),(-97.733403,30.28103),(-97.73333,30.281175),(-97.73326,30.281354),(-97.733263,30.281428),(-97.733269,30.281579),(-97.733273,30.281687)
116582	(-97.732193,30.278976),(-97.732187,30.278979),(-97.732181,30.278982),(-97.732176,30.278984),(-97.732174,30.278985),(-97.732007,30.279064),(-97.731856,30.279137),(-97.73163,30.279231),(-97.731427,30.279323),(-97.731224,30.279429),(-97.731107,30.279511)
106362	(-97.72513,30.286652),(-97.725045,30.28661),(-97.724949,30.286562),(-97.724937,30.286556),(-97.724917,30.286546),(-97.724894,30.286535),(-97.724851,30.286513),(-97.724799,30.286488),(-97.724682,30.28643)
113438	(-97.723883,30.287719),(-97.723866,30.288129)
106346	(-97.72721,30.282387),(-97.726921,30.282986)
116673	(-97.726921,30.282986),(-97.726855,30.283087),(-97.726815,30.283149),(-97.72676,30.283233),(-97.726682,30.283353),(-97.726609,30.283465),(-97.726406,30.283778)
106327	(-97.726406,30.283778),(-97.725221,30.285603)
106338	(-97.730514,30.278504),(-97.730254,30.278473),(-97.729936,30.278442),(-97.72962,30.278438),(-97.72911,30.278454)
106333	(-97.72882,30.279061),(-97.728554,30.279612),(-97.728523,30.279675),(-97.728103,30.280543),(-97.727995,30.280767)
106344	(-97.72882,30.279061),(-97.728713,30.279472),(-97.728635,30.279745),(-97.72837,30.280521),(-97.7282,30.280999)
106323	(-97.727995,30.280767),(-97.727924,30.280913),(-97.727488,30.281813),(-97.727337,30.282126),(-97.72721,30.282387)
116672	(-97.730874,30.275126),(-97.730663,30.275592),(-97.730638,30.275647),(-97.730566,30.275807),(-97.730557,30.275825),(-97.730501,30.275949),(-97.730482,30.276),(-97.730459,30.276064),(-97.730369,30.276223),(-97.729896,30.277061)
105318	(-97.733292,30.27056),(-97.733119,30.270501),(-97.73303,30.270478),(-97.732996,30.270465),(-97.732942,30.270452),(-97.732904,30.270443),(-97.732895,30.27044),(-97.732872,30.270434),(-97.732844,30.270426),(-97.732795,30.270412),(-97.732722,30.270392),(-97.73263,30.270368),(-97.732476,30.270329)
105319	(-97.732476,30.270329),(-97.732426,30.270461),(-97.731906,30.271813),(-97.731885,30.271868)
105317	(-97.732787,30.271834),(-97.732576,30.271844),(-97.732554,30.271845),(-97.732498,30.271846),(-97.732451,30.271847),(-97.732438,30.271848),(-97.732428,30.271848),(-97.732384,30.271849),(-97.73238,30.271849),(-97.732377,30.271849),(-97.732333,30.27185),(-97.732318,30.27185),(-97.732294,30.271851),(-97.732271,30.271853),(-97.732256,30.271854),(-97.73204,30.271862),(-97.731885,30.271868)
105321	(-97.731885,30.271868),(-97.731669,30.272419)
116601	(-97.731885,30.271868),(-97.731056,30.271992),(-97.730993,30.272001),(-97.730849,30.272026)
114745	(-97.731669,30.272419),(-97.731448,30.272979)
105293	(-97.731448,30.272979),(-97.731385,30.273144),(-97.731335,30.273273),(-97.731085,30.274209)
105326	(-97.731085,30.274209),(-97.731053,30.274334),(-97.730983,30.274611)
105327	(-97.731773,30.274778),(-97.731591,30.274739),(-97.731561,30.274733),(-97.731541,30.274729),(-97.731522,30.274725),(-97.731469,30.274714),(-97.731456,30.274711),(-97.731421,30.274704),(-97.731396,30.274699),(-97.73138,30.274696),(-97.731322,30.274683),(-97.73125,30.274666),(-97.731198,30.274657),(-97.731179,30.274653),(-97.7311,30.274636),(-97.730983,30.274611)
105331	(-97.730983,30.274611),(-97.730874,30.275126)
105277	(-97.734608,30.264286),(-97.734462,30.26467)
107421	(-97.734462,30.26467),(-97.734203,30.26563)
114493	(-97.735003,30.265878),(-97.734203,30.26563)
105254	(-97.734203,30.26563),(-97.733869,30.266577)
114724	(-97.733869,30.266577),(-97.733858,30.266605),(-97.733824,30.266689),(-97.733502,30.267503)
105125	(-97.736767,30.26123),(-97.73635,30.261167),(-97.735784,30.260995)
116055	(-97.735784,30.260995),(-97.735536,30.260913),(-97.734726,30.260608),(-97.734617,30.260567),(-97.734444,30.260511)
105261	(-97.735704,30.261354),(-97.735538,30.261983)
114663	(-97.735538,30.261983),(-97.735315,30.2619),(-97.735141,30.261835),(-97.734333,30.26158),(-97.734151,30.261523)
117452	(-97.735538,30.261983),(-97.735507,30.262064),(-97.735201,30.26287),(-97.735162,30.262964),(-97.73499,30.263386)
105256	(-97.73499,30.263386),(-97.734817,30.263797),(-97.73479,30.26386),(-97.734757,30.263937),(-97.734742,30.263973),(-97.734608,30.264286)
105278	(-97.733431,30.2677),(-97.733176,30.268402)
105135	(-97.733176,30.268402),(-97.732829,30.269359),(-97.732476,30.270329)
114720	(-97.733869,30.266577),(-97.733325,30.266411),(-97.733174,30.266363),(-97.732288,30.266094),(-97.732149,30.266051),(-97.731718,30.265913)
106334	(-97.72911,30.278454),(-97.728409,30.278522),(-97.726807,30.278747)
106336	(-97.7282,30.280999),(-97.7278,30.2817)
6308	(-97.7254,30.2863),(-97.725604,30.285907),(-97.725641,30.285846),(-97.725895,30.285466)
6363	(-97.72513,30.286652),(-97.725165,30.2866),(-97.725165,30.286599),(-97.725217,30.286521),(-97.7254,30.2863)
6317	(-97.7222,30.2909),(-97.723406,30.28903)
4861	(-97.7532,30.2697),(-97.7538,30.2685)
104861	(-97.7538,30.2685),(-97.7532,30.2697)
6016	(-97.749869,30.291732),(-97.750182,30.291689),(-97.750257,30.291673),(-97.750327,30.291659),(-97.750429,30.29163),(-97.750521,30.291594),(-97.750571,30.291564),(-97.750698,30.29149),(-97.750791,30.291396),(-97.750935,30.291239),(-97.751128,30.291026),(-97.751252,30.290899),(-97.751363,30.29076),(-97.752032,30.289923),(-97.7522,30.2898)
106016	(-97.7522,30.2898),(-97.752032,30.289923),(-97.751363,30.29076),(-97.751252,30.290899),(-97.751128,30.291026),(-97.750935,30.291239),(-97.750791,30.291396),(-97.750698,30.29149),(-97.750571,30.291564),(-97.750521,30.291594),(-97.750429,30.29163),(-97.750327,30.291659),(-97.750257,30.291673),(-97.750182,30.291689),(-97.749869,30.291732)
425133	(-97.7529,30.2711),(-97.7532,30.2697)
425132	(-97.7532,30.2697),(-97.7529,30.2711)
4252	(-97.730514,30.278504),(-97.730508,30.278504),(-97.730752,30.277882),(-97.730918,30.277458),(-97.731192,30.276674),(-97.731321,30.276144)
104294	(-97.729896,30.277061),(-97.729768,30.277288),(-97.729469,30.277818),(-97.729179,30.278333),(-97.72911,30.278454)
118448	(-97.7455,30.2678),(-97.745,30.2676)
105185	(-97.745,30.2676),(-97.7445,30.2675)
118438	(-97.7418,30.2668),(-97.7413,30.2666)
105204	(-97.7413,30.2666),(-97.7407,30.2664)
118454	(-97.7386,30.2658),(-97.7382,30.2657)
105270	(-97.7382,30.2657),(-97.7375,30.2655)
4897	(-97.7495,30.2699),(-97.7506,30.2703)
18331	(-97.7506,30.2703),(-97.751,30.2693)
118331	(-97.751,30.2693),(-97.7506,30.2703)
18330	(-97.7502,30.2712),(-97.7506,30.2703)
118330	(-97.7506,30.2703),(-97.7502,30.2712)
4867	(-97.7495,30.2699),(-97.7499,30.269)
104867	(-97.7499,30.269),(-97.7495,30.2699)
4893	(-97.7499,30.269),(-97.7502,30.2681)
104893	(-97.7502,30.2681),(-97.7499,30.269)
18308	(-97.7477,30.2684),(-97.7481,30.2675)
118308	(-97.7481,30.2675),(-97.7477,30.2684)
18307	(-97.7474,30.2693),(-97.7477,30.2684)
118307	(-97.7477,30.2684),(-97.7474,30.2693)
18386	(-97.7368,30.2643),(-97.7365,30.2652)
5180	(-97.7441,30.2646),(-97.7442,30.2643)
105180	(-97.7442,30.2643),(-97.7441,30.2646)
5192	(-97.7435,30.2662),(-97.7437,30.2658)
105192	(-97.7437,30.2658),(-97.7435,30.2662)
18458	(-97.7416,30.2713),(-97.7418,30.2709)
118458	(-97.7418,30.2709),(-97.7416,30.2713)
105131	(-97.737,30.257),(-97.736045832,30.2596479727)
105119	(-97.7365,30.2571),(-97.736045832,30.2596479727)
105063	(-97.735784,30.260995),(-97.735768,30.261069),(-97.735704,30.261354)
17453	(-97.735865,30.26364),(-97.7361,30.2631)
18350	(-97.7361,30.2631),(-97.736529,30.261893)
18390	(-97.7357,30.264),(-97.735865,30.26364)
5260	(-97.735537,30.264494),(-97.735658,30.264177),(-97.7357,30.264)
105259	(-97.735704,30.261354),(-97.735724,30.26161),(-97.735716,30.26178),(-97.735686,30.261937),(-97.735644,30.2621),(-97.735559,30.262459),(-97.735545,30.26252),(-97.735408,30.263103),(-97.735305,30.263461),(-97.735231,30.263866)
1356	(-97.735287,30.264269),(-97.735331,30.264121),(-97.73534,30.264091),(-97.735368,30.263996),(-97.735376,30.263969),(-97.735383,30.263945),(-97.735412,30.263845),(-97.735426,30.263796),(-97.735439,30.263761),(-97.735566,30.2634),(-97.735747,30.262956)
5263	(-97.735747,30.262956),(-97.7363,30.2619)
5074	(-97.7363,30.2619),(-97.7373,30.2578)
105082	(-97.737,30.257),(-97.735231,30.263866)
105264	(-97.735231,30.263866),(-97.735216,30.263907),(-97.735197,30.263958),(-97.73519,30.263979),(-97.735085,30.264263)
5251	(-97.734037,30.267646),(-97.734346,30.266801),(-97.734354,30.266779),(-97.734372,30.266732),(-97.734679,30.265907),(-97.734722,30.265792),(-97.735067,30.264861),(-97.735076,30.264837),(-97.735287,30.264269)
105257	(-97.735085,30.264263),(-97.734892,30.26478),(-97.73489,30.264786),(-97.734544,30.265736),(-97.734498,30.265862),(-97.7342,30.266679),(-97.734185,30.266719),(-97.734168,30.266765),(-97.733859,30.267596)
7424	(-97.735003,30.265878),(-97.735114,30.265312),(-97.735149,30.26499),(-97.735287,30.264269)
107417	(-97.735085,30.264263),(-97.734923,30.264471),(-97.734845,30.264633),(-97.734706,30.26485),(-97.734533,30.26507),(-97.73435,30.265325),(-97.734203,30.26563)
5158	(-97.732982,30.270499),(-97.733318,30.269607),(-97.733693,30.268582),(-97.733994,30.267762),(-97.734037,30.267646)
105141	(-97.733859,30.267596),(-97.733822,30.267698),(-97.733523,30.268502),(-97.733163,30.269471),(-97.732784,30.270442)
105151	(-97.733176,30.268402),(-97.733054,30.269136),(-97.733011,30.269539),(-97.732784,30.270442)
5134	(-97.733292,30.27056),(-97.7336,30.2697)
18393	(-97.7336,30.2697),(-97.733968,30.268695)
5313	(-97.732479,30.271904),(-97.732517,30.271792),(-97.732538,30.271719),(-97.732723,30.271212),(-97.732947,30.270599),(-97.732982,30.270499)
105316	(-97.732784,30.270442),(-97.732744,30.270548),(-97.732305,30.271723),(-97.732277,30.271798),(-97.732256,30.271853),(-97.732243,30.271887)
5282	(-97.732787,30.271834),(-97.735,30.2723)
105282	(-97.735,30.2723),(-97.732787,30.271834)
105320	(-97.732243,30.271887),(-97.732208,30.272008),(-97.731899,30.272963)
5291	(-97.731555,30.27461),(-97.731808,30.273756),(-97.731897,30.273507),(-97.732131,30.272874),(-97.73244,30.272008),(-97.732479,30.271904)
5289	(-97.731982,30.274125),(-97.731965,30.273952),(-97.731974,30.273825),(-97.73199,30.273597),(-97.732147,30.27305),(-97.73226,30.272701),(-97.732453,30.272008),(-97.732479,30.271904)
105294	(-97.732243,30.271887),(-97.732179,30.272008),(-97.731766,30.272836),(-97.731675,30.273038),(-97.731616,30.273166),(-97.731444,30.273523),(-97.731271,30.27388),(-97.731085,30.274209)
6322	(-97.731555,30.27461),(-97.731726,30.274453),(-97.731947,30.273886),(-97.732176,30.27335),(-97.732411,30.272755),(-97.732566,30.272479)
106330	(-97.731669,30.272419),(-97.731689,30.272897),(-97.731665,30.273114),(-97.731633,30.273305),(-97.731573,30.273514),(-97.731317,30.274444),(-97.731119,30.27509),(-97.731092,30.275633)
5323	(-97.730806,30.276731),(-97.73118,30.275853),(-97.731308,30.275386),(-97.731404,30.275039),(-97.731446,30.274927),(-97.731458,30.274896),(-97.731522,30.274725),(-97.731555,30.27461)
105284	(-97.731899,30.272963),(-97.731755,30.27343),(-97.73159,30.273987),(-97.731443,30.2745),(-97.731247,30.275107),(-97.731092,30.275633)
105088	(-97.731092,30.275633),(-97.73104,30.275754),(-97.730836,30.276198),(-97.730708,30.276553),(-97.730694,30.276591),(-97.730689,30.276605),(-97.73033,30.277375)
106343	(-97.730874,30.275126),(-97.730828,30.275465),(-97.730699,30.275899),(-97.73057,30.276266),(-97.730462,30.276517),(-97.729483,30.27855),(-97.7282,30.280999)
13428	(-97.729061,30.280991),(-97.729356,30.280407),(-97.729612,30.279824),(-97.730293,30.278269),(-97.73105,30.276724),(-97.731321,30.276144)
18131	(-97.729963,30.278679),(-97.729996,30.27861),(-97.730048,30.278506),(-97.73007,30.278451),(-97.730446,30.277573),(-97.730806,30.276731)
113432	(-97.73033,30.277375),(-97.730268,30.277506),(-97.730028,30.278023),(-97.729832,30.278438),(-97.729809,30.278493),(-97.729721,30.278641)
13425	(-97.729061,30.280991),(-97.729481,30.280524),(-97.729755,30.28011),(-97.72997,30.27989)
6320	(-97.727424,30.282798),(-97.727714,30.282574),(-97.727808,30.282501),(-97.727858,30.282462),(-97.728111,30.282267),(-97.72819,30.282216),(-97.728325,30.282129),(-97.728366,30.282099),(-97.728502,30.282),(-97.728592,30.281925),(-97.728661,30.281866),(-97.72883,30.281707),(-97.729025,30.281515),(-97.729167,30.281376)
113434	(-97.729721,30.278641),(-97.728898,30.280338),(-97.727797,30.282053)
104251	(-97.729721,30.278641),(-97.728569,30.280574),(-97.728482,30.280707),(-97.7278,30.2817)
6337	(-97.727424,30.282798),(-97.727826,30.282182),(-97.727866,30.282121),(-97.728617,30.280969),(-97.728674,30.280882),(-97.728883,30.280582),(-97.729337,30.279933)
13426	(-97.7279,30.2823),(-97.728985,30.280666),(-97.729337,30.279933)
13424	(-97.7279,30.2823),(-97.728063,30.282238),(-97.728162,30.282153),(-97.728239,30.282078),(-97.729061,30.280991)
113433	(-97.727797,30.282053),(-97.726517,30.284047),(-97.726144,30.284616),(-97.725628,30.285409)
106347	(-97.727797,30.282053),(-97.72721,30.282387)
6324	(-97.725503,30.285713),(-97.726727,30.283852),(-97.726763,30.283797),(-97.727152,30.283208),(-97.727249,30.283061),(-97.727257,30.283048),(-97.727274,30.283023),(-97.727404,30.282828),(-97.727424,30.282798)
106331	(-97.7278,30.2817),(-97.7183,30.2966)
113435	(-97.725628,30.285409),(-97.725221,30.285603)
114093	(-97.725503,30.285713),(-97.725895,30.285466)
113436	(-97.725628,30.285409),(-97.724766,30.286732),(-97.724192,30.287625),(-97.723866,30.288129)
6313	(-97.723406,30.28903),(-97.723928,30.288197),(-97.724131,30.287877),(-97.724181,30.287797),(-97.724507,30.287271),(-97.724697,30.286967),(-97.724888,30.28666),(-97.724904,30.286634),(-97.724905,30.286633),(-97.724946,30.286568),(-97.724949,30.286562),(-97.724984,30.286508),(-97.725023,30.286448),(-97.725201,30.286173),(-97.7254,30.285866),(-97.725422,30.285831),(-97.725503,30.285713)
13439	(-97.723406,30.28903),(-97.7238,30.2888)
113440	(-97.723866,30.288129),(-97.7217,30.2914)
318463	(-97.7433,30.2723),(-97.7437,30.271)
318461	(-97.7395,30.2713),(-97.7402,30.2707)
205308	(-97.7359,30.2707),(-97.7365,30.2715)
318457	(-97.7402,30.2694),(-97.7402,30.2707)
318455	(-97.7382,30.2657),(-97.7381,30.2665)
204277	(-97.7452,30.2768),(-97.7466,30.2779)
318453	(-97.7389,30.2669),(-97.7381,30.2665)
318451	(-97.7375,30.2676),(-97.7381,30.2665)
318449	(-97.745,30.2676),(-97.7449,30.2679)
205295	(-97.7337,30.2738),(-97.735,30.2739)
318447	(-97.7434,30.2682),(-97.7449,30.2679)
318445	(-97.7421,30.2679),(-97.741,30.2673)
318443	(-97.7405,30.267),(-97.741,30.2673)
318441	(-97.7406,30.2685),(-97.741,30.2673)
318439	(-97.7413,30.2666),(-97.741,30.2673)
318437	(-97.7468,30.2661),(-97.746,30.2655)
318435	(-97.7449,30.2645),(-97.746,30.2655)
318433	(-97.7458,30.2658),(-97.746,30.2655)
318431	(-97.7443,30.2695),(-97.7449,30.2679)
205271	(-97.7381,30.2665),(-97.7373,30.2663)
213459	(-97.7317,30.2861),(-97.7277,30.284)
213452	(-97.7428,30.2995),(-97.7452,30.2966)
215481	(-97.7474,30.3021),(-97.7462,30.3002)
206259	(-97.7376,30.2922),(-97.7366,30.2916)
214703	(-97.748,30.2816),(-97.7479,30.2813)
305325	(-97.7332,30.2772),(-97.7341,30.2774)
218539	(-97.7428,30.2995),(-97.7467,30.2994)
317610	(-97.7335,30.2871),(-97.7373,30.2847)
214698	(-97.7467,30.2731),(-97.7482,30.2737)
218537	(-97.7459,30.2913),(-97.7469,30.2974)
205222	(-97.7402,30.275),(-97.7433,30.2769)
218533	(-97.7376,30.2922),(-97.742,30.2937)
218531	(-97.7429,30.2906),(-97.7441,30.2945)
206242	(-97.7459,30.2913),(-97.7444,30.2907)
218529	(-97.7429,30.2906),(-97.7412,30.2913)
218527	(-97.7429,30.2906),(-97.7446,30.2887)
316829	(-97.7407,30.2633),(-97.7424,30.2638)
218525	(-97.7429,30.2906),(-97.7445,30.29)
305308	(-97.7365,30.2715),(-97.7359,30.2707)
218523	(-97.7459,30.2913),(-97.7477,30.2892)
218521	(-97.7435,30.285),(-97.7443,30.2879)
206231	(-97.7405,30.2795),(-97.7423,30.2797)
218519	(-97.7435,30.285),(-97.7418,30.2845)
304277	(-97.7466,30.2779),(-97.7452,30.2768)
218517	(-97.7373,30.2847),(-97.7415,30.2883)
316819	(-97.7475,30.2909),(-97.7459,30.2913)
218515	(-97.7435,30.285),(-97.7423,30.2818)
218513	(-97.7315,30.2823),(-97.7336,30.2794)
206225	(-97.7435,30.285),(-97.7449,30.2853)
425105	(-97.7349,30.2756),(-97.6849,30.3256)
205199	(-97.7424,30.2638),(-97.7414,30.2646)
305295	(-97.735,30.2739),(-97.7337,30.2738)
218511	(-97.7405,30.2795),(-97.7399,30.2797)
425102	(-97.6849,30.3256),(-97.7349,30.2756)
218509	(-97.7372,30.2786),(-97.7375,30.2805)
206219	(-97.7437,30.2805),(-97.7445,30.2804)
218507	(-97.7405,30.2795),(-97.739,30.2783)
206217	(-97.7437,30.2805),(-97.7432,30.2821)
217737	(-97.7522,30.2722),(-97.7534,30.2727)
218505	(-97.7341,30.2774),(-97.7351,30.2783)
218503	(-97.7489,30.2782),(-97.7468,30.2773)
217734	(-97.7494,30.2665),(-97.7484,30.2665)
217733	(-97.746,30.2655),(-97.7448,30.2666)
218501	(-97.7452,30.2768),(-97.7438,30.2757)
218499	(-97.7359,30.2707),(-97.7364,30.2704)
206210	(-97.7437,30.2805),(-97.7434,30.2801)
218497	(-97.7467,30.2731),(-97.7468,30.2708)
217728	(-97.7402,30.275),(-97.7365,30.2747)
206207	(-97.7373,30.2847),(-97.737,30.2895)
316799	(-97.7378,30.2917),(-97.7376,30.2922)
217727	(-97.7402,30.275),(-97.742,30.2755)
218495	(-97.7394,30.2637),(-97.7402,30.2647)
316798	(-97.7481,30.2855),(-97.7483,30.2851)
316797	(-97.744,30.2839),(-97.7435,30.285)
218493	(-97.7402,30.275),(-97.7389,30.2767)
316795	(-97.7374,30.2835),(-97.7373,30.2847)
218491	(-97.7405,30.2795),(-97.7414,30.2774)
206202	(-97.7373,30.2847),(-97.7394,30.281)
218489	(-97.7437,30.2805),(-97.7449,30.2791)
305271	(-97.7373,30.2663),(-97.7381,30.2665)
218487	(-97.7452,30.2768),(-97.7454,30.278)
218485	(-97.7452,30.2768),(-97.7461,30.276)
313459	(-97.7277,30.284),(-97.7317,30.2861)
218483	(-97.7489,30.2782),(-97.7467,30.279)
206193	(-97.7315,30.2823),(-97.7303,30.2802)
218481	(-97.7489,30.2782),(-97.7482,30.2767)
204913	(-97.75,30.2739),(-97.7492,30.274)
204911	(-97.7484,30.2695),(-97.747,30.2703)
218479	(-97.75,30.2739),(-97.7486,30.2755)
218477	(-97.7467,30.2731),(-97.7457,30.2753)
205164	(-97.7424,30.2638),(-97.7425,30.2649)
313452	(-97.7452,30.2966),(-97.7428,30.2995)
218475	(-97.7467,30.2731),(-97.7447,30.2733)
218473	(-97.7484,30.2695),(-97.7493,30.2706)
205160	(-97.7394,30.2637),(-97.7389,30.2649)
218471	(-97.7449,30.2679),(-97.7464,30.2686)
204902	(-97.7522,30.2722),(-97.7529,30.2711)
218469	(-97.7437,30.271),(-97.7428,30.2701)
204900	(-97.7522,30.2722),(-97.752,30.2737)
205155	(-97.7394,30.2637),(-97.7382,30.2637)
218467	(-97.7437,30.271),(-97.745,30.2707)
205154	(-97.7402,30.275),(-97.7375,30.2753)
205922	(-97.7483,30.2851),(-97.7448,30.2866)
204898	(-97.75,30.2739),(-97.7495,30.2731)
205921	(-97.7459,30.2913),(-97.7499,30.2917)
218465	(-97.7437,30.271),(-97.7443,30.2726)
218463	(-97.7437,30.271),(-97.7433,30.2723)
306013	(-97.7483,30.2836),(-97.7483,30.2851)
218461	(-97.7402,30.2707),(-97.7395,30.2713)
314714	(-97.7353,30.2778),(-97.7372,30.2786)
204889	(-97.7494,30.2665),(-97.7491,30.2678)
315481	(-97.7462,30.3002),(-97.7474,30.3021)
218457	(-97.7402,30.2707),(-97.7402,30.2694)
218455	(-97.7381,30.2665),(-97.7382,30.2657)
314710	(-97.7388,30.2788),(-97.7372,30.2786)
314709	(-97.7364,30.2781),(-97.7372,30.2786)
218453	(-97.7381,30.2665),(-97.7389,30.2669)
204884	(-97.7494,30.2665),(-97.751,30.2652)
314708	(-97.7513,30.2828),(-97.748,30.2816)
306259	(-97.7366,30.2916),(-97.7376,30.2922)
218451	(-97.7381,30.2665),(-97.7375,30.2676)
314706	(-97.7456,30.2807),(-97.748,30.2816)
314705	(-97.7477,30.2822),(-97.748,30.2816)
218449	(-97.7449,30.2679),(-97.745,30.2676)
314703	(-97.7479,30.2813),(-97.748,30.2816)
218447	(-97.7449,30.2679),(-97.7434,30.2682)
218445	(-97.741,30.2673),(-97.7421,30.2679)
218443	(-97.741,30.2673),(-97.7405,30.267)
318539	(-97.7467,30.2994),(-97.7428,30.2995)
314698	(-97.7482,30.2737),(-97.7467,30.2731)
204873	(-97.7484,30.2695),(-97.7477,30.2684)
218441	(-97.741,30.2673),(-97.7406,30.2685)
318537	(-97.7469,30.2974),(-97.7459,30.2913)
204872	(-97.7527,30.2676),(-97.7557,30.2678)
218439	(-97.741,30.2673),(-97.7413,30.2666)
305222	(-97.7433,30.2769),(-97.7402,30.275)
218437	(-97.746,30.2655),(-97.7468,30.2661)
318533	(-97.742,30.2937),(-97.7376,30.2922)
218435	(-97.746,30.2655),(-97.7449,30.2645)
318531	(-97.7441,30.2945),(-97.7429,30.2906)
204866	(-97.7527,30.2676),(-97.7538,30.2685)
306242	(-97.7444,30.2907),(-97.7459,30.2913)
218433	(-97.746,30.2655),(-97.7458,30.2658)
318529	(-97.7412,30.2913),(-97.7429,30.2906)
218431	(-97.7449,30.2679),(-97.7443,30.2695)
318527	(-97.7446,30.2887),(-97.7429,30.2906)
318525	(-97.7445,30.29),(-97.7429,30.2906)
318523	(-97.7477,30.2892),(-97.7459,30.2913)
318521	(-97.7443,30.2879),(-97.7435,30.285)
306231	(-97.7423,30.2797),(-97.7405,30.2795)
318519	(-97.7418,30.2845),(-97.7435,30.285)
318517	(-97.7415,30.2883),(-97.7373,30.2847)
318515	(-97.7423,30.2818),(-97.7435,30.285)
306225	(-97.7449,30.2853),(-97.7435,30.285)
318513	(-97.7336,30.2794),(-97.7315,30.2823)
305199	(-97.7414,30.2646),(-97.7424,30.2638)
318511	(-97.7399,30.2797),(-97.7405,30.2795)
318509	(-97.7375,30.2805),(-97.7372,30.2786)
306219	(-97.7445,30.2804),(-97.7437,30.2805)
318507	(-97.739,30.2783),(-97.7405,30.2795)
306217	(-97.7432,30.2821),(-97.7437,30.2805)
317737	(-97.7534,30.2727),(-97.7522,30.2722)
318505	(-97.7351,30.2783),(-97.7341,30.2774)
318503	(-97.7468,30.2773),(-97.7489,30.2782)
317734	(-97.7484,30.2665),(-97.7494,30.2665)
317733	(-97.7448,30.2666),(-97.746,30.2655)
318501	(-97.7438,30.2757),(-97.7452,30.2768)
318499	(-97.7364,30.2704),(-97.7359,30.2707)
306210	(-97.7434,30.2801),(-97.7437,30.2805)
318497	(-97.7468,30.2708),(-97.7467,30.2731)
317728	(-97.7365,30.2747),(-97.7402,30.275)
306207	(-97.737,30.2895),(-97.7373,30.2847)
317727	(-97.742,30.2755),(-97.7402,30.275)
318495	(-97.7402,30.2647),(-97.7394,30.2637)
318493	(-97.7389,30.2767),(-97.7402,30.275)
318491	(-97.7414,30.2774),(-97.7405,30.2795)
306202	(-97.7394,30.281),(-97.7373,30.2847)
318489	(-97.7449,30.2791),(-97.7437,30.2805)
318487	(-97.7454,30.278),(-97.7452,30.2768)
318485	(-97.7461,30.276),(-97.7452,30.2768)
206356	(-97.7317,30.2861),(-97.7307,30.285)
318483	(-97.7467,30.279),(-97.7489,30.2782)
304913	(-97.7492,30.274),(-97.75,30.2739)
306193	(-97.7303,30.2802),(-97.7315,30.2823)
318481	(-97.7482,30.2767),(-97.7489,30.2782)
304911	(-97.747,30.2703),(-97.7484,30.2695)
318479	(-97.7486,30.2755),(-97.75,30.2739)
205325	(-97.7341,30.2774),(-97.7332,30.2772)
318477	(-97.7457,30.2753),(-97.7467,30.2731)
305164	(-97.7425,30.2649),(-97.7424,30.2638)
318475	(-97.7447,30.2733),(-97.7467,30.2731)
217610	(-97.7373,30.2847),(-97.7335,30.2871)
318473	(-97.7493,30.2706),(-97.7484,30.2695)
305160	(-97.7389,30.2649),(-97.7394,30.2637)
318471	(-97.7464,30.2686),(-97.7449,30.2679)
304902	(-97.7529,30.2711),(-97.7522,30.2722)
318469	(-97.7428,30.2701),(-97.7437,30.271)
304900	(-97.752,30.2737),(-97.7522,30.2722)
305155	(-97.7382,30.2637),(-97.7394,30.2637)
318467	(-97.745,30.2707),(-97.7437,30.271)
304898	(-97.7495,30.2731),(-97.75,30.2739)
305154	(-97.7375,30.2753),(-97.7402,30.275)
305922	(-97.7448,30.2866),(-97.7483,30.2851)
305921	(-97.7499,30.2917),(-97.7459,30.2913)
318465	(-97.7443,30.2726),(-97.7437,30.271)
216829	(-97.7424,30.2638),(-97.7407,30.2633)
304889	(-97.7491,30.2678),(-97.7494,30.2665)
304884	(-97.751,30.2652),(-97.7494,30.2665)
216819	(-97.7459,30.2913),(-97.7475,30.2909)
304873	(-97.7477,30.2684),(-97.7484,30.2695)
304872	(-97.7557,30.2678),(-97.7527,30.2676)
304866	(-97.7538,30.2685),(-97.7527,30.2676)
216799	(-97.7376,30.2922),(-97.7378,30.2917)
216798	(-97.7483,30.2851),(-97.7481,30.2855)
216797	(-97.7435,30.285),(-97.744,30.2839)
216795	(-97.7373,30.2847),(-97.7374,30.2835)
206013	(-97.7483,30.2851),(-97.7483,30.2836)
214714	(-97.7372,30.2786),(-97.7353,30.2778)
214710	(-97.7372,30.2786),(-97.7388,30.2788)
214709	(-97.7372,30.2786),(-97.7364,30.2781)
306356	(-97.7307,30.285),(-97.7317,30.2861)
214708	(-97.748,30.2816),(-97.7513,30.2828)
214706	(-97.748,30.2816),(-97.7456,30.2807)
214705	(-97.748,30.2816),(-97.7477,30.2822)
425140	(-97.7360458320313,30.2596479726562),(-97.7358,30.261)
325031	(-97.7235,30.2893),(-97.7235,30.2893)
425031	(-97.7235,30.2893),(-97.7235,30.2893)
6354	(-97.727004,30.291445),(-97.7272,30.2911)
106354	(-97.7272,30.2911),(-97.727004,30.291445)
18410	(-97.7272,30.2911),(-97.7268,30.2891)
118410	(-97.7268,30.2891),(-97.7272,30.2911)
6353	(-97.72513,30.286652),(-97.726701,30.287182),(-97.72672,30.287188),(-97.726726,30.28719),(-97.726743,30.287196)
106353	(-97.726743,30.287196),(-97.726726,30.28719),(-97.72672,30.287188),(-97.726701,30.287182),(-97.72513,30.286652)
16581	(-97.7228,30.2853),(-97.724682,30.28643)
116581	(-97.724682,30.28643),(-97.7228,30.2853)
117625	(-97.733502,30.267503),(-97.733475,30.267579),(-97.733431,30.2677)
13444	(-97.716466,30.300153),(-97.7279,30.2823)
4870	(-97.751,30.2652),(-97.7523,30.2656)
104870	(-97.7523,30.2656),(-97.751,30.2652)
16370	(-97.7523,30.2656),(-97.7524,30.2657)
116370	(-97.7524,30.2657),(-97.7523,30.2656)
18600	(-97.7524,30.2657),(-97.7555509261609,30.2663454823876)
118600	(-97.7555509261609,30.2663454823876),(-97.7524,30.2657)
4879	(-97.7555509261609,30.2663454823876),(-97.7571,30.267)
104879	(-97.7571,30.267),(-97.7555509261609,30.2663454823876)
4876	(-97.757094,30.266965),(-97.757438,30.267246),(-97.758268,30.267926),(-97.761474,30.269369)
18275	(-97.7437,30.2822),(-97.7442,30.2824)
118275	(-97.7442,30.2824),(-97.7437,30.2822)
118561	(-97.7448,30.2825),(-97.7442,30.2824)
18561	(-97.7442,30.2824),(-97.7448,30.2825)
6227	(-97.7448,30.2825),(-97.7452,30.2827)
106227	(-97.7452,30.2827),(-97.7448,30.2825)
5885	(-97.7452,30.2827),(-97.7461,30.2829)
105885	(-97.7461,30.2829),(-97.7452,30.2827)
18283	(-97.7461,30.2829),(-97.7472,30.2832)
118283	(-97.7472,30.2832),(-97.7461,30.2829)
6009	(-97.7498,30.2839),(-97.7521,30.2836)
106009	(-97.7521,30.2836),(-97.7498,30.2839)
6012	(-97.7483,30.2836),(-97.7498,30.2839)
106012	(-97.7498,30.2839),(-97.7483,30.2836)
14704	(-97.7472,30.2832),(-97.7483,30.2836)
114704	(-97.7483,30.2836),(-97.7472,30.2832)
6229	(-97.7432,30.2821),(-97.7437,30.2822)
106229	(-97.7437,30.2822),(-97.7432,30.2821)
425151	(-97.7235,30.2893),(-97.7231,30.289)
425152	(-97.7231,30.289),(-97.7235,30.2893)
425153	(-97.723368980416,30.289559994712),(-97.7235,30.2893)
117623	(-97.733502,30.267503),(-97.734299,30.267725)
18359	(-97.7511,30.2775),(-97.7516,30.2801)
118359	(-97.7516,30.2801),(-97.7511,30.2775)
18287	(-97.7474,30.2792),(-97.7516,30.2801)
118287	(-97.7516,30.2801),(-97.7474,30.2792)
118385	(-97.7375,30.2655),(-97.7365,30.2652)
104869	(-97.7558,30.2708),(-97.7546,30.2703)
105248	(-97.7365,30.2652),(-97.7354,30.2649)
106173	(-97.7307,30.285),(-97.727965,30.283227)
6173	(-97.727965,30.283227),(-97.7307,30.285)
13457	(-97.7307,30.285),(-97.7319,30.2851)
113457	(-97.7319,30.2851),(-97.7307,30.285)
6247	(-97.7374,30.2835),(-97.7381,30.2807)
106247	(-97.7381,30.2807),(-97.7374,30.2835)
6246	(-97.7341,30.2832),(-97.7374,30.2835)
106246	(-97.7374,30.2835),(-97.7341,30.2832)
6203	(-97.7374,30.2835),(-97.7406,30.2837)
106203	(-97.7406,30.2837),(-97.7374,30.2835)
6250	(-97.734053,30.283213),(-97.734017,30.283102),(-97.73398,30.283002),(-97.733961,30.282959),(-97.733934,30.282897),(-97.733876,30.282797),(-97.733823,30.282743),(-97.733761,30.282679),(-97.733669,30.282573),(-97.733605,30.282488),(-97.733568,30.282438),(-97.733497,30.282316),(-97.73346,30.282211),(-97.733459,30.282209),(-97.733457,30.282207),(-97.733403,30.282125),(-97.733379,30.282089),(-97.73331,30.281889),(-97.733275,30.281726),(-97.733273,30.281687)
106250	(-97.733273,30.281687),(-97.733275,30.281726),(-97.73331,30.281889),(-97.733379,30.282089),(-97.733403,30.282125),(-97.733457,30.282207),(-97.733459,30.282209),(-97.73346,30.282211),(-97.733497,30.282316),(-97.733568,30.282438),(-97.733605,30.282488),(-97.733669,30.282573),(-97.733761,30.282679),(-97.733823,30.282743),(-97.733876,30.282797),(-97.733934,30.282897),(-97.733961,30.282959),(-97.73398,30.283002),(-97.734017,30.283102),(-97.734053,30.283213)
6256	(-97.7337,30.2853),(-97.7341,30.2832)
106256	(-97.7341,30.2832),(-97.7337,30.2853)
6261	(-97.7347,30.2893),(-97.7335,30.2871)
106261	(-97.7335,30.2871),(-97.7347,30.2893)
15712	(-97.73,30.2874),(-97.7307,30.285)
115712	(-97.7307,30.285),(-97.73,30.2874)
15483	(-97.726027,30.283144),(-97.726047,30.28314),(-97.726048,30.28314),(-97.72674,30.283017),(-97.726765,30.283013),(-97.726921,30.282986)
115483	(-97.726921,30.282986),(-97.726765,30.283013),(-97.72674,30.283017),(-97.726048,30.28314),(-97.726047,30.28314),(-97.726027,30.283144)
6348	(-97.726921,30.282986),(-97.727476,30.2831)
106348	(-97.727476,30.2831),(-97.726921,30.282986)
14227	(-97.727965,30.283227),(-97.727476,30.2831)
114227	(-97.727476,30.2831),(-97.727965,30.283227)
6361	(-97.7238,30.2888),(-97.72513,30.286652)
116037	(-97.7372,30.2729),(-97.7365,30.2747)
5304	(-97.7372,30.2729),(-97.7382,30.2732)
105304	(-97.7382,30.2732),(-97.7372,30.2729)
5296	(-97.735,30.2723),(-97.7372,30.2729)
105296	(-97.7372,30.2729),(-97.735,30.2723)
5328	(-97.731556,30.27549),(-97.731566,30.275458),(-97.731704,30.275007),(-97.731716,30.274967),(-97.731773,30.274778)
5315	(-97.732787,30.271834),(-97.732809,30.271779),(-97.733247,30.270674),(-97.733292,30.27056)
5249	(-97.733992,30.268625),(-97.734239,30.2679)
17624	(-97.734239,30.2679),(-97.734253,30.267859),(-97.734299,30.267725)
17622	(-97.734299,30.267725),(-97.734643,30.26688),(-97.734644,30.266877),(-97.734645,30.266874),(-97.734666,30.266823)
5247	(-97.734666,30.266823),(-97.735003,30.265878)
106339	(-97.72911,30.278454),(-97.729064,30.278541),(-97.729052,30.278566),(-97.728986,30.278708),(-97.728982,30.278717),(-97.728914,30.27886),(-97.72882,30.279061)
106303	(-97.725221,30.285603),(-97.724925,30.286058),(-97.724785,30.286273),(-97.724771,30.286294),(-97.724719,30.286375),(-97.724716,30.286379),(-97.724682,30.28643)
106360	(-97.724682,30.28643),(-97.724636,30.2865),(-97.724636,30.286501),(-97.724624,30.286519),(-97.724584,30.286583),(-97.724463,30.286753),(-97.724089,30.287392)
113437	(-97.724089,30.287392),(-97.723883,30.287719)
116295	(-97.723883,30.287719),(-97.723675,30.288049),(-97.723643,30.2881),(-97.723355,30.288554),(-97.723314,30.288623),(-97.723071,30.289036)
105253	(-97.734666,30.266823),(-97.734406,30.266743),(-97.734372,30.266732),(-97.734307,30.266712),(-97.734284,30.266705),(-97.734283,30.266705),(-97.73423,30.266688),(-97.7342,30.266679),(-97.733932,30.266596),(-97.733869,30.266577)
18429	(-97.7383,30.2699),(-97.7372,30.2696)
18168	(-97.7372,30.2696),(-97.7362,30.2693)
18167	(-97.7362,30.2693),(-97.733992,30.268625)
18394	(-97.7336,30.2697),(-97.7358,30.2702)
18426	(-97.7335,30.2675),(-97.7319,30.2672)
18162	(-97.734299,30.267725),(-97.7365,30.2683)
5159	(-97.732982,30.270499),(-97.733159,30.270127),(-97.733381,30.269668),(-97.73347,30.269505),(-97.733681,30.269165),(-97.733968,30.268695)
325002	(-97.7455,30.2609),(-97.7455,30.2609)
325003	(-97.7615,30.2694),(-97.7615,30.2694)
325004	(-97.7487,30.2611),(-97.7487,30.2611)
325005	(-97.7571,30.2645),(-97.7571,30.2645)
325006	(-97.7368,30.2612),(-97.7368,30.2612)
325007	(-97.7333,30.2706),(-97.7333,30.2706)
325008	(-97.734,30.2687),(-97.734,30.2687)
325010	(-97.735,30.2659),(-97.735,30.2659)
325011	(-97.7354,30.2649),(-97.7354,30.2649)
325012	(-97.7328,30.2718),(-97.7328,30.2718)
325013	(-97.7318,30.2748),(-97.7318,30.2748)
325014	(-97.7563,30.2895),(-97.7563,30.2895)
325015	(-97.733,30.2937),(-97.733,30.2937)
325016	(-97.7396,30.3003),(-97.7396,30.3003)
325017	(-97.7447,30.3027),(-97.7447,30.3027)
325018	(-97.7275,30.2831),(-97.7275,30.2831)
325019	(-97.72513,30.286652),(-97.72513,30.286652)
325020	(-97.727,30.2914),(-97.727,30.2914)
325021	(-97.7357,30.2972),(-97.7357,30.2972)
325022	(-97.7543,30.2779),(-97.7543,30.2779)
325023	(-97.7558,30.2708),(-97.7558,30.2708)
325024	(-97.7578,30.273),(-97.7578,30.273)
325025	(-97.7343,30.2677),(-97.7343,30.2677)
325026	(-97.7361,30.2631),(-97.7361,30.2631)
325027	(-97.7505,30.2997),(-97.7505,30.2997)
325028	(-97.7516,30.2801),(-97.7516,30.2801)
325029	(-97.7357,30.264),(-97.7357,30.264)
325030	(-97.7336,30.2697),(-97.7336,30.2697)
425002	(-97.7455,30.2609),(-97.7455,30.2609)
425003	(-97.7615,30.2694),(-97.7615,30.2694)
425004	(-97.7487,30.2611),(-97.7487,30.2611)
425005	(-97.7571,30.2645),(-97.7571,30.2645)
425006	(-97.7368,30.2612),(-97.7368,30.2612)
425007	(-97.7333,30.2706),(-97.7333,30.2706)
425008	(-97.734,30.2687),(-97.734,30.2687)
425010	(-97.735,30.2659),(-97.735,30.2659)
425011	(-97.7354,30.2649),(-97.7354,30.2649)
425012	(-97.7328,30.2718),(-97.7328,30.2718)
425013	(-97.7318,30.2748),(-97.7318,30.2748)
425014	(-97.7563,30.2895),(-97.7563,30.2895)
425015	(-97.733,30.2937),(-97.733,30.2937)
425016	(-97.7396,30.3003),(-97.7396,30.3003)
425017	(-97.7447,30.3027),(-97.7447,30.3027)
425018	(-97.7275,30.2831),(-97.7275,30.2831)
425019	(-97.72513,30.286652),(-97.72513,30.286652)
425020	(-97.727,30.2914),(-97.727,30.2914)
425021	(-97.7357,30.2972),(-97.7357,30.2972)
425022	(-97.7543,30.2779),(-97.7543,30.2779)
425023	(-97.7558,30.2708),(-97.7558,30.2708)
425024	(-97.7578,30.273),(-97.7578,30.273)
425025	(-97.7343,30.2677),(-97.7343,30.2677)
425026	(-97.7361,30.2631),(-97.7361,30.2631)
425027	(-97.7505,30.2997),(-97.7505,30.2997)
425028	(-97.7516,30.2801),(-97.7516,30.2801)
425029	(-97.7357,30.264),(-97.7357,30.264)
425030	(-97.7336,30.2697),(-97.7336,30.2697)
325009	(-97.7347,30.2668),(-97.7347,30.2668)
425009	(-97.7347,30.2668),(-97.7347,30.2668)
425101	(-97.7362,30.2963),(-97.7362,30.2963)
425104	(-97.7362,30.2963),(-97.7362,30.2963)
325110	(-97.7309,30.2635),(-97.7309,30.2635)
325111	(-97.737,30.257),(-97.737,30.257)
325112	(-97.7365,30.2571),(-97.7365,30.2571)
325113	(-97.7222,30.2909),(-97.7222,30.2909)
325114	(-97.7268,30.2788),(-97.7268,30.2788)
325115	(-97.728,30.2808),(-97.728,30.2808)
325116	(-97.7165,30.3002),(-97.7165,30.3002)
325117	(-97.7315,30.2647),(-97.7315,30.2647)
325118	(-97.7342,30.2615),(-97.7342,30.2615)
325119	(-97.7294,30.2692),(-97.7294,30.2692)
325120	(-97.7314,30.273),(-97.7314,30.273)
325121	(-97.726,30.2831),(-97.726,30.2831)
325122	(-97.7344,30.2605),(-97.7344,30.2605)
325123	(-97.7228,30.2853),(-97.7228,30.2853)
325124	(-97.7308,30.272),(-97.7308,30.272)
325125	(-97.7319,30.2672),(-97.7319,30.2672)
425110	(-97.7309,30.2635),(-97.7309,30.2635)
425111	(-97.737,30.257),(-97.737,30.257)
425112	(-97.7365,30.2571),(-97.7365,30.2571)
425113	(-97.7222,30.2909),(-97.7222,30.2909)
425114	(-97.7268,30.2788),(-97.7268,30.2788)
425115	(-97.728,30.2808),(-97.728,30.2808)
425116	(-97.7165,30.3002),(-97.7165,30.3002)
425117	(-97.7315,30.2647),(-97.7315,30.2647)
425118	(-97.7342,30.2615),(-97.7342,30.2615)
425119	(-97.7294,30.2692),(-97.7294,30.2692)
425120	(-97.7314,30.273),(-97.7314,30.273)
425121	(-97.726,30.2831),(-97.726,30.2831)
425122	(-97.7344,30.2605),(-97.7344,30.2605)
425123	(-97.7228,30.2853),(-97.7228,30.2853)
425124	(-97.7308,30.272),(-97.7308,30.272)
425125	(-97.7319,30.2672),(-97.7319,30.2672)
425126	(-97.7373,30.2578),(-97.7373,30.2578)
425127	(-97.7377,30.2574),(-97.7377,30.2574)
425128	(-97.7183,30.2966),(-97.7183,30.2966)
425129	(-97.7217,30.2914),(-97.7217,30.2914)
425130	(-97.7317,30.2659),(-97.7317,30.2659)
425131	(-97.7231,30.289),(-97.7231,30.289)
425150	(-97.7317,30.2659),(-97.7317,30.2659)
118219	(-97.7416,30.2785),(-97.7416,30.2785)
114512	(-97.7429,30.2639),(-97.7425,30.2649)
118373	(-97.7432,30.263),(-97.7429,30.2639)
18377	(-97.7455,30.2647),(-97.7459,30.2638)
14457	(-97.7421,30.2658),(-97.7411,30.2655)
17426	(-97.7411,30.2655),(-97.74,30.2652)
16877	(-97.7427,30.2722),(-97.7431,30.2712)
218459	(-97.7402,30.2707),(-97.7397,30.2724)
318459	(-97.7397,30.2724),(-97.7402,30.2707)
