6024	7199
350	7201
3603	7203
5783	7205
6180	7207
6216	7209
6747	7211
4823	7213
1596	7215
2216	7217
3814	7219
247	7221
1744	7223
3753	7225
4127	7227
4845	7229
6078	7231
6626	7233
7075	7235
3807	7219
5743	7237
6828	7239
6970	7241
6167	7243
6310	7245
6936	7247
217	7249
539	7251
1026	7253
1647	7255
1685	7257
1920	7259
2680	7261
4047	7263
6273	7265
7076	7235
2745	7267
4735	7269
4876	7271
4922	7273
5654	7275
5882	7277
1561	7279
2717	7267
3054	7281
5776	7205
6026	7199
1720	7283
1791	7285
5310	7287
5709	7289
723	7291
929	7293
3992	7295
5965	7297
699	7299
2469	7301
2489	7303
2576	7305
4100	7307
4763	7309
6272	7265
1069	7311
3266	7313
4651	7315
4749	7309
3398	7317
151	7319
2437	7321
4949	7323
5288	7325
6800	7327
5644	7275
6767	7329
4774	7309
5585	7331
6104	7333
3339	7335
5460	7337
5892	7277
1484	7339
4766	7309
511	7341
1263	7343
2383	7345
4103	7307
448	7347
1955	7259
2280	7349
2603	7351
3645	7353
3856	7355
5112	7357
6671	7359
69	7361
449	7347
3664	7363
3720	7365
4387	7367
5740	7237
530	7369
1606	7371
3358	7373
6196	7375
4458	7377
157	7379
1016	7253
1120	7381
2072	7383
6170	7243
6268	7385
251	7387
1497	7339
1894	7389
2952	7391
3874	7393
3414	7395
3761	7397
4389	7367
4815	7399
5548	7401
7079	7235
3032	7403
5255	7405
1562	7279
5348	7407
5397	7409
1272	7343
2755	7267
3137	7411
4717	7413
4892	7415
5182	7417
5738	7237
1551	7279
1754	7419
2897	7421
3364	7423
940	7425
2208	7217
3837	7427
5132	7357
580	7429
3991	7295
6832	7239
1087	7431
2600	7351
3011	7433
5497	7435
6111	7437
3936	7439
2605	7351
3994	7295
4102	7307
2180	7441
3109	7443
4216	7445
5256	7405
1441	7447
3834	7427
4137	7227
5482	7449
6225	7209
96	7451
1076	7453
4396	7367
6182	7207
6267	7385
6372	7455
149	7457
6528	7459
1482	7339
4253	7461
5807	7463
2826	7465
4393	7367
6138	7467
3924	7469
4778	7309
5995	7471
35	7473
3943	7475
6073	7477
6256	7479
6380	7455
6830	7239
950	7425
2048	7383
6375	7455
2032	7383
2252	7349
810	7481
1119	7381
5354	7407
694	7299
3859	7355
5380	7483
6916	7485
1481	7339
4541	7487
5187	7417
1959	7259
2161	7489
3542	7491
3792	7493
3880	7393
505	7495
2186	7441
2238	7349
3644	7353
5764	7497
6486	7499
510	7341
1009	7501
2091	7383
3663	7363
5217	7503
6720	7505
33	7473
956	7425
2056	7383
2371	7345
5314	7287
5875	7277
6223	7209
6321	7507
253	7387
1819	7285
3540	7491
4046	7263
5931	7509
1403	7511
6055	7513
341	7515
1673	7517
6360	7455
987	7519
3173	7521
3665	7363
2177	7441
2955	7391
4592	7523
5295	7325
5440	7525
6309	7245
736	7527
1796	7285
4182	7529
410	7531
1798	7285
2633	7533
2970	7535
3694	7537
5831	7539
4824	7213
7185	7541
4132	7227
2677	7261
4521	7487
6678	7359
7084	7235
668	7543
1960	7259
3439	7545
3466	7547
4405	7367
4589	7523
5961	7297
6705	7505
5935	7509
67	7361
3806	7219
5185	7417
5927	7509
6414	7549
2822	7465
3357	7373
3638	7551
3846	7553
4361	7555
160	7557
3269	7313
4673	7559
5250	7405
5675	7561
1809	7285
1866	7563
822	7565
3974	7295
4391	7367
5037	7567
5328	7569
5551	7401
141	7571
797	7573
5739	7237
5881	7277
6082	7231
230	7575
4973	7577
6027	7199
6746	7211
291	7579
2185	7441
2389	7345
2529	7581
3673	7583
7011	7585
1813	7285
2207	7217
5065	7587
1931	7259
3463	7547
6480	7499
7069	7235
1070	7311
1092	7431
4769	7309
4947	7323
333	7589
3209	7591
4669	7559
4740	7269
3384	7593
5061	7587
6220	7209
3647	7353
4000	7295
1933	7259
4928	7273
2386	7345
3459	7547
4386	7367
4517	7487
374	7595
2640	7597
3440	7545
6313	7245
197	7599
677	7601
3825	7603
4616	7605
4776	7309
6255	7479
568	7429
814	7607
3409	7395
3853	7355
4372	7609
5130	7357
4	7611
5017	7613
861	7615
1411	7617
2726	7267
5667	7619
288	7621
3215	7591
4649	7315
7149	7623
3591	7625
5701	7627
6723	7505
7068	7235
1799	7285
4215	7445
5287	7325
5878	7277
6409	7549
6634	7233
2042	7383
2431	7321
2957	7391
4539	7487
6459	7629
6532	7459
573	7429
5021	7613
1462	7339
2046	7383
3620	7631
5038	7567
5241	7633
1225	7635
2211	7217
4754	7309
3290	7637
4522	7487
4901	7639
2729	7267
5252	7405
6290	7641
4737	7269
1397	7643
1455	7339
3873	7393
6258	7479
565	7429
848	7615
1790	7285
5125	7357
5129	7357
2380	7345
3712	7365
4752	7309
5933	7509
6191	7375
6872	7645
3362	7423
3581	7647
6257	7479
785	7649
3482	7547
7135	7651
244	7653
693	7299
755	7655
2627	7657
3161	7659
4080	7661
238	7663
383	7595
2394	7345
5356	7407
5872	7277
6622	7233
6749	7211
531	7369
6327	7507
1413	7617
1935	7259
2988	7665
4076	7661
4764	7309
444	7347
1553	7279
1689	7257
2335	7667
769	7669
3332	7671
3771	7673
4352	7675
6778	7677
6934	7247
318	7679
577	7429
2181	7441
2515	7581
5432	7681
1451	7339
3251	7683
4670	7559
5479	7449
5734	7237
6041	7685
6089	7231
7015	7585
7137	7651
305	7687
552	7429
1334	7689
2074	7383
5208	7503
1768	7419
4278	7461
6376	7455
990	7519
5450	7337
6252	7479
1304	7691
4040	7263
6028	7199
178	7693
3155	7659
3465	7547
4249	7461
5707	7289
5850	7695
6416	7549
749	7697
1328	7699
1489	7339
3361	7423
3443	7545
3609	7203
4077	7661
5711	7289
54	7701
266	7703
3752	7225
5306	7287
220	7705
948	7425
3303	7707
3770	7673
3287	7637
3925	7469
4825	7213
6352	7455
5329	7569
6079	7231
7184	7541
172	7709
928	7293
6674	7359
2713	7267
3175	7521
4593	7523
6025	7199
6722	7505
7170	7711
429	7713
4163	7715
4588	7523
5517	7717
5844	7695
1930	7259
2248	7349
2754	7267
3366	7423
6152	7719
313	7679
1467	7339
2395	7345
2730	7267
4905	7639
6969	7241
4736	7269
5433	7681
44	7721
177	7693
2038	7383
2751	7267
6464	7629
952	7425
4454	7377
194	7723
1477	7339
2514	7581
4359	7555
783	7649
3693	7537
6874	7645
6939	7247
5804	7463
1949	7259
3998	7295
5825	7725
5216	7503
5451	7337
6875	7645
480	7727
2345	7667
5134	7357
727	7291
818	7729
1943	7259
2440	7321
4590	7523
4640	7731
5522	7717
5706	7289
7026	7585
7051	7733
1552	7279
4483	7735
5592	7331
6219	7209
3284	7637
3417	7395
5091	7737
357	7739
3050	7281
3522	7741
3589	7625
6377	7455
407	7531
1588	7743
3202	7591
3586	7625
3958	7745
6184	7207
6446	7747
7140	7651
2247	7349
4237	7749
4653	7315
6999	7751
1752	7419
1766	7419
3836	7427
4061	7753
4455	7377
5462	7337
522	7755
4885	7757
5645	7275
1198	7759
3001	7761
1627	7763
2070	7383
2212	7217
2250	7349
5213	7503
7008	7585
30	7765
1058	7767
2761	7267
2876	7769
4924	7273
4968	7577
4981	7577
6449	7747
1879	7771
2483	7303
3127	7773
700	7299
1194	7759
4353	7675
4882	7757
5383	7483
5685	7775
6478	7499
2242	7349
4247	7461
5371	7483
5621	7777
2864	7769
3085	7779
3631	7781
3921	7469
1956	7259
2339	7667
2697	7783
3028	7403
3261	7785
3365	7423
3532	7787
3729	7365
4750	7309
6861	7789
5048	7791
5113	7357
5263	7405
5774	7205
5819	7793
7169	7711
1116	7381
2209	7217
5215	7503
1864	7563
3221	7591
3377	7795
1118	7381
1663	7797
1688	7257
2577	7305
4440	7377
5064	7587
6494	7499
897	7799
4975	7577
5866	7277
7123	7801
1891	7389
2266	7349
2381	7345
6065	7803
951	7425
5018	7613
6084	7231
931	7293
1478	7339
2432	7321
2492	7303
4063	7753
5043	7791
5089	7737
315	7679
3774	7673
3884	7393
5014	7613
5650	7275
140	7571
1144	7805
6307	7245
570	7429
2578	7305
5521	7717
304	7687
5668	7619
766	7669
3714	7365
738	7527
1577	7807
2659	7809
2668	7811
4712	7413
4755	7309
5331	7569
5741	7237
6227	7209
1305	7691
1486	7339
5143	7357
6211	7209
6811	7327
3776	7673
2436	7321
4506	7487
181	7813
2985	7665
5034	7567
5708	7289
7167	7711
550	7429
2530	7581
2571	7305
3205	7591
4185	7529
6280	7815
6487	7499
3310	7817
4385	7367
5681	7819
6785	7821
1015	7253
2728	7267
3642	7823
6712	7505
3154	7659
3159	7659
3978	7295
207	7825
1090	7431
2517	7581
2984	7665
760	7827
856	7615
2393	7345
5869	7277
6329	7507
2269	7349
3553	7829
6490	7499
6901	7831
7018	7585
1327	7699
2330	7667
4314	7833
5079	7737
5623	7777
5625	7777
6665	7359
1398	7643
2512	7581
5381	7483
5553	7401
2528	7581
3995	7295
6361	7455
6538	7459
6951	7835
387	7595
2643	7597
2982	7665
1042	7837
3903	7839
4682	7559
6103	7333
3794	7493
4526	7487
5968	7297
7081	7235
43	7721
2838	7841
3220	7591
4122	7227
1125	7381
1337	7689
1480	7339
2043	7383
2156	7489
6620	7233
161	7557
4456	7377
4738	7269
1414	7617
2618	7843
3125	7773
4338	7845
4534	7487
5628	7777
1	7847
326	7849
2460	7301
3467	7547
1021	7253
5876	7277
1404	7511
1765	7419
4331	7851
5082	7737
6898	7831
237	7663
1124	7381
1187	7759
6081	7231
771	7669
1020	7253
4101	7307
4585	7523
4961	7577
229	7575
409	7531
516	7853
2759	7267
3652	7855
835	7857
7047	7733
6102	7333
1892	7389
2275	7349
2642	7597
2983	7665
4407	7367
5718	7289
10	7859
2986	7665
4683	7559
5588	7331
3051	7281
850	7615
1625	7763
3143	7861
7053	7733
2261	7349
2567	7305
5210	7503
6676	7359
3606	7203
5266	7405
6299	7863
446	7347
698	7299
2639	7597
2731	7267
4084	7661
1716	7283
2439	7321
2947	7391
3636	7551
386	7595
1113	7381
1275	7343
1410	7617
2379	7345
430	7713
983	7519
1762	7419
1941	7259
2374	7345
3796	7493
1097	7431
1863	7563
3367	7423
1078	7453
1806	7285
1962	7259
2164	7489
2821	7465
5514	7717
462	7865
1231	7867
1408	7617
1909	7259
521	7755
5742	7237
6938	7247
6120	7869
6190	7375
7163	7711
1126	7381
3539	7491
6362	7455
6986	7871
42	7721
1464	7339
3182	7521
5786	7205
1267	7343
2570	7305
5114	7357
798	7573
1944	7259
2270	7349
2715	7267
4345	7873
4925	7273
6744	7211
504	7495
1928	7259
2378	7345
2596	7351
4273	7461
4373	7609
815	7607
2725	7267
3474	7547
4868	7875
5425	7877
656	7879
1382	7881
1196	7759
2875	7769
5116	7357
5398	7409
5493	7883
551	7429
623	7885
1256	7343
1341	7689
2081	7383
5864	7277
6038	7685
2065	7383
2372	7345
2756	7267
3686	7537
6787	7821
1140	7805
2346	7667
5591	7331
1719	7283
2862	7769
3607	7203
5880	7277
1217	7887
1458	7339
2061	7383
3212	7591
5133	7357
2276	7349
4081	7661
6432	7889
1925	7259
2398	7345
4267	7461
4437	7377
272	7891
4759	7309
5784	7205
5963	7297
2757	7267
3997	7295
6903	7831
650	7879
651	7879
1193	7759
2922	7893
3300	7895
3437	7545
3602	7203
1307	7691
1452	7339
3197	7591
3911	7897
4238	7749
5400	7409
6088	7231
6	7859
1745	7223
2158	7489
2376	7345
5818	7793
3657	7899
4329	7851
4584	7523
6364	7455
1648	7255
5120	7357
22	7901
3067	7903
5984	7905
6568	7907
1942	7259
2917	7893
4485	7735
5308	7287
7067	7235
4959	7577
5136	7357
722	7291
1234	7867
1665	7797
1877	7771
4538	7487
5554	7401
4187	7529
5573	7331
808	7481
2263	7349
3653	7855
5499	7435
6086	7231
342	7515
1498	7339
2279	7349
4652	7315
4765	7309
6193	7375
849	7615
2861	7769
3146	7861
4532	7487
5940	7509
1457	7339
1611	7371
1707	7909
2073	7383
2629	7657
4628	7911
6758	7913
7017	7585
571	7429
1875	7771
2534	7581
4929	7273
5544	7401
7152	7623
1063	7915
1098	7431
3198	7591
4176	7529
4681	7559
5962	7297
6772	7917
2972	7535
3469	7547
4945	7323
1915	7259
2580	7305
3065	7903
3259	7785
4709	7413
858	7615
1951	7259
4039	7263
6370	7455
1428	7919
119	7921
167	7923
2217	7217
2396	7345
4448	7377
5060	7587
2873	7769
5336	7569
5884	7277
384	7595
1075	7453
3325	7925
4760	7309
6600	7927
508	7341
2462	7301
3986	7295
442	7347
737	7527
985	7519
1493	7339
2271	7349
2869	7769
3126	7773
5088	7737
5868	7277
523	7755
894	7799
2249	7349
2708	7267
3399	7317
4218	7445
4457	7377
5489	7929
6664	7359
283	7931
3860	7355
5188	7417
5478	7449
5924	7509
2040	7383
2057	7383
3990	7295
4097	7307
4706	7413
5126	7357
4130	7227
4135	7227
6784	7821
1308	7691
1453	7339
2667	7811
3436	7545
989	7519
3690	7537
3174	7521
5335	7569
1802	7285
3180	7521
6412	7549
6602	7927
252	7387
1298	7691
3178	7521
991	7519
5139	7357
286	7933
2999	7761
4161	7715
6899	7831
461	7865
1093	7431
3035	7403
4773	7309
5826	7725
6766	7329
725	7291
2377	7345
3289	7637
5307	7287
6119	7869
652	7879
3944	7475
6537	7459
6806	7327
109	7935
667	7543
1095	7431
4403	7367
5590	7331
1927	7259
5311	7287
6483	7499
955	7425
2265	7349
5399	7409
6565	7907
3214	7591
356	7739
2487	7303
2921	7893
2929	7893
2953	7391
3315	7937
3475	7547
3953	7745
4442	7377
5461	7337
6496	7499
3055	7281
5258	7405
5581	7331
6531	7459
2679	7261
886	7939
1681	7941
3555	7829
4258	7461
4893	7415
5015	7613
5373	7483
6466	7629
842	7615
2329	7667
5092	7737
6052	7943
6833	7239
190	7945
3662	7363
1380	7881
2918	7893
3672	7583
5405	7409
5808	7463
4162	7715
4524	7487
5873	7277
7016	7585
627	7885
1019	7253
3813	7219
6253	7479
1888	7389
2088	7383
2392	7345
3031	7403
3797	7493
4923	7273
5137	7357
5453	7337
6564	7907
6576	7907
756	7655
1952	7259
2493	7303
2508	7581
3460	7547
5676	7561
6118	7869
6862	7789
6958	7835
857	7615
3092	7779
6805	7327
7066	7235
1810	7285
1822	7285
2442	7321
3064	7903
3935	7439
4271	7461
7048	7733
3763	7397
4256	7461
3260	7785
5219	7503
5983	7905
6567	7907
6713	7505
895	7799
1180	7947
2182	7441
2727	7267
3265	7313
4328	7851
5680	7819
1241	7949
2055	7383
1876	7771
3622	7631
6056	7513
479	7727
3314	7937
1631	7763
4336	7845
5849	7695
629	7885
914	7951
4268	7461
1479	7339
3152	7659
3772	7673
5022	7613
1064	7915
2283	7349
2901	7421
5056	7587
6831	7239
79	7953
2163	7489
2278	7349
3201	7591
3484	7547
5719	7289
6308	7245
7020	7585
851	7615
6495	7499
295	7955
199	7599
3605	7203
6632	7233
1122	7381
3144	7861
4123	7227
4439	7377
5775	7205
863	7615
1395	7643
2638	7597
2975	7535
5035	7567
1555	7279
3410	7395
5437	7525
4125	7227
5382	7483
6128	7957
327	7849
1057	7767
1706	7909
5375	7483
11	7859
1713	7283
5863	7277
2281	7349
4274	7461
5309	7287
5805	7463
459	7865
2928	7893
3135	7411
4190	7529
6633	7233
794	7959
1443	7447
2047	7383
4484	7735
4907	7639
545	7429
6562	7907
6918	7485
801	7573
314	7679
5779	7205
2253	7349
2753	7267
3854	7355
5062	7587
2062	7383
4812	7399
6000	7471
578	7429
714	7961
3207	7591
3826	7603
5835	7539
1023	7253
1153	7805
1758	7419
3778	7673
5934	7509
1699	7963
2506	7581
5353	7407
994	7519
1249	7965
3838	7427
3110	7443
3886	7393
5674	7561
5785	7205
5817	7793
6172	7243
471	7967
5937	7509
6369	7455
3030	7403
6922	7485
83	7953
316	7679
1686	7257
5076	7737
7151	7623
855	7615
2219	7217
2520	7581
4707	7413
6106	7333
347	7201
3194	7591
4583	7523
6169	7243
6826	7239
2619	7843
3353	7969
6917	7485
1147	7805
1645	7255
3724	7365
4637	7731
6799	7327
7182	7541
4664	7559
4678	7559
5036	7567
6660	7359
726	7291
3762	7397
3977	7295
5402	7409
6794	7971
1310	7691
2722	7267
4505	7487
265	7703
1094	7431
1652	7255
2734	7267
4181	7529
4948	7323
5330	7569
56	7701
173	7709
1454	7339
2843	7841
4757	7309
5833	7539
6004	7471
7165	7711
628	7885
938	7425
1259	7343
2342	7667
2527	7581
4183	7529
4748	7309
7109	7973
468	7967
3857	7355
4370	7609
6719	7505
6952	7835
385	7595
684	7975
1434	7977
4272	7461
271	7891
2052	7383
2735	7267
3470	7547
4587	7523
5624	7777
6168	7243
6873	7645
4312	7833
4920	7273
1360	7979
1381	7881
1440	7447
2274	7349
3538	7491
4537	7487
412	7531
890	7799
1050	7981
6497	7499
854	7615
1233	7867
4486	7735
5407	7409
5879	7277
5964	7297
6205	7209
1232	7867
2692	7783
4650	7315
4675	7559
557	7429
2896	7421
3476	7547
4829	7213
5941	7509
6221	7209
6881	7645
5692	7983
6995	7751
1769	7419
2741	7267
3009	7433
1913	7259
2435	7321
3458	7547
4236	7749
6411	7549
6498	7499
625	7885
944	7425
4257	7461
5251	7405
3089	7779
3989	7295
5438	7525
7120	7801
2846	7841
5457	7337
5877	7277
6672	7359
2387	7345
6353	7455
68	7361
97	7451
4070	7985
5259	7405
405	7531
1148	7805
6279	7815
1587	7743
1718	7283
2244	7349
2719	7267
3305	7707
4221	7445
4626	7911
579	7429
1271	7343
2077	7383
2661	7809
7106	7973
493	7987
4713	7413
5690	7983
92	7451
896	7799
1409	7617
3983	7295
3878	7393
4540	7487
1091	7431
6431	7889
6489	7499
887	7939
3590	7625
4487	7735
5013	7613
5248	7405
5444	7989
5622	7777
5700	7627
1146	7805
1690	7257
3342	7335
4536	7487
1114	7381
3462	7547
3578	7647
4347	7873
2273	7349
2817	7465
3519	7741
5584	7331
2484	7303
5118	7357
7055	7733
566	7429
3091	7779
4276	7461
4523	7487
5204	7503
5516	7717
1154	7805
1797	7285
3138	7411
5887	7277
529	7369
770	7669
3808	7219
4831	7213
6413	7549
3288	7637
5556	7401
6541	7459
6779	7677
735	7527
2738	7267
695	7299
2819	7465
4869	7875
4894	7415
701	7299
1390	7991
4259	7461
5315	7287
5492	7883
496	7987
1088	7431
1463	7339
3993	7295
4978	7577
5806	7463
5865	7277
7014	7585
1007	7501
2467	7301
3151	7659
5960	7297
6322	7507
6846	7993
7108	7973
824	7995
1801	7285
2058	7383
3530	7787
4967	7577
5666	7619
6341	7997
1623	7763
2264	7349
3957	7745
844	7615
1396	7643
1912	7259
1946	7259
2634	7533
6848	7993
3136	7411
6218	7209
1025	7253
5262	7405
5376	7483
7012	7585
4264	7461
1626	7763
132	7999
224	8001
358	7739
2240	7349
2956	7391
4976	7577
6971	7241
2716	7267
3078	8003
3483	7547
4666	7559
5780	7205
280	8005
285	7933
1338	7689
2844	7841
3317	7937
6342	7997
6371	7455
7164	7711
239	7663
547	7429
4828	7213
36	7473
5454	7337
53	7701
949	7425
1800	7285
6955	7835
329	8007
649	7879
2397	7345
3363	7423
4346	7873
6884	7645
2712	7267
3157	7659
3882	7393
4489	7735
5520	7717
1687	7257
3108	7443
3632	7781
49	7701
1490	7339
4710	7413
4096	7307
5626	7777
381	7595
1671	7517
923	8009
4392	7367
4711	7413
7071	7235
1967	7259
3196	7591
5938	7509
4668	7559
939	7425
5327	7569
34	7473
5332	7569
348	7201
1301	7691
1576	7807
1950	7259
3195	7591
3713	7365
3812	7219
5016	7613
5424	7877
29	7765
1432	7977
1470	7339
1712	7283
1887	7389
3179	7521
3730	7365
4906	7639
460	7865
2246	7349
2277	7349
2971	7535
4106	7307
686	7975
1240	7949
3715	7365
5736	7237
6530	7459
7046	7733
413	7531
3551	7829
3793	7493
5744	7237
6181	7207
1487	7339
1760	7419
4814	7399
5735	7237
6920	7485
1763	7419
2519	7581
3106	7443
3177	7521
212	8011
860	7615
1265	7343
3090	7779
3916	8013
5511	7717
1143	7805
1662	7797
2597	7351
3835	7427
5458	7337
6577	7907
3541	7491
3759	7397
4960	7577
1459	7339
6367	7455
1426	7919
2919	7893
3211	7591
3692	7537
3769	7673
5455	7337
893	7799
5292	7325
2678	7261
5488	7929
5498	7435
6997	7751
2620	7843
4525	7487
4768	7309
5691	7983
5778	7205
6667	7359
519	7755
561	7429
5747	7237
5932	7509
6435	7889
9	7859
2818	7465
3478	7547
3623	7631
4045	7263
908	8015
3827	7603
4503	7487
5046	7791
5078	7737
5570	7331
5575	7331
6289	7641
7117	7801
273	7891
1613	7371
4451	7377
93	7451
363	7739
751	7697
2443	7321
3976	7295
425	7713
540	7251
1862	7563
5966	7297
6979	7871
2845	7841
3111	7443
3543	7491
7052	7733
186	8017
1792	7285
3066	7903
3646	7353
3671	7583
4339	7845
5286	7325
3444	7545
3967	7295
4214	7445
5406	7409
6535	7459
70	7361
1485	7339
1814	7285
3568	8019
5012	7613
5891	7277
7082	7235
3199	7591
1311	7691
4390	7367
4627	7911
5135	7357
5967	7297
6156	7719
7139	7651
6415	7549
231	7575
1605	7371
3309	7817
3679	7537
4160	7715
5577	7331
6561	7907
784	7649
3588	7625
4131	7227
5374	7483
5928	7509
300	8021
376	7595
676	7601
1488	7339
3113	7443
3206	7591
3723	7365
4826	7213
4865	7875
6624	7233
2341	7667
6847	7993
6980	7871
189	7945
1860	7563
2572	7305
3038	7403
5649	7275
6358	7455
7138	7651
4963	7577
5745	7237
5841	7695
5992	7471
6485	7499
6850	7993
5746	7237
152	7319
5523	7717
1178	7947
3875	7393
4128	7227
4129	7227
5459	7337
4124	7227
761	7827
1264	7343
1465	7339
4177	7529
6154	7719
4638	7731
6339	7997
3945	7475
4636	7731
6985	7871
910	8015
3910	7897
6312	7245
6477	7499
1438	7447
2239	7349
2739	7267
3932	8023
5926	7509
2645	7597
6629	7233
1346	7689
3316	7937
3931	8023
4270	7461
4623	7911
5781	7205
7189	7541
6710	7505
1041	7837
1303	7691
1721	7283
2068	7383
3904	7839
4356	7555
5446	7989
6662	7359
1022	7253
2749	7267
6792	7971
984	7519
1873	7771
2950	7391
4041	7263
4178	7529
4317	7833
5142	7357
6493	7499
6856	7789
259	8025
6539	7459
6718	7505
4374	7609
1651	7255
3299	7895
3563	8027
3678	7537
5997	7471
6570	7907
1149	7805
1938	7259
3204	7591
4121	7227
4234	7749
2215	7217
5333	7569
5686	7775
7159	7711
2332	7667
2676	7261
4679	7559
6711	7505
548	7429
1065	7915
2820	7465
2468	7301
5179	7417
6900	7831
335	7589
495	7987
4501	7487
1306	7691
1732	8029
2696	7783
4399	7367
4974	7577
5404	7409
3276	8031
94	7451
443	7347
1911	7259
2658	7809
6708	7505
4533	7487
4884	7757
5508	7717
6037	7685
7013	7585
3079	8003
5209	7503
5313	7287
6443	7747
6599	7927
6706	7505
920	8033
1483	7339
1823	7285
2071	7383
4261	7461
6748	7211
2064	7383
2842	7841
3862	7355
1213	7887
1736	8029
1807	7285
3435	7545
6357	7455
107	7935
2687	7783
4983	7577
6460	7629
6957	7835
1300	7691
4504	7487
7078	7235
1261	7343
1890	7389
6343	7997
6808	7327
4849	7229
5127	7357
113	8035
544	7429
2628	7657
3181	7521
3912	7897
6153	7719
206	7825
1273	7343
2189	7441
2470	7301
4436	7377
6155	7719
1047	7981
2573	7305
5420	8037
6266	7385
6972	7241
1818	7285
2333	7667
3790	7493
5349	7407
2272	7349
5546	7401
5993	7471
6302	7863
6656	7359
309	8039
1309	7691
1494	7339
3879	7393
3979	7295
5981	7905
619	7885
3344	7335
4362	7555
5669	7619
6442	7747
538	7251
2900	7421
3984	7295
4318	7833
1155	7805
1492	7339
2086	7383
3368	7423
4358	7555
2569	7305
2737	7267
6166	7243
6356	7455
6675	7359
2050	7383
2089	7383
3791	7493
6284	8041
7025	7585
7121	7801
6491	7499
853	7615
1607	7371
1735	8029
5847	7695
6326	7507
5290	7325
672	8043
1188	7759
2927	7893
55	7701
3999	7295
216	7249
263	8045
2602	7351
3172	7521
4756	7309
6458	7629
843	7615
2385	7345
3012	7433
2604	7351
1794	7285
1932	7259
3556	7829
3719	7365
3905	7839
620	7885
1248	7965
1335	7689
1610	7371
2524	7581
5571	7331
6127	7957
5589	7331
6714	7505
2464	7301
6804	7327
379	7595
1755	7419
5481	7449
6040	7685
6083	7231
6215	7209
4680	7559
5507	7717
274	7891
786	7649
1258	7343
1336	7689
1947	7259
3254	7683
4708	7413
5122	7357
4519	7487
4529	7487
5519	7717
7105	7973
1456	7339
3858	7355
6596	7927
1743	7223
3486	7547
4357	7555
4515	7487
5045	7791
5377	7483
5579	7331
6039	7685
6863	7789
621	7885
1326	7699
1371	8047
290	7579
334	7589
2531	7581
2574	7305
2660	7809
3029	7403
6765	7329
4255	7461
1372	8047
2343	7667
5452	7337
5639	8049
6112	7437
7019	7585
7133	7651
447	7347
2760	7267
1266	7343
2507	7581
2641	7597
2669	7811
4957	7577
137	7571
467	7967
2243	7349
3107	7443
4672	7559
5638	8049
1895	7389
2533	7581
3033	7403
5845	7695
6048	8051
6328	7507
2954	7391
4191	7529
4516	7487
5087	7737
6274	7265
6285	8041
925	8009
1759	7419
2710	7267
6217	7209
481	7727
1096	7431
2076	7383
2183	7441
5203	7503
6410	7549
450	7347
574	7429
833	7857
1580	7807
4441	7377
4767	7309
1633	7763
4665	7559
5580	7331
6060	8053
6157	7719
6447	7747
3876	7393
3947	7475
2258	7349
2486	7303
4751	7309
308	8039
3579	7647
3970	7295
8	7859
1192	7759
3610	7203
388	7595
745	8055
907	8015
1924	7259
2033	7383
4847	7229
5547	7401
6716	7505
3685	7537
3750	7225
4400	7367
4964	7577
1269	7343
1345	7689
4965	7577
5081	7737
5652	7275
6786	7821
3985	7295
4488	7735
4866	7875
4958	7577
924	8009
1415	7617
1908	7259
2898	7421
1650	7255
6324	7507
6373	7455
6877	7645
553	7429
767	7669
2344	7667
2839	7841
5994	7471
6834	7239
721	7291
5176	7417
6085	7231
6363	7455
6905	7831
171	7709
4921	7273
5254	7405
5583	7331
5842	7695
6536	7459
7024	7585
7124	7801
2079	7383
2282	7349
4068	7985
4220	7445
5237	7633
685	7975
4445	7377
6117	7869
198	7599
1963	7259
2262	7349
4531	7487
5439	7525
5763	7497
483	7727
1495	7339
2035	7383
2059	7383
4235	7749
4277	7461
6661	7359
12	7859
362	7739
5326	7569
2206	7217
3624	7631
4337	7845
4490	7735
6461	7629
6569	7907
6379	7455
6953	7835
317	7679
2461	7301
5119	7357
5239	7633
2051	7383
3013	7433
4184	7529
4402	7367
5205	7503
5698	7627
5717	7289
6066	7803
6669	7359
576	7429
3434	7545
537	7251
1554	7279
1958	7259
5358	7407
7161	7711
2644	7597
3268	7313
1820	7285
3006	7433
6436	7889
2825	7465
3416	7395
4408	7367
7009	7585
51	7701
2693	7783
2718	7267
4827	7213
988	7519
1362	7979
1966	7259
2179	7441
2863	7769
4180	7529
5647	7275
6213	7209
6802	7327
575	7429
724	7291
2688	7783
687	7975
765	7669
1329	7699
4250	7461
6209	7209
24	7901
294	7955
936	7425
2382	7345
2522	7581
2948	7391
6859	7789
4438	7377
4761	7309
2459	7301
4507	7487
5206	7503
3277	8031
4186	7529
4615	7605
7187	7541
679	7601
1274	7343
1612	7371
2384	7345
2647	7597
3980	7295
7065	7235
2036	7383
6677	7359
3086	7779
3658	7899
4753	7309
5044	7791
6344	7997
6810	7327
130	7999
6598	7927
221	7705
1700	7963
2373	7345
5867	7277
142	7571
1080	7453
3795	7493
6005	7471
6803	7327
95	7451
159	7557
4340	7845
4770	7309
4883	7757
1186	7759
3937	7439
4530	7487
5679	7819
6801	7327
845	7615
1046	7981
3389	8057
3580	7647
2160	7489
3480	7547
4254	7461
1014	7253
4714	7413
6323	7507
52	7701
549	7429
1940	7259
2375	7345
4001	7295
4062	7753
4830	7213
5240	7633
2568	7305
4158	7715
5640	8049
986	7519
82	7953
382	7595
3811	7219
5260	7405
5587	7331
71	7361
2733	7267
3608	7203
4772	7309
6087	7231
269	8059
4613	7605
1260	7343
1628	7763
1945	7259
2337	7667
2973	7535
624	7885
1805	7285
1921	7259
2924	7893
4217	7445
4384	7367
4401	7367
6883	7645
1416	7617
6858	7789
6773	7917
4082	7661
4502	7487
7118	7801
1073	8061
1257	7343
2034	7383
5212	7503
6572	7907
257	8063
945	7425
1466	7339
1491	7339
2926	7893
4596	7523
4886	7757
6214	7209
6465	7629
426	7713
2049	7383
6670	7359
556	7429
2190	7441
491	7987
2525	7581
3554	7829
4443	7377
6500	7499
1077	7453
1427	7919
3902	7839
4979	7577
3621	7631
213	8011
862	7615
5823	7725
5888	7277
6879	7645
943	7425
1919	7259
3104	7443
3218	7591
3473	7547
4966	7577
5253	7405
5428	8065
6484	7499
7023	7585
1821	7285
2695	7783
3773	7673
5265	7405
4739	7269
6937	7247
4078	7661
1926	7259
4971	7577
6663	7359
6923	7485
3390	8057
4715	7413
5524	7717
1123	7381
2974	7535
5518	7717
1370	8047
2824	7465
3158	7659
3518	7741
1916	7259
2254	7349
2903	7421
3468	7547
5925	7509
1181	7947
3341	7335
3922	7469
4233	7749
6183	7207
6998	7751
1142	7805
3828	7603
5809	7463
6067	7803
6560	7907
2348	7667
4758	7309
3885	7393
5124	7357
6300	7863
477	7727
782	7649
1388	7991
3777	7673
4079	7661
5979	7905
1793	7285
3683	7537
261	8067
2689	7783
5063	7587
5874	7277
1499	7339
3479	7547
3601	7203
3938	7439
4048	7263
2188	7441
3334	7671
5765	7497
6226	7209
6983	7871
332	7589
1387	7991
2840	7841
4617	7605
674	8069
891	7799
1550	7279
1929	7259
3412	7395
4639	7731
2877	7769
6709	7505
6954	7835
1270	7343
1412	7617
3267	7313
4069	7985
4857	8071
5555	7401
1670	7517
4313	7833
4330	7851
6105	7333
2599	7351
4083	7661
6137	7467
1247	7965
2214	7217
3682	7537
3883	7393
5552	7401
1276	7343
3253	7683
80	7953
2053	7383
3007	7433
3326	7925
4043	7263
4094	7307
5545	7401
6857	7789
648	7879
4518	7487
4977	7577
5431	7681
246	7221
4811	7399
5115	7357
6605	7927
7134	7651
129	7999
744	8055
5293	7325
6618	7233
3400	7317
5648	7275
5969	7297
6666	7359
1151	7805
3954	7745
1343	7689
2159	7489
3691	7537
4446	7377
6904	7831
3571	8019
6212	7209
2675	7261
4667	7559
41	7721
1874	7771
2513	7581
3533	7787
4263	7461
6359	7455
7136	7651
7183	7541
4134	7227
5515	7717
1262	7343
3687	7537
4395	7367
3433	7545
5766	7497
909	8015
1889	7389
3481	7547
5803	7463
299	8021
2598	7351
5627	7777
6876	7645
6882	7645
6973	7241
1212	7887
4654	7315
1117	7381
6603	7927
7160	7711
1339	7689
4895	7415
166	7923
2847	7841
558	7429
2267	7349
3016	7433
3036	7403
1439	7447
2075	7383
5131	7357
5582	7331
4511	7487
5261	7405
5646	7275
2155	7489
3285	7637
4775	7309
4909	7639
5550	7401
5996	7471
6433	7889
1714	7283
3919	8073
6982	7871
1715	7283
2438	7321
2998	7761
3278	8031
6604	7927
153	7319
657	7879
1733	8029
2184	7441
3102	7443
5184	7417
428	7713
5238	7633
5509	7717
6919	7485
1734	8029
2433	7321
4157	7715
5186	7417
532	7369
1024	7253
1389	7991
1468	7339
2466	7301
5574	7331
5998	7471
7162	7711
2045	7383
6080	7231
6745	7211
6941	7247
2816	7465
4388	7367
918	8033
2331	7667
2709	7267
3052	7281
5506	7717
5712	7289
937	7425
4813	7399
6445	7747
6835	7239
208	7825
492	7987
957	7425
1632	7763
3063	7903
1811	7285
4508	7487
6023	7199
7050	7733
6418	7549
6527	7459
1761	7419
2162	7489
4042	7263
4266	7461
3014	7433
3053	7281
5175	7417
5991	7471
6368	7455
503	7495
4453	7377
6621	7233
697	7299
2090	7383
2521	7581
2743	7267
3131	8075
6365	7455
6540	7459
5086	7737
6374	7455
1861	7563
1922	7259
2848	7841
3464	7547
6563	7907
2516	7581
3219	7591
3688	7537
408	7531
834	7857
1964	7259
2204	7217
3103	7443
4044	7263
4718	7413
4860	8071
5586	7331
799	7573
1965	7259
2867	7769
3388	8057
5121	7357
750	7697
414	7531
3068	7903
3392	8057
3717	7365
6534	7459
1156	7805
1893	7389
2078	7383
4614	7605
6721	7505
131	7999
1157	7805
3415	7395
5737	7237
941	7425
2178	7441
3531	7787
6529	7459
7110	7973
2646	7597
4375	7609
5715	7289
6658	7359
2905	7421
6003	7471
1018	7253
1340	7689
4625	7911
4858	8071
841	7615
1808	7285
3587	7625
4095	7307
4133	7227
4452	7377
4946	7323
5846	7695
1433	7977
2087	7383
4262	7461
6208	7209
1079	7453
1701	7963
2523	7581
5047	7791
5772	7205
6047	8051
13	7859
180	7813
225	8001
915	7951
1878	7771
4512	7487
6462	7629
5249	7405
2946	7391
1886	7389
5294	7325
2511	7581
4275	7461
2031	7383
2823	7465
3529	7787
4677	7559
562	7429
6224	7209
123	7921
5123	7357
6072	7477
832	7857
2714	7267
4174	7529
4594	7523
4597	7523
5180	7417
5980	7905
5576	7331
6880	7645
7153	7623
4252	7461
3946	7475
5084	7737
5183	7417
631	7885
3084	7779
4406	7367
4647	7315
5401	7409
6141	7467
6659	7359
6829	7239
1756	7419
3760	7397
4844	7229
4962	7577
6566	7907
2434	7321
139	7571
781	7649
1442	7447
3213	7591
3630	7781
4099	7307
5181	7417
6006	7471
196	7599
1824	7285
3855	7355
828	8077
1141	7805
1366	8047
1795	7285
2067	7383
57	7701
678	7601
4867	7875
1764	7419
2579	7305
4126	7227
567	7429
1767	7419
2082	7383
2441	7321
2711	7267
5077	7737
5890	7277
6499	7499
1597	7215
3418	7395
5510	7717
560	7429
2241	7349
2595	7351
2750	7267
3725	7365
3968	7295
5549	7401
6984	7871
1757	7419
5289	7325
5714	7289
6378	7455
7070	7235
2724	7267
4943	7323
3132	8075
4591	7523
6616	7233
6763	8079
6959	7835
2349	7667
4105	7307
1672	7517
3008	7433
3402	7317
3680	7537
3982	7295
6956	7835
563	7429
3809	7219
4397	7367
4930	7273
5982	7905
819	7729
2740	7267
3718	7365
5463	7337
5620	7777
7021	7585
7107	7973
655	7879
3087	7779
4269	7461
5870	7277
6444	7747
654	7879
2491	7303
4671	7559
5207	7503
5824	7725
1953	7259
2617	7843
6059	8053
6288	7641
6807	7327
6921	7485
1049	7981
653	7879
1013	7253
1150	7805
1216	7887
1753	7419
2069	7383
2205	7217
4049	7263
5572	7331
6126	7957
6935	7247
1239	7949
1469	7339
4376	7609
4903	7639
5885	7277
5929	7509
50	7701
2347	7667
2758	7267
6575	7907
3839	7427
2085	7383
2723	7267
2904	7421
4164	7715
5716	7289
6029	7199
359	7739
717	7961
5513	7717
6074	7477
7	7859
2666	7811
3193	7591
5693	7983
768	7669
2260	7349
2732	7267
4192	7529
6197	7375
1598	7215
4586	7523
5862	7277
3275	8031
5710	7289
360	7739
958	7425
1368	8047
2080	7383
3383	7593
5851	7695
375	7595
1579	7807
6278	7815
236	7663
1197	7759
1476	7339
2257	7349
2505	7581
3345	7335
4877	7271
5771	7205
6171	7243
6757	7913
800	7573
3442	7545
4398	7367
4449	7377
5140	7357
6635	7233
6292	7641
2430	7321
5651	7275
6207	7209
4846	7229
1190	7759
1461	7339
3975	7295
6136	7467
6222	7209
3082	8081
3160	7659
6533	7459
2268	7349
3145	7861
3641	7823
4444	7377
5883	7277
6619	7233
361	7739
478	7727
559	7429
1008	7501
3000	7761
4179	7529
4747	7309
520	7755
1089	7431
2601	7351
2871	7769
3477	7547
6707	7505
1691	7257
2989	7665
4188	7529
1152	7805
1664	7797
3981	7295
5178	7417
6064	7803
445	7347
1369	8047
3438	7545
3721	7365
5512	7717
6129	7957
6311	7245
6627	7233
852	7615
1460	7339
1559	7279
3069	7903
6488	7499
378	7595
696	7299
3217	7591
3354	7969
4219	7445
4513	7487
4676	7559
2694	7783
3411	7395
3727	7365
4527	7487
4510	7487
5117	7357
6996	7751
377	7595
1086	7431
4902	7639
6151	7719
6617	7233
509	7341
2621	7843
3520	7741
4098	7307
6417	7549
431	7713
846	7615
953	7425
2509	7581
3324	7925
3722	7365
4514	7487
564	7429
2063	7383
2510	7581
3726	7365
5059	7587
1954	7259
2899	7421
7150	7623
2866	7769
4212	7445
4248	7461
4260	7461
4970	7577
5886	7277
81	7953
1472	7339
2930	7893
4972	7577
6704	7505
6849	7993
6940	7247
7022	7585
5011	7613
1923	7259
3923	7469
3408	7395
4450	7377
6628	7233
7080	7235
5834	7539
6492	7499
1907	7259
3210	7591
4646	7315
6479	7499
1344	7689
2399	7345
2488	7303
2720	7267
3333	7671
3956	7745
4762	7309
5236	7633
7010	7585
108	7935
2874	7769
4265	7461
4509	7487
4624	7911
4919	7273
5020	7613
279	8005
1473	7339
4104	7307
3848	7553
349	7201
622	7885
3472	7547
5999	7471
98	7451
1590	7743
6793	7971
2030	7383
3340	7335
3969	7295
5019	7613
6703	7505
2054	7383
4684	7559
1609	7371
4535	7487
1121	7381
4980	7577
1751	7419
2865	7769
5128	7357
1914	7259
2736	7267
4705	7413
6366	7455
6481	7499
1179	7947
1215	7887
1957	7259
5578	7331
28	7765
772	7669
3304	7707
6301	7863
6571	7907
6759	7913
1948	7259
3461	7547
184	8083
373	7595
3391	8057
3656	7899
3689	7537
1717	7283
3973	7295
6051	7943
6630	7233
228	7575
2742	7267
5058	7587
1557	7279
3279	8031
121	7921
411	7531
4002	7295
4315	7833
7119	7801
4859	8071
6777	7677
1812	7285
3010	7433
5422	8085
5593	7331
469	7967
1299	7691
2220	7217
3751	7225
554	7429
826	8087
6601	7927
1815	7285
2746	7267
2747	7267
3200	7591
3441	7545
4982	7577
5871	7277
6783	7821
859	7615
2084	7383
2245	7349
2987	7665
6228	7209
6827	7239
6878	7645
946	7425
954	7425
3987	7295
5177	7417
6981	7871
494	7987
630	7885
3034	7403
3887	7393
4213	7445
5379	7483
1939	7259
3037	7403
3322	7925
4822	7213
2153	7489
2390	7345
2526	7581
2951	7391
3343	7335
4848	7229
4926	7273
5350	7407
6715	7505
7077	7235
432	7713
1817	7285
1937	7259
3861	7355
372	7595
2465	7301
5334	7569
6776	7677
1245	7965
3419	7395
5351	7407
6140	7467
6340	7997
2336	7667
2860	7769
3457	7547
3552	7829
572	7429
3286	7637
4409	7367
2157	7489
5138	7357
6355	7455
1578	7807
2923	7893
1680	7941
1742	7223
1936	7259
2920	7893
5713	7289
1624	7763
4520	7487
6192	7375
1589	7743
2868	7769
5355	7407
5357	7407
7188	7541
618	7885
3485	7547
5372	7483
1246	7965
3881	7393
3959	7745
6135	7467
2041	7383
3216	7591
5456	7337
7074	7235
692	7299
3996	7295
5141	7357
5848	7695
5930	7509
6210	7209
346	7201
1226	7635
1646	7255
2210	7217
2841	7841
5352	7407
992	7519
1017	7253
1630	7763
2388	7345
3728	7365
4360	7555
5264	7405
5889	7277
7054	7733
114	8035
1474	7339
1961	7259
3105	7443
6448	7747
829	8077
1804	7285
2925	7893
1586	7743
3360	7423
7073	7235
2251	7349
2744	7267
4771	7309
1674	7517
3684	7537
5214	7503
7168	7711
138	7571
1195	7759
1906	7259
5594	7331
4875	7271
546	7429
959	7425
1158	7805
3570	8019
4944	7323
1471	7339
3521	7741
4394	7367
5057	7587
626	7885
1115	7381
1560	7279
809	7481
1934	7259
4881	7757
5480	7449
1051	7981
1708	7909
2518	7581
3572	8019
4136	7227
806	8089
4371	7609
5777	7205
312	7679
715	7961
892	7799
3955	7745
6002	7471
6573	7907
1255	7343
1268	7343
3015	7433
3112	7443
3972	7295
4319	7833
4404	7367
5085	7737
1145	7805
3088	7779
3569	8019
3681	7537
4075	7661
2060	7383
165	7923
993	7519
3153	7659
3824	7603
3847	7553
6354	7455
919	8033
4067	7985
4969	7577
5312	7287
5500	7435
6809	7327
7083	7235
78	7953
6482	7499
3564	8027
6860	7789
77	7953
1629	7763
3604	7203
5257	7405
2083	7383
2949	7391
4719	7413
1910	7259
3156	7659
3637	7551
5419	8037
7166	7711
3176	7521
4189	7529
5090	7737
6597	7927
2338	7667
4447	7377
122	7921
3988	7295
4716	7413
569	7429
1803	7285
7072	7235
7186	7541
1302	7691
1608	7371
2429	7321
5378	7483
6113	7437
2532	7581
3716	7365
4159	7715
6574	7907
3208	7591
3252	7683
4156	7715
5843	7695
6906	7831
406	7531
1750	7419
2218	7217
4491	7735
4927	7273
4777	7309
5218	7503
5699	7627
5936	7509
6291	7641
632	7885
2259	7349
2690	7783
4239	7749
2037	7383
2255	7349
3401	7317
4251	7461
4595	7523
6434	7889
6631	7233
1918	7259
2154	7489
5782	7205
331	7589
2902	7421
4316	7833
5939	7509
6625	7233
7049	7733
947	7425
1406	8091
6419	7549
470	7967
2187	7441
2213	7217
4528	7487
6001	7471
120	7921
187	8017
942	7425
2334	7667
3775	7673
5291	7325
5773	7205
6501	7499
5445	7989
1059	7767
1367	8047
1599	7215
7122	7801
1214	7887
1224	7635
6206	7209
6657	7359
7000	7751
2066	7383
2485	7303
2748	7267
1189	7759
1917	7259
2535	7581
2721	7267
115	8035
380	7595
702	7299
1191	7759
1865	7563
3413	7395
1558	7279
2039	7383
5211	7503
1475	7339
3456	7547
3810	7219
3877	7393
4648	7315
4904	7639
1649	7255
3379	7795
3670	7583
6668	7359
1048	7981
1342	7689
3592	7625
6058	8053
6902	7831
427	7713
1450	7339
2340	7667
3203	7591
5093	7737
1361	7979
2463	7301
2752	7267
3323	7925
5653	7275
1816	7285
293	7955
555	7429
930	7293
2044	7383
3378	7795
6194	7375
482	7727
2256	7349
2490	7303
6542	7459
759	7827
2872	7769
4674	7559
6933	7247
6134	7467
6673	7359
743	8055
5080	7737
6463	7629
716	7961
1556	7279
3971	7295
6325	7507
847	7615
6526	7459
6717	7505
23	7901
2391	7345
3471	7547
4175	7529
5403	7409
5832	7539
6139	7467
1496	7339
2691	7783
2870	7769
4908	7639
200	7599
4821	7213
6623	7233
6195	7375
2575	7305
793	7959
2969	7391
5083	7737
5490	7929
6254	7479
402	7595
1833	7285
2707	7783
3405	7317
5300	7325
5641	8049
867	7615
2673	7811
398	7595
1219	7887
1283	7343
4241	7749
4933	7273
2120	7383
3757	7225
6652	7233
2653	7597
3004	7761
6244	7209
6469	7629
302	8021
792	7649
1002	7519
4210	7529
3171	7659
5410	7409
277	7891
466	7865
2413	7345
3844	7427
4149	7227
6235	7209
2537	7581
2878	7769
3058	7281
248	7221
1184	7947
5838	7539
395	7595
688	7975
926	8009
3702	7537
4232	7445
904	7799
1518	7339
3404	7317
586	7429
2098	7383
5409	7409
5435	7681
5595	7331
6470	7629
1538	7339
6306	7863
6587	7907
719	7961
807	8089
1635	7763
1838	7285
1858	7285
2309	7349
6438	7889
1359	7689
2801	7267
3329	7925
5560	7401
6336	7507
99	7451
2788	7267
7126	7801
1392	7991
1572	7279
3453	7545
4310	7461
5025	7613
5324	7287
1728	7283
3548	7491
3934	8023
4308	7461
4798	7309
6122	7869
6204	7375
6233	7209
2561	7581
4552	7487
5899	7277
7128	7801
1692	7257
1704	7963
2787	7267
2939	7893
464	7865
779	7669
2306	7349
1127	7381
2118	7383
3094	7779
3451	7545
5304	7325
6147	7467
7196	7541
927	8009
4205	7529
4643	7731
5275	7405
1383	7881
4411	7367
476	7967
1109	7431
1666	7797
2698	7783
3448	7545
4320	7833
868	7615
1884	7771
3446	7545
4465	7377
6270	7385
6383	7455
58	7701
2298	7349
4037	7295
4427	7367
4887	7757
644	7885
1594	7743
4092	7661
5921	7277
2812	7267
4007	7295
6729	7505
2890	7769
5111	7737
6287	8041
2780	7267
514	7341
1228	7635
1504	7339
2166	7489
4837	7213
6517	7499
6965	7835
397	7595
1746	7223
2778	7267
5615	7331
146	7571
2934	7893
4695	7559
5221	7503
6176	7243
7064	7733
898	7799
1355	7689
4093	7661
6407	7455
4579	7487
5957	7509
3150	7861
3311	7817
6054	7943
753	7697
972	7425
1508	7339
2134	7383
4333	7851
5189	7417
2111	7383
6099	7231
7192	7541
1521	7339
2291	7349
2317	7349
6007	7471
6036	7199
526	7755
3183	7521
5951	7509
144	7571
1883	7771
3920	8073
4301	7461
5418	7409
6502	7499
6851	7993
513	7341
3560	7829
4245	7749
6699	7359
4119	7307
5226	7503
6186	7207
4462	7377
2418	7345
3577	8019
3677	7583
5317	7287
6687	7359
103	7451
1502	7339
5956	7509
6160	7719
2115	7383
3863	7355
5987	7905
2672	7811
4621	7605
5268	7405
5670	7619
5836	7539
3081	8003
6234	7209
6132	7957
232	7575
2554	7581
3535	7787
3898	7393
4689	7559
6700	7359
168	7923
1845	7285
4166	7715
4290	7461
5099	7737
6769	7329
1377	8047
5149	7357
4599	7523
5109	7737
7095	7235
249	7221
2684	7261
3347	7335
4113	7307
4690	7559
5471	7337
147	7571
4034	7295
5659	7275
6696	7359
4691	7559
2305	7349
2357	7667
6271	7385
1999	7259
2624	7843
6653	7233
4032	7295
4120	7307
6188	7207
1386	7881
5193	7417
6796	7971
6820	7327
6992	7871
7032	7585
1849	7285
2420	7345
3048	7403
3330	7925
4499	7735
6947	7247
730	7291
1989	7259
3915	7897
5159	7357
2852	7841
3431	7395
4479	7377
4582	7487
154	7319
1106	7431
1163	7805
2478	7301
5274	7405
6842	7239
1738	8029
2221	7217
3941	7439
5985	7905
6817	7327
175	7709
301	8021
1353	7689
1642	7763
1847	7285
3711	7537
5283	7405
6391	7455
499	7987
2325	7349
3356	7969
2148	7383
4115	7307
6508	7499
5231	7503
5416	7409
6422	7549
6503	7499
2766	7267
3731	7365
6050	8051
3962	7745
5106	7737
791	7649
3163	7659
3867	7355
4031	7295
6174	7243
6930	7485
2411	7345
3116	7443
3337	7671
5160	7357
5616	7331
7147	7651
26	7901
226	8001
1012	7501
2028	7259
3359	7373
5006	7577
5527	7717
17	7859
3241	7591
4141	7227
4169	7715
6069	7803
4341	7845
4426	7367
6450	7747
452	7347
418	7531
485	7727
2908	7421
3649	7353
788	7649
4085	7661
5603	7331
6335	7507
7028	7585
1656	7255
1705	7963
2681	7261
5731	7289
451	7347
2227	7217
3788	7673
4111	7307
6177	7243
2671	7811
3550	7491
5567	7401
5661	7275
5673	7619
6071	7803
150	7457
2476	7301
2804	7267
4464	7377
4915	7639
5426	7877
6386	7455
6764	8079
297	7955
3077	7903
4226	7445
1393	7991
3100	7779
3598	7625
3965	7745
4995	7577
4242	7749
6559	7459
1851	7285
2979	7535
3306	7707
6423	7549
2853	7841
3017	7433
5923	7277
5796	7205
6400	7455
4053	7263
6788	7821
47	7721
1868	7563
2882	7769
4143	7227
6839	7239
3190	7521
3243	7591
5664	7275
6090	7231
6246	7209
5242	7633
5319	7287
7088	7235
608	7429
2304	7349
191	7945
2607	7351
3124	7443
3352	7335
5297	7325
5944	7509
6242	7209
112	7935
746	8055
1418	7617
2006	7259
607	7429
6967	7835
415	7531
1978	7259
2093	7383
2143	7383
3732	7365
5496	7883
582	7429
802	7573
4244	7749
6175	7243
7063	7733
7125	7801
75	7361
5100	7737
5610	7331
6237	7209
6613	7927
690	7975
2504	7303
2563	7581
3961	7745
2198	7441
5769	7497
5855	7695
32	7765
2141	7383
982	7425
1312	7691
1584	7807
2308	7349
4810	7309
4951	7323
5635	7777
5922	7277
3619	7203
4494	7735
4726	7413
6655	7233
4410	7367
6471	7629
6615	7927
869	7615
934	7293
4956	7323
5494	7883
5752	7237
1778	7419
2366	7667
3908	7839
604	7429
1898	7389
2015	7259
4006	7295
4090	7661
4820	7399
5563	7401
276	7891
1682	7941
5301	7325
5972	7297
6131	7957
2623	7843
2916	7421
6504	7499
134	7999
3321	7937
6390	7455
2582	7305
4745	7269
3421	7395
3424	7395
4024	7295
4327	7833
5820	7793
102	7451
3634	7781
392	7595
1103	7431
3744	7365
6645	7233
7001	7751
7114	7973
2977	7535
3889	7393
4633	7911
6164	7719
603	7429
1513	7339
2651	7597
3758	7225
6942	7247
7027	7585
825	7995
1435	7977
2543	7581
2612	7351
2811	7267
3248	7591
4782	7309
6595	7907
420	7531
437	7713
457	7347
1983	7259
3235	7591
3372	7423
5793	7205
39	7473
1834	7285
2610	7351
2663	7809
5476	7337
1133	7381
1168	7805
2310	7349
2312	7349
3192	7521
4422	7367
6507	7499
222	7705
1000	7519
2449	7321
3232	7591
4602	7523
4702	7559
117	8035
1991	7259
2611	7351
2937	7893
2995	7665
394	7595
4171	7715
5728	7289
3026	7433
3869	7355
5050	7791
1516	7339
2408	7345
2581	7305
5682	7819
6030	7199
7085	7235
775	7669
1209	7759
3830	7603
4888	7757
6742	7505
875	7615
2664	7809
2962	7391
4297	7461
4897	7415
338	7589
2909	7421
4497	7735
5066	7587
5906	7277
6016	7471
3307	7707
6513	7499
3093	7779
6824	7327
1527	7339
2094	7383
2503	7303
2885	7769
6265	7479
1005	7519
2831	7465
3076	7903
3802	7493
4014	7295
5049	7791
5977	7297
473	7967
935	7293
2016	7259
3492	7547
634	7885
3842	7427
4781	7309
5856	7695
5975	7297
6692	7359
2110	7383
5630	7777
6915	7831
6994	7871
4700	7559
5946	7509
2416	7345
3318	7937
2500	7303
3072	7903
4612	7523
6950	7247
2104	7383
5197	7417
5543	7717
5688	7775
6351	7997
7197	7541
1770	7419
3823	7219
5562	7401
2815	7267
2674	7811
3295	7637
3583	7647
542	7251
1501	7339
3815	7219
4222	7445
5151	7357
5343	7569
5801	7205
1668	7797
4072	7985
1085	7453
1620	7371
2961	7391
2980	7535
6314	7245
6963	7835
913	8015
2763	7267
4802	7309
6305	7863
6589	7907
7036	7585
1331	7699
2201	7441
3189	7521
3280	8031
5477	7337
5761	7237
6750	7211
976	7425
1661	7255
2327	7349
4793	7309
5153	7357
6924	7485
790	7649
2135	7383
3495	7547
3871	7355
4727	7413
5483	7449
489	7727
1164	7805
2360	7667
2836	7465
3168	7659
4283	7461
5421	8037
86	7953
6681	7359
2302	7349
4854	7229
978	7425
1505	7339
2889	7769
5540	7717
5814	7463
740	7527
3928	7469
5157	7357
7034	7585
1569	7279
1842	7285
5102	7737
416	7531
1573	7279
2981	7535
6277	7265
5727	7289
6143	7467
1137	7381
3262	7785
6440	7889
20	7859
999	7519
3114	7443
256	7387
1523	7339
2008	7259
6387	7455
704	7299
2017	7259
5414	7409
1592	7743
2501	7303
3514	7547
215	8011
2451	7321
2593	7305
3487	7547
3930	7469
5222	7503
7062	7733
2558	7581
3302	7895
3618	7203
3914	7897
4293	7461
7115	7973
345	7515
1132	7381
2109	7383
3258	7683
3872	7355
6451	7747
484	7727
3059	7281
5903	7277
1998	7259
3273	7313
3749	7365
4805	7309
3627	7631
3942	7439
6032	7199
6754	7211
37	7473
4087	7661
4420	7367
5365	7407
6515	7499
729	7291
1981	7259
1175	7805
1238	7867
3188	7521
5697	7983
6612	7927
4434	7367
3056	7281
3228	7591
3348	7335
3499	7547
4013	7295
2167	7489
45	7721
711	7299
2142	7383
4088	7661
1290	7343
1525	7339
2594	7305
2775	7267
3041	7403
4879	7271
5919	7277
754	7697
2350	7667
2444	7321
7180	7711
40	7473
1830	7285
1982	7259
3526	7741
3561	7829
4060	7263
5908	7277
6455	7747
3042	7403
5388	7483
6295	7641
6948	7247
1160	7805
1881	7771
2700	7783
4151	7227
5095	7737
5829	7725
6202	7375
6520	7499
6908	7831
728	7291
2474	7301
6158	7719
465	7865
2665	7809
4783	7309
2236	7217
3335	7671
4917	7639
183	7813
1010	7501
1172	7805
2551	7581
5945	7509
6062	8053
1036	7253
2550	7581
2616	7351
3371	7423
3506	7547
4619	7605
4693	7559
6296	7641
88	7953
330	8007
3039	7403
3741	7365
4432	7367
4833	7213
5040	7567
5190	7417
1293	7343
1399	7643
4699	7559
1104	7431
2323	7349
4544	7487
4818	7399
6044	7685
6543	7459
1679	7517
2457	7321
2545	7581
3710	7537
4567	7487
5597	7331
6550	7459
1905	7389
2427	7345
3913	7897
4609	7523
5658	7275
2828	7465
4553	7487
1394	7991
4145	7227
4383	7609
4551	7487
5146	7357
6814	7327
6925	7485
31	7765
435	7713
3186	7521
4986	7577
5299	7325
5528	7717
5721	7289
6815	7327
422	7531
439	7713
2176	7489
4806	7309
6384	7455
1347	7689
2912	7421
4295	7461
5394	7483
527	7755
1365	7979
3803	7493
5413	7409
5797	7205
710	7299
874	7615
2497	7303
3382	7795
5754	7237
2893	7769
6091	7231
6241	7209
6392	7455
6649	7233
2888	7769
3117	7443
4463	7377
60	7701
646	7885
1319	7691
3754	7225
6514	7499
7144	7651
72	7361
592	7429
1004	7519
1282	7343
4417	7367
4631	7911
210	7825
424	7531
3625	7631
3633	7781
670	7543
1638	7763
2587	7305
4492	7735
74	7361
2770	7267
5002	7577
5538	7717
1534	7339
2029	7259
2400	7345
4916	7639
6558	7459
267	7703
1210	7759
4036	7295
5799	7205
3308	7707
4281	7461
5369	7407
6068	7803
6317	7245
1082	7453
1702	7963
3745	7365
5537	7717
2783	7267
3426	7395
2701	7783
1506	7339
4495	7735
6427	7549
7098	7235
660	7879
5023	7613
5466	7337
5542	7717
5695	7983
179	7693
1786	7419
2650	7597
3576	8019
136	7999
4474	7377
73	7361
501	7987
3049	7403
3704	7537
4581	7487
4851	7229
5368	7407
5656	7275
306	7687
500	7987
703	7299
964	7425
4300	7461
4686	7559
4355	7675
1436	7977
2895	7769
3002	7761
5364	7407
7090	7235
4114	7307
4603	7523
7039	7585
1574	7279
1617	7371
1726	7283
1775	7419
2479	7301
3184	7521
4198	7529
4287	7461
5191	7417
7158	7623
64	7701
1828	7285
3234	7591
3429	7395
6401	7455
3893	7393
5281	7405
5633	7777
1741	8029
4194	7529
4890	7757
7002	7751
1973	7259
2835	7465
6248	7209
1286	7343
1543	7339
3394	8057
4804	7309
916	7951
4005	7295
5225	7503
871	7615
1540	7339
645	7885
1111	7431
2290	7349
4008	7295
4939	7273
5386	7483
901	7799
4780	7309
1667	7797
1684	7941
1901	7389
2025	7259
4284	7461
6944	7247
1511	7339
2293	7349
4934	7273
5026	7613
5663	7275
764	7827
6578	7907
164	7557
1995	7259
2996	7665
6203	7375
7058	7733
2351	7667
5989	7905
6929	7485
340	7589
1509	7339
1990	7259
2978	7535
3231	7591
3907	7839
6816	7327
1533	7339
5155	7357
5467	7337
6012	7471
1971	7259
2555	7581
3128	7773
4170	7715
4698	7559
1677	7517
1737	8029
5790	7205
812	7481
1129	7381
3142	7411
4026	7295
6780	7677
1637	7763
2405	7345
3659	7899
3766	7397
6968	7835
4721	7413
7089	7235
1173	7805
2171	7489
3509	7547
3527	7741
5531	7717
1975	7259
2702	7783
6201	7375
7191	7541
1870	7563
2011	7259
3376	7423
3906	7839
4874	7875
2797	7267
3140	7411
6689	7359
2150	7383
921	8033
3370	7423
4279	7461
6116	7437
7145	7651
804	7573
1281	7343
5229	7503
440	7713
707	7299
3735	7365
5196	7417
5487	7449
6034	7199
6161	7719
3831	7603
3948	7475
5789	7205
6408	7455
1220	7887
1827	7285
3427	7395
7099	7235
1420	7617
5073	7587
5912	7277
611	7429
922	8033
1583	7807
4496	7735
4620	7605
1658	7255
2588	7305
3547	7491
4569	7487
4608	7523
4912	7639
5631	7777
5852	7695
6592	7907
260	8025
2768	7267
2832	7465
4573	7487
1289	7343
2552	7581
870	7615
1101	7431
1294	7343
2136	7383
3708	7537
4601	7523
4697	7559
5976	7297
602	7429
2173	7489
3355	7969
3403	7317
3669	7363
6756	7211
6841	7239
4073	7985
5757	7237
7176	7711
319	7679
2803	7267
4324	7833
4561	7487
968	7425
1135	7381
4285	7461
6033	7199
7174	7711
789	7649
1444	7447
1980	7259
4282	7461
6347	7997
4792	7309
6441	7889
524	7755
3040	7403
3511	7547
4779	7309
7130	7801
2368	7667
3239	7591
3696	7537
91	7953
1724	7283
1777	7419
4209	7529
6107	7333
2813	7267
4610	7523
4799	7309
4871	7875
4985	7577
5147	7357
352	7201
2791	7267
5230	7503
6838	7239
635	7885
1903	7389
4152	7227
5897	7277
6685	7359
5105	7737
5341	7569
5362	7407
292	7579
612	7429
5279	7405
4563	7487
5767	7497
5948	7509
7041	7585
2779	7267
4730	7413
5702	7627
2191	7441
4657	7315
7004	7751
2499	7303
1779	7419
1829	7285
2991	7665
6429	7549
6516	7499
201	7599
680	7601
821	7729
2107	7383
4803	7309
6045	7685
3245	7591
6042	7685
6100	7231
6518	7499
6614	7927
1251	7965
1582	7807
2481	7301
3121	7443
3502	7547
4206	7529
6868	7789
7127	7801
658	7879
1242	7949
3733	7365
3780	7673
4556	7487
5384	7483
6519	7499
6870	7789
796	7959
1165	7805
3385	7593
5607	7331
5918	7277
5971	7297
2007	7259
5973	7297
6753	7211
234	7575
4028	7295
5529	7717
339	7589
643	7885
2412	7345
7043	7585
1045	7837
3406	7317
3668	7363
3674	7583
5830	7725
455	7347
1431	7919
2793	7267
4555	7487
5502	7435
5898	7277
6751	7211
1230	7635
2151	7383
2850	7841
3574	8019
3841	7427
6640	7233
2809	7267
4942	7273
298	7955
368	7739
1407	8091
2880	7769
3099	7779
5606	7331
5901	7277
5911	7277
65	7701
1536	7339
1548	7339
2005	7259
4473	7377
6020	7471
2990	7665
3242	7591
4306	7461
5800	7205
3748	7365
5854	7695
6125	7869
7116	7973
1749	7223
2313	7349
3566	8027
3313	7817
4687	7559
1297	7343
3767	7397
3864	7355
6269	7385
6318	7245
6557	7459
3020	7433
6926	7485
7029	7585
434	7713
1871	7563
3900	7393
5228	7503
6452	7747
4720	7413
281	8005
6889	7645
4153	7227
5158	7357
287	7933
1167	7805
2892	7769
4953	7323
6315	7245
831	8077
4576	7487
4861	8071
5755	7237
5949	7509
1128	7381
2230	7217
5429	8065
5069	7587
5629	7777
1640	7763
1785	7419
3386	7593
4195	7529
5475	7337
6545	7459
4634	7911
5094	7737
5611	7331
163	7557
4743	7269
4787	7309
5473	7337
1136	7381
5468	7337
351	7201
616	7429
2942	7893
4999	7577
7061	7733
202	7599
609	7429
1067	7915
5165	7357
5316	7287
7129	7801
3018	7433
4349	7873
4570	7487
5200	7417
2539	7581
7143	7651
1676	7517
2626	7843
3425	7395
5068	7587
5434	7681
27	7901
5028	7613
6031	7199
7104	7235
1211	7759
1996	7259
5642	8049
6145	7467
3918	8013
4572	7487
63	7701
307	7687
355	7201
2125	7383
2592	7305
6583	7907
6886	7645
6892	7645
417	7531
2172	7489
4468	7377
4731	7413
1207	7759
3868	7355
1417	7617
6885	7645
1052	7981
2128	7383
4354	7675
4655	7315
353	7201
2100	7383
2495	7303
4598	7523
101	7451
2168	7489
2670	7811
3534	7787
4294	7461
4574	7487
5005	7577
6249	7209
371	7739
4475	7377
5395	7483
5243	7633
5465	7337
6121	7869
1139	7381
3331	7925
66	7701
2562	7581
4991	7577
3230	7591
3381	7795
3523	7741
3567	8027
5986	7905
1522	7339
2958	7391
5096	7737
6843	7239
1564	7279
4547	7487
5569	7401
5604	7331
2147	7383
6680	7359
1354	7689
2300	7349
2772	7267
5148	7357
664	7879
773	7669
3224	7591
438	7713
1595	7743
1727	7283
3336	7671
3369	7423
3801	7493
5154	7357
5247	7633
1601	7215
2297	7349
2299	7349
3787	7673
3926	7469
5345	7569
5750	7237
932	7293
2827	7465
3301	7895
6425	7549
6511	7499
497	7987
1066	7915
1657	7255
2226	7217
2881	7769
4428	7367
5749	7237
6094	7231
6774	7917
6896	7645
2997	7665
4834	7213
367	7739
1519	7339
2417	7345
3298	7637
3616	7203
2318	7349
4118	7307
4911	7639
1997	7259
4862	8071
6320	7245
872	7615
1081	7453
2855	7841
2548	7581
5988	7905
7091	7235
396	7595
1446	7447
1634	7763
2494	7303
3784	7673
3819	7219
1826	7285
1897	7389
3765	7397
3768	7397
4641	7731
2235	7217
4154	7227
5202	7417
5559	7401
268	7703
2303	7349
4035	7295
4841	7213
6510	7499
6549	7459
6897	7645
6974	7241
614	7429
2195	7441
665	7879
774	7669
1166	7805
2455	7321
2967	7391
3271	7313
4808	7309
5612	7331
7033	7585
7060	7733
87	7953
1636	7763
2915	7421
4140	7227
4840	7213
6382	7455
2137	7383
2887	7769
4240	7749
5322	7287
3584	7647
4011	7295
4744	7269
2857	7841
3420	7395
6294	7641
1176	7805
2911	7421
4344	7845
6421	7549
596	7429
2496	7303
3428	7395
6701	7359
533	7369
967	7425
1072	7311
5027	7613
245	7653
1529	7339
1200	7759
2454	7321
2559	7581
4231	7445
4557	7487
4059	7263
5464	7337
6262	7479
6818	7327
512	7341
2477	7301
5391	7483
6263	7479
2774	7267
6552	7459
6735	7505
262	8067
2321	7349
5472	7337
6651	7233
673	8043
1902	7389
3950	7475
4481	7377
6931	7485
486	7727
1356	7689
5614	7331
7173	7711
902	7799
1405	7511
1882	7771
5277	7405
6975	7241
5557	7401
6836	7239
709	7299
4728	7413
6813	7327
525	7755
778	7669
888	7939
1278	7343
4022	7295
19	7859
1424	7617
1571	7279
6275	7265
7038	7585
255	7387
7030	7585
1039	7253
3870	7355
4292	7461
6590	7907
370	7739
3740	7365
4577	7487
6475	7629
321	7679
4207	7529
6637	7233
971	7425
1984	7259
4790	7309
1787	7419
3226	7591
3387	7593
6053	7943
7035	7585
662	7879
1976	7259
2800	7267
5724	7289
6173	7243
2133	7383
3850	7553
5609	7331
7195	7541
3374	7423
4899	7415
5270	7405
5816	7463
4630	7911
6345	7997
6468	7629
7037	7585
3062	7281
4832	7213
5318	7287
1659	7255
2859	7841
4325	7833
5042	7567
6396	7455
2854	7841
5812	7463
1349	7689
5192	7417
528	7755
838	7857
4549	7487
6962	7835
706	7299
2145	7383
4644	7731
5173	7357
6990	7871
488	7727
1105	7431
1619	7371
1782	7419
3951	7475
5387	7483
5637	7777
7146	7651
840	7857
2197	7441
3559	7829
669	7543
4228	7445
6964	7835
7100	7235
905	7799
1507	7339
1693	7257
2764	7267
3133	8075
5441	7525
6398	7455
720	7961
2428	7345
3816	7219
5321	7287
805	7573
1374	8047
5144	7357
7178	7711
1520	7339
5285	7405
6394	7455
502	7987
515	7341
1056	7981
1621	7371
6096	7231
456	7347
1318	7691
3615	7203
5978	7297
3236	7591
3909	7839
6743	7505
4480	7377
5541	7717
5605	7331
110	7935
1314	7691
1846	7285
3080	8003
6200	7375
76	7361
682	7601
1254	7965
4955	7323
5920	7277
606	7429
4461	7377
38	7473
419	7531
1655	7255
2322	7349
3223	7591
4864	8071
969	7425
1330	7699
2020	7259
4322	7833
4807	7309
6888	7645
6943	7247
423	7531
2426	7345
3130	7773
4167	7715
5942	7509
6555	7459
1987	7259
2022	7259
3327	7925
3611	7203
4788	7309
5598	7331
6638	7233
6795	7971
48	7721
1027	7253
3047	7403
5346	7569
218	7249
962	7425
2315	7349
2352	7667
4071	7985
4795	7309
6404	7455
1003	7519
3263	7785
4117	7307
2003	7259
4500	7735
4662	7315
6453	7747
6454	7747
6695	7359
1034	7253
1544	7339
2231	7217
5684	7819
5909	7277
6610	7927
6726	7505
6928	7485
1357	7689
1421	7617
2706	7783
4791	7309
1783	7419
2121	7383
2200	7441
3703	7537
6077	7477
1185	7947
1994	7259
5051	7791
282	8005
1100	7431
2144	7383
2354	7667
5655	7275
589	7429
661	7879
3507	7547
1237	7867
3222	7591
3450	7545
3779	7673
4562	7487
5172	7357
227	8001
275	7891
3700	7537
5411	7409
5427	7877
6505	7499
6643	7233
1641	7763
2284	7349
3493	7547
4785	7309
998	7519
1402	7643
980	7425
1363	7979
2119	7383
4466	7377
5671	7619
118	8035
2124	7383
2152	7383
2447	7321
3319	7937
4208	7529
2123	7383
4543	7487
4580	7487
1447	7447
2968	7391
4873	7875
4998	7577
3655	7855
4568	7487
369	7739
543	7251
2941	7893
3074	7903
104	7451
1784	7419
1857	7285
2606	7351
3283	8031
6977	7241
776	7669
1062	7767
3024	7433
5423	8085
5787	7205
813	7481
1618	7371
3640	7551
7102	7235
243	7663
876	7615
1288	7343
1969	7259
2944	7893
3256	7683
6730	7505
675	8069
365	7739
1060	7767
1348	7689
1539	7339
4074	7985
6101	7231
6646	7233
250	7221
2095	7383
4688	7559
5367	7407
6282	7815
1423	7617
1600	7215
2196	7441
2631	7657
3246	7591
5955	7509
5525	7717
2021	7259
2356	7667
5762	7237
6063	8053
148	7571
748	8055
1831	7285
5532	7717
296	7955
3282	8031
6035	7199
963	7425
2662	7809
6231	7209
1202	7759
3240	7591
5199	7417
6229	7209
7101	7235
3613	7203
3660	7899
6512	7499
1038	7253
1378	8047
2498	7303
4321	7833
5900	7277
3497	7547
4685	7559
5839	7539
1324	7691
4229	7445
3822	7219
4564	7487
5905	7277
1203	7759
3755	7225
4199	7529
4348	7873
5662	7275
6467	7629
2557	7581
6110	7333
126	7921
795	7959
1011	7501
1993	7259
2092	7383
4379	7609
4838	7213
4952	7323
5447	7989
6927	7485
1171	7805
2938	7893
4471	7377
6043	7685
588	7429
1900	7389
3707	7537
3949	7475
6332	7507
5759	7237
6682	7359
7141	7651
2027	7259
3952	7475
4089	7661
4950	7323
6611	7927
6644	7233
6725	7505
683	7601
1074	8061
1643	7763
4003	7295
4696	7559
3044	7403
3614	7203
4382	7609
2786	7267
2886	7769
4168	7715
4303	7461
5107	7737
6420	7549
2316	7349
2320	7349
974	7425
1585	7807
2445	7321
3164	7659
4230	7445
5504	7435
6388	7455
7005	7751
1974	7259
5636	7777
2906	7421
4326	7833
534	7369
865	7615
4211	7529
4380	7609
5677	7561
7172	7711
981	7425
5052	7791
6179	7243
6650	7233
219	7249
1515	7339
1694	7257
1748	7223
1977	7259
3897	7393
4656	7315
6165	7719
145	7571
490	7727
4343	7845
4605	7523
209	7825
973	7425
3229	7591
3513	7547
4051	7263
4578	7487
5003	7577
5338	7569
5448	7989
7086	7235
2883	7769
3490	7547
3558	7829
3617	7203
6014	7471
401	7595
4482	7377
4850	7229
5860	7695
2544	7581
3698	7537
6013	7471
6381	7455
638	7885
2010	7259
4607	7523
5103	7737
2301	7349
6683	7359
6854	7993
7132	7801
1616	7371
2635	7533
4853	7229
5788	7205
5828	7725
3504	7547
5145	7357
6019	7471
6264	7479
6910	7831
2000	7259
3629	7631
5272	7405
1400	7643
2615	7351
3165	7659
6989	7871
2414	7345
4546	7487
5032	7613
133	7999
2024	7259
3075	7903
4027	7295
5104	7737
5359	7407
823	7565
2326	7349
4415	7367
1204	7759
2014	7259
2829	7465
3562	7829
2446	7321
2682	7261
7181	7711
2223	7217
3118	7443
4291	7461
5280	7405
5703	7627
116	8035
5041	7567
5751	7237
1622	7371
4227	7445
5166	7357
6588	7907
965	7425
4144	7227
240	7663
2353	7667
3939	7439
6015	7471
124	7921
1250	7965
2837	7465
5534	7717
6693	7359
1545	7339
2139	7383
3764	7397
6319	7245
1711	7909
4018	7295
4472	7377
6333	7507
2767	7267
3169	7659
4658	7315
6348	7997
864	7615
1514	7339
2106	7383
2169	7489
3407	7317
4898	7415
5276	7405
5840	7539
6686	7359
1177	7805
5098	7737
705	7299
1678	7517
2363	7667
2367	7667
3549	7491
3852	7553
4139	7227
6247	7209
6698	7359
506	7495
1575	7279
1697	7257
1723	7283
6057	7513
6093	7231
900	7799
1517	7339
1568	7279
2359	7667
2963	7391
4155	7227
4604	7523
4629	7911
5760	7237
5821	7793
5894	7277
463	7865
906	7799
1315	7691
2401	7345
4418	7367
4423	7367
3508	7547
881	7615
970	7425
1992	7259
3397	8057
4323	7833
6762	7913
1112	7431
5070	7587
6349	7997
6399	7455
106	7451
322	7679
4600	7523
5853	7695
6584	7907
1985	7259
3312	7817
3528	7741
6008	7471
2023	7259
2199	7441
3237	7591
4021	7295
5907	7277
6509	7499
637	7885
879	7615
170	7923
324	7679
2402	7345
2637	7533
3430	7395
4421	7367
2369	7667
3238	7591
3701	7537
5075	7587
5798	7205
5815	7463
1840	7285
2648	7597
4243	7749
5566	7401
6789	7821
1639	7763
3639	7551
2586	7305
3737	7365
3422	7395
5485	7449
6018	7471
6760	7913
7031	7585
2452	7321
2547	7581
3843	7427
1379	8047
2546	7581
1068	7915
1134	7381
4280	7461
4703	7559
1161	7805
1904	7389
3021	7433
4794	7309
1591	7743
2810	7267
3185	7521
3455	7545
4571	7487
6822	7327
1986	7259
2964	7391
4938	7273
7193	7541
780	7669
1563	7279
2798	7267
6298	7641
400	7595
4797	7309
6109	7333
7007	7751
25	7901
3019	7433
3524	7741
6473	7629
4896	7415
1352	7689
1542	7339
2108	7383
2471	7301
2630	7657
2652	7597
3027	7433
3489	7547
3739	7365
4435	7367
4732	7413
5408	7409
5657	7275
3743	7365
4064	7753
4843	7213
5618	7331
6133	7957
1313	7691
2193	7441
3454	7545
4997	7577
5227	7503
5896	7277
827	8087
2122	7383
6428	7549
61	7701
1321	7691
1535	7339
2785	7267
3901	7393
581	7429
1083	7453
3098	7779
6011	7471
7148	7651
303	8021
1138	7381
3960	7745
188	8017
2019	7259
5859	7695
6330	7507
254	7387
2362	7667
4138	7227
4172	7715
3025	7433
3060	7281
3296	7637
21	7859
18	7859
3964	7745
4369	7555
4872	7875
5156	7357
1364	7979
3575	8019
5024	7613
5533	7717
5902	7277
1776	7419
3805	7493
5235	7503
2406	7345
5917	7277
6913	7831
155	7319
3800	7493
404	7595
583	7429
5171	7357
5223	7503
6523	7499
343	7515
811	7481
2931	7893
6297	7641
6727	7505
158	7379
3097	7779
6017	7471
1695	7257
6393	7455
1848	7285
1401	7643
6163	7719
2590	7305
4193	7529
5564	7401
4694	7559
5108	7737
4334	7851
5687	7775
366	7739
590	7429
731	7291
777	7669
2657	7597
2228	7217
2311	7349
3291	7637
4477	7377
4663	7315
278	7891
421	7531
647	7885
739	7527
1043	7837
1972	7259
2415	7345
2776	7267
3338	7671
877	7615
2795	7267
3225	7591
4038	7295
4086	7661
4296	7461
6124	7869
3517	7547
7156	7623
389	7595
2130	7383
2884	7769
4289	7461
4304	7461
911	8015
1037	7253
2425	7345
3274	7313
4023	7295
6594	7907
6932	7485
933	7293
1108	7431
1183	7947
1277	7343
2943	7893
3022	7433
3738	7365
2229	7217
2851	7841
3346	7335
5030	7613
5947	7509
6840	7239
2170	7489
1373	8047
2370	7667
3351	7335
4302	7461
185	8083
708	7299
1512	7339
4498	7735
4789	7309
4796	7309
6061	8053
4030	7295
4548	7487
5732	7289
6397	7455
6866	7789
16	7859
641	7885
758	7655
5970	7297
6547	7459
3320	7937
3445	7545
5194	7417
5233	7503
1528	7339
3147	7861
4066	7753
4116	7307
4224	7445
4852	7229
6424	7549
1696	7257
2103	7383
3866	7355
4661	7315
4863	8071
5232	7503
6819	7327
3	7847
89	7953
344	7515
1084	7453
3661	7899
5305	7325
5794	7205
4993	7577
6591	7907
7177	7711
2287	7349
3516	7547
4746	7269
2932	7893
4478	7377
5340	7569
5722	7289
6075	7477
541	7251
3865	7355
5895	7277
6853	7993
354	7201
836	7857
2224	7217
5730	7289
6694	7359
6821	7327
2237	7217
2292	7349
2365	7667
3706	7537
4148	7227
4918	7639
6146	7467
1252	7965
1351	7689
7111	7973
1206	7759
3057	7281
1287	7343
1979	7259
3829	7603
4052	7263
5568	7401
5599	7331
6385	7455
62	7701
3917	8013
6070	7803
6636	7233
7175	7711
111	7935
587	7429
5914	7277
1031	7253
1614	7371
2131	7383
2536	7581
3170	7659
4622	7605
2295	7349
2649	7597
4299	7461
5269	7405
5526	7717
6130	7957
1500	7339
2202	7441
3123	7443
5952	7509
6395	7455
3101	7779
5284	7405
6734	7505
6895	7645
5748	7237
5791	7205
6791	7821
752	7697
1110	7431
2410	7345
883	7615
1030	7253
1644	7763
1740	8029
2361	7667
2808	7267
4722	7413
2960	7391
3452	7545
5904	7277
182	7813
1789	7419
3350	7335
3510	7547
4057	7263
4931	7273
5004	7577
5163	7357
4801	7309
1107	7431
3257	7683
3635	7781
3783	7673
6654	7233
3003	7761
3191	7521
3651	7353
3695	7537
5282	7405
2789	7267
3281	8031
3380	7795
4015	7295
5720	7289
6966	7835
105	7451
403	7595
1280	7343
3162	7659
3244	7591
5164	7357
1170	7805
4575	7487
6010	7471
6199	7375
7045	7585
1316	7691
4419	7367
4704	7559
5858	7695
6702	7359
204	7599
3525	7741
4618	7605
2802	7267
2807	7267
3488	7547
6864	7789
4870	7875
14	7859
2538	7581
6293	7641
6865	7789
195	7723
4368	7555
4817	7399
6021	7471
6852	7993
5602	7331
1227	7635
2129	7383
3503	7547
6525	7499
689	7975
961	7425
3597	7625
4246	7749
6739	7505
6740	7505
7190	7541
270	8059
1731	7283
1780	7419
4994	7577
6755	7211
1703	7963
4659	7315
4842	7213
6185	7207
1253	7965
1375	8047
2790	7267
4900	7415
839	7857
4200	7529
5053	7791
6276	7265
2945	7893
3393	8057
5170	7357
5503	7435
5725	7289
390	7595
666	7879
1055	7981
1567	7279
1839	7285
2116	7383
3139	7411
4545	7487
659	7879
1169	7805
3756	7225
2002	7259
3545	7491
6553	7459
1899	7389
2448	7321
4940	7273
1131	7381
1675	7517
1844	7285
1853	7285
3061	7281
4016	7295
4742	7269
2609	7351
4431	7367
5958	7509
3888	7393
4430	7367
7092	7235
2583	7305
4019	7295
4550	7487
4891	7757
5837	7539
4992	7577
5195	7417
6406	7455
6472	7629
6960	7835
7131	7801
1244	7949
5601	7331
3515	7547
325	7679
1205	7759
2542	7581
2656	7597
3134	8075
6544	7459
732	7291
1291	7343
1292	7343
2407	7345
2914	7421
6046	7685
6648	7233
174	7709
214	8011
1988	7259
2773	7267
3799	7493
4225	7445
4987	7577
5361	7407
6639	7233
6914	7831
2013	7259
475	7967
977	7425
2849	7841
3593	7625
3628	7631
4835	7213
5055	7791
6647	7233
1772	7419
4017	7295
4414	7367
258	8063
1199	7759
7157	7623
1422	7617
2018	7259
4010	7295
5861	7695
1510	7339
3249	7591
6593	7907
4365	7555
6581	7907
7103	7235
2222	7217
6797	7971
2233	7217
4632	7911
5366	7407
5619	7331
6250	7209
6286	8041
6894	7645
2771	7267
5990	7905
866	7615
4058	7263
399	7595
453	7347
1419	7617
3933	8023
4364	7555
5273	7405
5613	7331
6009	7471
6556	7459
1040	7253
1296	7343
2099	7383
2777	7267
6346	7997
1730	7283
2622	7843
2762	7267
3375	7423
5770	7497
6245	7209
6338	7507
593	7429
4988	7577
6316	7245
3501	7547
4147	7227
4366	7555
4996	7577
6688	7359
2591	7305
3187	7521
4784	7309
1325	7691
3746	7365
4935	7273
5000	7577
5201	7417
5323	7287
5484	7449
3626	7631
3899	7393
997	7519
4554	7487
4055	7263
5339	7569
487	7727
3264	7785
3798	7493
4800	7309
5320	7287
5430	8065
323	7679
617	7429
681	7601
4110	7307
5245	7633
1284	7343
3095	7779
4429	7367
4836	7213
6337	7507
1593	7743
3582	7647
5694	7983
6243	7209
6402	7455
6403	7455
1537	7339
2655	7597
2805	7267
4009	7295
5396	7483
6608	7927
6798	7971
7042	7585
5827	7725
192	7945
1130	7381
2613	7351
3654	7855
6731	7505
6907	7831
6946	7247
4878	7271
5696	7983
6159	7719
1739	8029
4012	7295
6988	7871
639	7885
762	7827
5469	7337
5753	7237
5950	7509
6732	7505
1859	7285
4723	7413
4729	7413
4786	7309
5347	7569
5536	7717
912	8015
6350	7997
6389	7455
4734	7413
4989	7577
3083	8081
5811	7463
7087	7235
595	7429
1384	7881
2564	7581
4342	7845
1102	7431
2992	7665
6238	7209
7112	7973
734	7291
1774	7419
4004	7295
5009	7577
6239	7209
472	7967
4467	7377
5561	7401
5795	7205
1837	7285
3148	7861
5474	7337
5857	7695
6609	7927
2584	7305
4050	7263
4335	7851
4493	7735
6108	7333
6198	7375
4381	7609
5417	7409
6189	7207
6961	7835
320	7679
1854	7285
5298	7325
7057	7733
7096	7235
2358	7667
3895	7393
3896	7393
5072	7587
4378	7609
5810	7463
441	7713
2307	7349
4196	7529
4203	7529
6978	7241
2314	7349
2458	7321
2549	7581
4412	7367
5449	7989
6546	7459
284	7931
535	7369
2324	7349
2699	7783
3849	7553
5007	7577
5152	7357
6548	7459
2114	7383
3498	7547
4889	7757
5389	7483
600	7429
1218	7887
3292	7637
3734	7365
5910	7277
6405	7455
5029	7613
6987	7871
6232	7209
3328	7925
613	7429
2004	7259
3491	7547
3804	7493
6823	7327
885	7615
5110	7737
633	7885
2833	7465
3666	7363
6837	7239
1243	7949
4606	7523
5169	7357
5565	7401
996	7519
2132	7383
3596	7625
4914	7639
5617	7331
85	7953
474	7967
3667	7363
4416	7367
995	7519
1391	7991
6993	7871
7142	7651
1872	7563
3536	7787
3612	7203
4108	7307
5244	7633
6582	7907
15	7859
599	7429
2994	7665
3595	7625
4990	7577
1565	7279
2834	7465
5224	7503
5600	7331
6911	7831
2285	7349
2703	7783
5436	7681
393	7595
1604	7215
6251	7209
46	7721
223	7705
1448	7447
2910	7421
3781	7673
5974	7297
6457	7747
6679	7359
1653	7255
3818	7219
6261	7479
2138	7383
2175	7489
2355	7667
3396	8057
597	7429
1430	7919
4332	7851
2482	7301
3832	7603
4307	7461
6439	7889
6506	7499
2475	7301
6476	7629
6551	7459
2127	7383
4559	7487
3585	7647
4367	7555
6738	7505
1317	7691
5198	7417
169	7923
1221	7887
1570	7279
2294	7349
3537	7787
5067	7587
2453	7321
2502	7303
3699	7537
601	7429
903	7799
2234	7217
803	7573
2146	7383
5470	7337
5953	7509
3676	7583
3890	7393
6991	7871
311	8039
1162	7805
3297	7637
6149	7467
6230	7209
691	7975
2879	7769
5033	7613
1615	7371
4363	7555
5491	7929
7056	7733
5071	7587
5390	7483
1869	7563
289	7621
1710	7909
2784	7267
3005	7761
6150	7467
6825	7327
242	7663
4880	7271
5689	7775
3709	7537
128	7921
4424	7367
5101	7737
6642	7233
742	7527
1781	7419
6430	7549
1222	7887
1566	7279
2101	7383
2117	7383
2765	7267
3270	7313
4054	7263
5678	7561
156	7319
1530	7339
5302	7325
100	7451
162	7557
591	7429
917	7951
3821	7219
4305	7461
4425	7367
6303	7863
6304	7863
6586	7907
6775	7917
2102	7383
6076	7477
7006	7751
1320	7691
6771	7329
2	7847
2654	7597
3963	7745
5031	7613
6283	7815
7094	7235
718	7961
2423	7345
2794	7267
3782	7673
3929	7469
1437	7977
3045	7403
6684	7359
5442	7525
5634	7777
264	8045
585	7429
1725	7283
2456	7321
3505	7547
5167	7357
5539	7717
498	7987
966	7425
1159	7805
1547	7339
1968	7259
4476	7377
5530	7717
6812	7327
1541	7339
4350	7873
1182	7947
6331	7507
4142	7227
5608	7331
5792	7205
328	7849
594	7429
1323	7691
5303	7325
6522	7499
1071	7311
3166	7659
1333	7699
2319	7349
3817	7219
5672	7619
873	7615
4566	7487
4660	7315
6741	7505
1531	7339
3966	7745
7097	7235
5683	7819
6728	7505
2105	7383
2026	7259
5729	7289
176	7709
1235	7867
2225	7217
5097	7737
5501	7435
6236	7209
6845	7239
7093	7235
889	7939
1773	7419
2450	7321
2473	7301
2636	7533
5337	7569
6890	7645
2792	7267
4112	7307
5768	7497
6606	7927
1825	7285
1855	7285
6761	7913
1503	7339
2421	7345
2683	7261
5813	7463
640	7885
4309	7461
4725	7413
5278	7405
1841	7285
4542	7487
5505	7435
6187	7207
636	7885
979	7425
2424	7345
3043	7403
4150	7227
4204	7529
899	7799
2001	7259
2965	7391
5161	7357
3496	7547
4470	7377
6049	8051
6736	7505
960	7425
2589	7305
3940	7439
5733	7289
6949	7247
536	7369
3070	7903
4692	7559
6142	7467
712	7299
1053	7981
2097	7383
3294	7637
3675	7583
3705	7537
5168	7357
6891	7645
205	7599
1376	8047
1581	7807
3449	7545
3648	7353
1174	7805
1852	7285
2966	7391
125	7921
1683	7941
2814	7267
3845	7427
3851	7553
6334	7507
454	7347
1229	7635
2782	7267
3494	7547
4351	7873
5915	7277
6098	7231
6115	7437
5	7611
518	7853
1429	7919
1788	7419
2296	7349
2560	7581
6752	7211
747	8055
2096	7383
2194	7441
5632	7777
5954	7509
2891	7769
3599	7625
4288	7461
4910	7639
5385	7483
6178	7243
6781	7677
6945	7247
3447	7545
7155	7623
233	7575
3544	7491
3789	7673
4635	7911
4913	7639
2781	7267
4298	7461
5220	7503
5822	7793
1054	7981
4642	7731
642	7885
7154	7623
507	7495
3500	7547
1698	7257
4809	7309
6976	7241
235	7575
1885	7771
5370	7407
1322	7691
5959	7509
6456	7747
6524	7499
6912	7831
3272	7313
4065	7753
6240	7209
1044	7837
1722	7283
3122	7443
5893	7277
241	7663
436	7713
6893	7645
90	7953
1099	7431
1660	7255
2565	7581
2686	7261
975	7425
2232	7217
2566	7581
3423	7395
5758	7237
2288	7349
2894	7769
4165	7715
1201	7759
2009	7259
2540	7581
1524	7339
1602	7215
3594	7625
4033	7295
2409	7345
4146	7227
5008	7577
5054	7791
59	7701
3115	7443
3373	7423
5325	7287
6579	7907
6641	7233
143	7571
1001	7519
3643	7823
6909	7831
135	7999
757	7655
2685	7261
3736	7365
4029	7295
4937	7273
5150	7357
6690	7359
84	7953
1546	7339
3071	7903
5535	7717
6022	7471
1729	7283
2796	7267
3023	7433
3891	7393
1449	7447
4816	7399
5913	7277
6260	7479
203	7599
310	8039
830	8077
2553	7581
5392	7483
193	7945
3120	7443
3233	7591
6770	7329
7194	7541
2126	7383
2940	7893
4932	7273
6281	7815
4433	7367
1350	7689
3786	7673
5705	7627
6259	7479
6697	7359
6887	7645
1709	7909
5074	7587
7059	7733
7179	7711
817	7607
1603	7215
2705	7783
6097	7231
1061	7767
1358	7689
2556	7581
3167	7659
458	7347
584	7429
3785	7673
4741	7269
2769	7267
2806	7267
3129	7773
5393	7483
1385	7881
2140	7383
3600	7625
3892	7393
5704	7627
6114	7437
3557	7829
5174	7357
1771	7419
2799	7267
4459	7377
5665	7275
6724	7505
6790	7821
820	7729
2472	7301
3293	7637
3073	7903
5162	7357
5643	8049
6607	7927
7040	7585
364	7739
763	7827
3697	7537
4611	7523
6474	7629
6733	7505
1843	7285
1896	7389
2174	7489
4201	7529
4223	7445
733	7291
1236	7867
2480	7301
2959	7391
6162	7719
6768	7329
4197	7529
4819	7399
336	7589
663	7879
3046	7403
3894	7393
4202	7529
5756	7237
787	7649
878	7615
2541	7581
3141	7411
598	7429
4025	7295
5495	7883
7113	7973
1445	7447
2112	7383
2328	7349
2913	7421
4091	7661
4413	7367
6148	7467
6426	7549
6867	7789
3840	7427
816	7607
1028	7253
2933	7893
3250	7591
6554	7459
3833	7603
5360	7407
6095	7231
1295	7343
1526	7339
3432	7395
4558	7487
5039	7567
5726	7289
4311	7461
4469	7377
7044	7585
391	7595
517	7853
741	7527
1033	7253
2289	7349
2403	7345
1850	7285
2192	7441
2203	7441
2419	7345
3565	8027
3742	7365
5802	7205
6691	7359
6737	7505
127	7921
1654	7255
2149	7383
2625	7843
2993	7665
3119	7443
6521	7499
211	7825
671	7543
837	7857
3227	7591
5296	7325
6855	7993
1332	7699
2585	7305
4020	7295
433	7713
3247	7591
4733	7413
1747	7223
3747	7365
4460	7377
5001	7577
615	7429
713	7299
2632	7657
2935	7893
3546	7491
4984	7577
1223	7887
1532	7339
2936	7893
3349	7335
3820	7219
4855	7229
5246	7633
6144	7467
2113	7383
3395	8057
1285	7343
1856	7285
4565	7487
5342	7569
1425	7617
1832	7285
2165	7489
5363	7407
1279	7343
1880	7771
4056	7263
4286	7461
6092	7231
610	7429
4173	7715
4645	7731
5443	7525
6580	7907
1208	7759
1970	7259
2858	7841
3512	7547
4936	7273
4954	7323
6871	7789
2856	7841
2907	7421
4109	7307
4839	7213
5486	7449
5558	7401
6437	7889
1867	7563
2614	7351
884	7615
1035	7253
1835	7285
6123	7869
3255	7683
3650	7353
4107	7307
5271	7405
6585	7907
6782	7677
880	7615
1032	7253
2012	7259
6869	7789
7003	7751
1669	7797
2286	7349
3927	7469
5234	7503
5267	7405
5412	7409
1549	7339
4856	7229
605	7429
2404	7345
2704	7783
2976	7535
5415	7409
7171	7711
882	7615
1006	7519
5010	7577
1029	7253
1836	7285
4724	7413
3096	7779
3573	8019
5723	7289
3149	7861
4701	7559
4941	7273
5344	7569
2364	7667
2422	7345
2608	7351
2830	7465
4377	7609
5916	7277
4560	7487
5596	7331
5660	7275
6844	7239
337	7589
5943	7509
