id	type	origin	dest	dtime	vot
10	121	1	5	4	10.681607066719884
187	121	1	5	24	9.831175235098844
19	121	1	5	26	21.711330534191376
2	121	1	5	44	15.918114280496873
43	121	1	5	50	74.15739225472137
184	121	1	5	64	11.554484195508396
183	121	1	5	73	7.5447629671216285
5	121	1	5	74	32.94024940127484
192	121	1	5	76	18.787327877780903
46	121	1	5	78	21.227423192063398
188	121	1	5	95	6.3993768815586405
154	121	1	5	110	23.34524373255927
9	121	1	5	141	3.412492709201221
34	121	1	5	151	92.49037465789749
18	121	1	5	177	6.2900798019262645
11	121	1	5	180	103.5808076902391
14	121	1	5	182	20.525798454662496
190	121	1	5	186	86.40028935041556
48	121	1	5	193	14.949879776530203
174	121	1	5	206	14.477578234369053
164	121	1	5	211	17.153370532523887
172	121	1	5	213	9.914333397410143
195	121	1	5	217	39.33796279313408
193	121	1	5	226	6.950226155481177
33	121	1	5	234	6.404727790398734
38	121	1	5	244	0.4461974879553524
26	121	1	5	252	3.4853561560607953
37	121	1	5	256	22.056836343615835
167	121	1	5	257	0.0018944276545558346
16	121	1	5	258	25.711532854043863
31	121	1	5	262	38.783567870643836
13	121	1	5	274	32.262071131583895
185	121	1	5	278	8.168907400365834
152	121	1	5	282	17.68069149096398
159	121	1	5	292	12.393400266478235
49	121	1	5	317	5.709703353014268
25	121	1	5	318	6.106539882185638
35	121	1	5	320	4.86977531663428
162	121	1	5	321	0.7246469615673738
161	121	1	5	325	35.90268800202616
176	121	1	5	326	0.06341011876453738
157	121	1	5	330	94.21623161428549
27	121	1	5	332	1.2284632953315824
17	121	1	5	336	7.262034096291404
39	121	1	5	344	10.625568258749478
186	121	1	5	363	22.97686321868528
200	121	1	5	364	21.039321691293374
23	121	1	5	394	11.189966485973866
177	121	1	5	400	33.596356669682905
7	121	1	5	412	27.62922183802941
44	121	1	5	418	8.108125378782525
179	121	1	5	425	8.855464267142949
197	121	1	5	439	3.1414202882702837
163	121	1	5	443	32.15748757727253
155	121	1	5	445	80.95578959766425
189	121	1	5	448	28.53641543381318
178	121	1	5	482	50.776289008657415
182	121	1	5	487	11.094098844246522
198	121	1	5	487	34.562393555454356
22	121	1	5	499	25.328416365405964
171	121	1	5	500	9.124242377502707
156	121	1	5	510	15.313372204014055
3	121	1	5	527	9.469431915183009
168	121	1	5	533	13.32915546326261
194	121	1	5	537	19.260201140144023
165	121	1	5	558	27.485537154455848
15	121	1	5	582	12.907133232649832
45	121	1	5	585	17.808487137220684
50	121	1	5	592	1.5102909862417286
181	121	1	5	594	9.66433540101989
191	121	1	5	616	10.72453149327532
169	121	1	5	623	32.70413252861387
32	121	1	5	640	4.395580119883733
42	121	1	5	664	10.042515940054143
4	121	1	5	666	21.688581692563883
199	121	1	5	673	4.0615165088225424
8	121	1	5	680	11.783967948994675
28	121	1	5	695	0.9670576118997007
29	121	1	5	698	16.872122001534056
151	121	1	5	698	12.186097151282627
47	121	1	5	711	32.61902688398486
24	121	1	5	718	2.8581669786001545
158	121	1	5	718	23.035562487177252
20	121	1	5	734	7.662563558026827
160	121	1	5	737	2.8161864180154956
41	121	1	5	745	5.105285658360791
166	121	1	5	746	13.145523663099869
175	121	1	5	760	52.298168103170795
196	121	1	5	760	13.073637457474513
173	121	1	5	777	17.74278174816743
21	121	1	5	796	47.46973605907038
153	121	1	5	796	29.97703993513953
36	121	1	5	803	43.3097430932532
180	121	1	5	821	83.38934230302681
170	121	1	5	829	1.898830027252081
1	121	1	5	858	17.050873036960876
6	121	1	5	872	14.540141575230582
40	121	1	5	882	36.10430413603879
12	121	1	5	892	31.79838574192041
30	121	1	5	896	42.8248954920562
237	121	1	5	909	63.20170890490489
231	121	1	5	913	39.085306445836906
63	121	1	5	914	18.062810133568405
58	121	1	5	915	0.6272821505754275
232	121	1	5	915	23.072179974666533
229	121	1	5	932	23.741093147370457
84	121	1	5	938	10.01189849015779
239	121	1	5	944	9.66845063720341
100	121	1	5	945	5.865744280093245
217	121	1	5	956	41.47037453753923
209	121	1	5	957	0.5168346541607522
243	121	1	5	958	3.1935875150958344
227	121	1	5	962	38.44022190382136
95	121	1	5	982	34.34402994766104
76	121	1	5	991	37.451626182166926
79	121	1	5	995	2.2840504094401757
51	121	1	5	1002	18.689913971125225
245	121	1	5	1006	13.390385385500057
215	121	1	5	1013	49.65149232825221
88	121	1	5	1047	36.781262857278975
233	121	1	5	1047	29.228188036601193
87	121	1	5	1057	7.01570695416668
238	121	1	5	1120	7.070921646638495
208	121	1	5	1127	80.87336895733193
80	121	1	5	1131	12.081455875871892
220	121	1	5	1141	11.494576709369474
246	121	1	5	1143	16.24259622502025
203	121	1	5	1158	21.86334381545502
70	121	1	5	1170	18.324902315793558
247	121	1	5	1175	14.905438411825338
85	121	1	5	1182	11.94568548917926
223	121	1	5	1187	10.502549332541363
72	121	1	5	1211	14.345480382909077
77	121	1	5	1223	81.44058901263712
64	121	1	5	1234	17.238459722835575
71	121	1	5	1245	27.423293278666243
210	121	1	5	1268	9.950817921595533
96	121	1	5	1275	4.271400576019094
211	121	1	5	1276	25.787768934869767
222	121	1	5	1280	4.776386979283012
86	121	1	5	1284	26.109062355683182
53	121	1	5	1301	7.497865630167448
73	121	1	5	1302	15.164606012857519
99	121	1	5	1303	26.41185280743534
202	121	1	5	1308	9.095769206535518
78	121	1	5	1339	11.896595462305257
65	121	1	5	1352	6.801038811178646
55	121	1	5	1356	3.059816942267581
219	121	1	5	1359	5.1428733893234595
250	121	1	5	1361	56.73763242627726
249	121	1	5	1363	48.88757163593227
57	121	1	5	1385	4.609119490247315
59	121	1	5	1406	12.011301000400929
242	121	1	5	1413	18.268130820211407
97	121	1	5	1441	4.46734620575321
68	121	1	5	1482	39.09961009129801
206	121	1	5	1482	2.6235902783236416
52	121	1	5	1485	19.86634370923209
216	121	1	5	1486	52.09234934789948
67	121	1	5	1487	25.97052242911718
240	121	1	5	1490	30.15233679634205
91	121	1	5	1494	23.129098652693596
205	121	1	5	1500	30.412465945811153
228	121	1	5	1505	4.763491502127407
60	121	1	5	1515	11.72319936075224
90	121	1	5	1530	4.42006034885807
66	121	1	5	1534	1.2662659196401433
56	121	1	5	1552	10.770568617250916
93	121	1	5	1554	23.646441884924137
74	121	1	5	1555	39.719088514893244
226	121	1	5	1563	6.298303950551761
225	121	1	5	1575	1.8334022477937024
62	121	1	5	1586	22.0215541000611
236	121	1	5	1589	29.536184258746
75	121	1	5	1591	10.969296962915013
230	121	1	5	1595	31.373379246568838
234	121	1	5	1595	5.843974679080266
244	121	1	5	1608	48.253188717323404
235	121	1	5	1618	1.4686017636482958
83	121	1	5	1634	2.588330431406199
81	121	1	5	1640	55.43716169946655
213	121	1	5	1640	15.225945275727478
214	121	1	5	1660	46.62643800492962
98	121	1	5	1693	7.968486126263306
207	121	1	5	1696	14.115220168034773
224	121	1	5	1705	15.5612946009174
212	121	1	5	1724	2.3879406615481864
201	121	1	5	1725	24.668932954388726
82	121	1	5	1726	25.295142041009374
69	121	1	5	1728	55.39480500396854
204	121	1	5	1736	20.323973111006662
248	121	1	5	1744	14.235521618106084
61	121	1	5	1758	3.8281272381620166
241	121	1	5	1761	21.393704153299883
94	121	1	5	1768	20.82653338277584
218	121	1	5	1768	10.159202418139746
92	121	1	5	1774	21.421111518407468
89	121	1	5	1779	28.02071954329948
221	121	1	5	1789	7.4753179355004145
54	121	1	5	1796	25.799210317579156
294	121	1	5	1813	2.1061910981869096
264	121	1	5	1821	12.566002016482477
279	121	1	5	1827	30.312173916850657
284	121	1	5	1837	23.56497126060584
270	121	1	5	1840	20.835808273171395
271	121	1	5	1840	22.056541773538335
263	121	1	5	1854	20.623252408494764
257	121	1	5	1855	44.3942474414743
289	121	1	5	1862	26.51234808157627
147	121	1	5	1883	41.23618363547058
136	121	1	5	1889	64.03557871705233
298	121	1	5	1891	19.72566321485378
128	121	1	5	1897	2.2433096577867953
281	121	1	5	1907	75.82783778645205
295	121	1	5	1909	10.512990024198325
291	121	1	5	1925	135.39395586528897
150	121	1	5	1928	15.068004264783182
269	121	1	5	1939	63.95126510782893
139	121	1	5	1972	61.66848652967317
114	121	1	5	1980	26.87068659259633
144	121	1	5	1981	10.46573298488739
285	121	1	5	1989	9.332192951176937
115	121	1	5	1994	20.195461375423786
123	121	1	5	1998	60.95157219370805
260	121	1	5	2002	5.55056797441138
287	121	1	5	2011	34.06386181270527
259	121	1	5	2020	12.474555096858529
256	121	1	5	2021	36.99709951828405
131	121	1	5	2022	6.647722424757379
141	121	1	5	2029	21.486031474127373
299	121	1	5	2031	6.62035925044997
117	121	1	5	2039	17.583629213868615
129	121	1	5	2055	17.62921551512039
121	121	1	5	2070	29.51260135540194
265	121	1	5	2071	7.002796687450928
277	121	1	5	2090	15.749941452347207
280	121	1	5	2098	50.50381636398048
148	121	1	5	2127	60.1631637624047
145	121	1	5	2130	6.14302915008621
273	121	1	5	2131	28.770472509290595
255	121	1	5	2133	0.6267345530418937
278	121	1	5	2152	15.103810011025072
146	121	1	5	2163	16.12831769062824
293	121	1	5	2198	14.531082173335232
124	121	1	5	2210	77.31005397051686
104	121	1	5	2212	3.033902150688857
125	121	1	5	2215	123.06947101228864
113	121	1	5	2216	10.466295071715702
135	121	1	5	2228	18.349084853262823
297	121	1	5	2239	2.0963606209517542
274	121	1	5	2247	8.600759752270994
105	121	1	5	2248	2.3285200516923665
296	121	1	5	2251	46.422117182395276
119	121	1	5	2252	1.4791883747957786
261	121	1	5	2258	15.263965609531402
262	121	1	5	2278	6.215597275575057
292	121	1	5	2286	54.23280439614439
102	121	1	5	2294	66.2451619528915
253	121	1	5	2294	11.532575326321686
137	121	1	5	2313	2.0669028548343538
254	121	1	5	2313	1.8434710530439333
300	121	1	5	2319	22.17810701926423
138	121	1	5	2327	26.10291857383871
116	121	1	5	2349	7.284866570689252
142	121	1	5	2363	34.272867032451266
258	121	1	5	2363	81.22748406778811
108	121	1	5	2364	0.8633805050004093
106	121	1	5	2382	105.26839292196834
276	121	1	5	2384	25.69308869078058
133	121	1	5	2411	2.827549079206819
283	121	1	5	2421	9.373876982940391
111	121	1	5	2447	30.596979622592546
149	121	1	5	2447	2.0725960108722554
110	121	1	5	2448	1.5531037075388425
134	121	1	5	2448	25.511307270927233
130	121	1	5	2449	12.318039720912122
268	121	1	5	2455	17.46025542113681
122	121	1	5	2466	12.98901255535084
126	121	1	5	2466	4.21480640560058
143	121	1	5	2480	4.002965710156945
120	121	1	5	2501	3.523237546433204
132	121	1	5	2503	6.5271901939484644
103	121	1	5	2512	26.656738820731153
109	121	1	5	2512	8.774930443414313
118	121	1	5	2541	41.35859659654389
282	121	1	5	2547	24.494644445802614
140	121	1	5	2554	0.22309737253817066
101	121	1	5	2559	37.9191702343742
251	121	1	5	2595	70.70025070277944
266	121	1	5	2598	14.284127362783133
267	121	1	5	2605	61.46788424551353
252	121	1	5	2614	98.75167553582128
275	121	1	5	2622	16.64559617461053
112	121	1	5	2642	79.45349355498372
288	121	1	5	2643	65.17057675507775
107	121	1	5	2652	16.183371168347048
127	121	1	5	2672	81.22679419833352
290	121	1	5	2679	1.967823306372537
272	121	1	5	2683	77.54744752290802
286	121	1	5	2683	24.915144702604593
