8672	6	1.0	902424	2421	2122	2215	1510	1019010
8798	4	1.0	902424	2413	1312	1219012
8902	3	1.0	902424	2413	1319013
9144	5	1.0	902424	2421	2122	2215	1519015
9354	3	1.0	902424	2421	2119021
8660	4	1.0	902424	2421	2122	2219022
9096	3	1.0	902424	2423	2319023
8744	7	1.0	902424	2421	2120	2018	187	78	819008
9224	3	1.0	90011	12	219002
9186	3	1.0	90011	13	319003
8914	4	1.0	90011	13	34	419004
9488	4	1.0	90011	12	26	619006
9526	6	1.0	90011	12	26	68	87	719007
9052	5	1.0	90011	12	26	68	819008
8664	6	1.0	90011	13	34	45	59	919009
9118	7	1.0	90011	13	34	45	59	910	1019010
9378	5	1.0	90011	13	34	411	1119011
9316	4	1.0	90011	13	312	1219012
9266	5	1.0	90011	13	312	1213	1319013
9068	6	1.0	90011	13	34	411	1114	1419014
9454	7	1.0	90011	13	34	411	1114	1415	1519015
9256	6	1.0	90011	12	26	68	816	1619016
9260	7	1.0	90011	12	26	68	816	1617	1719017
8772	7	1.0	90011	12	26	68	87	718	1819018
8810	8	1.0	90011	12	26	68	816	1617	1719	1919019
9476	8	1.0	90011	12	26	68	87	718	1820	2019020
8688	7	1.0	90011	13	312	1213	1324	2421	2119021
8746	8	1.0	90011	13	312	1213	1324	2421	2122	2219022
8788	7	1.0	90011	13	312	1213	1324	2423	2319023
9292	6	1.0	90011	13	312	1213	1324	2419024
8876	3	1.0	90022	21	119001
9318	5	1.0	90022	26	65	54	419004
9496	3	1.0	90022	26	619006
9528	5	1.0	90022	26	68	87	719007
9480	4	1.0	90022	26	68	819008
9428	5	1.0	90022	26	65	59	919009
9322	6	1.0	90022	26	68	816	1610	1019010
9296	6	1.0	90022	26	65	54	411	1119011
9508	5	1.0	90022	21	13	312	1219012
9510	6	1.0	90022	21	13	312	1213	1319013
9484	7	1.0	90022	26	65	54	411	1114	1419014
8754	8	1.0	90022	26	68	816	1617	1719	1915	1519015
9178	5	1.0	90022	26	68	816	1619016
8844	6	1.0	90022	26	68	816	1617	1719017
9158	7	1.0	90022	26	68	816	1617	1719	1919019
9110	7	1.0	90022	26	68	87	718	1820	2019020
9134	8	1.0	90022	26	68	87	718	1820	2022	2219022
8726	3	1.0	90033	31	119001
9474	3	1.0	90033	34	419004
9522	5	1.0	90033	34	45	56	619006
9306	7	1.0	90033	34	45	56	68	87	719007
9536	6	1.0	90033	34	45	56	68	819008
9406	5	1.0	90033	34	45	59	919009
8932	6	1.0	90033	34	45	59	910	1019010
8936	4	1.0	90033	312	1211	1119011
9530	3	1.0	90033	312	1219012
9450	4	1.0	90033	312	1213	1319013
9504	5	1.0	90033	312	1211	1114	1419014
9308	6	1.0	90033	312	1211	1114	1415	1519015
9032	7	1.0	90033	34	45	56	68	816	1619016
8960	8	1.0	90033	34	45	56	68	816	1617	1719017
9404	7	1.0	90033	312	1213	1324	2421	2122	2219022
9412	6	1.0	90033	312	1213	1324	2423	2319023
9136	4	1.0	90044	43	31	119001
9512	5	1.0	90044	45	56	62	219002
9434	3	1.0	90044	43	319003
9258	4	1.0	90044	45	56	619006
9344	6	1.0	90044	45	56	68	87	719007
8846	5	1.0	90044	45	56	68	819008
9100	4	1.0	90044	45	59	919009
8790	5	1.0	90044	45	59	910	1019010
8748	3	1.0	90044	411	1119011
9024	4	1.0	90044	43	312	1219012
8666	5	1.0	90044	43	312	1213	1319013
8674	4	1.0	90044	411	1114	1419014
9106	5	1.0	90044	411	1114	1415	1519015
9036	6	1.0	90044	45	56	68	816	1619016
9330	7	1.0	90044	45	56	68	816	1617	1719017
9272	8	1.0	90044	45	56	68	816	1617	1719	1919019
9006	8	1.0	90044	45	56	68	87	718	1820	2019020
9408	7	1.0	90044	43	312	1213	1324	2421	2119021
8858	6	1.0	90044	411	1114	1423	2322	2219022
9128	5	1.0	90044	411	1114	1423	2319023
9396	6	1.0	90044	43	312	1213	1324	2419024
8690	4	1.0	90055	59	910	1019010
8894	5	1.0	90055	54	411	1114	1419014
9054	7	1.0	90055	59	910	1015	1522	2221	2119021
8948	4	1.0	90066	62	21	119001
9278	3	1.0	90066	62	219002
9494	5	1.0	90066	65	54	43	319003
9138	4	1.0	90066	65	54	419004
9150	4	1.0	90066	68	87	719007
8924	3	1.0	90066	68	819008
8792	4	1.0	90066	65	59	919009
8896	5	1.0	90066	68	816	1610	1019010
9268	5	1.0	90066	65	54	411	1119011
8890	6	1.0	90066	65	54	43	312	1219012
8728	7	1.0	90066	65	54	43	312	1213	1319013
8826	6	1.0	90066	65	54	411	1114	1419014
9084	7	1.0	90066	68	816	1617	1719	1915	1519015
8780	4	1.0	90066	68	816	1619016
8918	5	1.0	90066	68	816	1617	1719017
9466	6	1.0	90066	68	816	1617	1719	1919019
9462	6	1.0	90066	68	87	718	1820	2019020
9394	7	1.0	90066	68	87	718	1820	2021	2119021
8968	7	1.0	90066	68	87	718	1820	2022	2219022
8830	8	1.0	90066	68	87	718	1820	2022	2223	2319023
9498	8	1.0	90066	68	87	718	1820	2021	2124	2419024
9120	6	1.0	90077	78	86	62	21	119001
9472	5	1.0	90077	78	86	62	219002
9518	7	1.0	90077	78	86	65	54	43	319003
9014	6	1.0	90077	78	86	65	54	419004
9248	4	1.0	90077	78	86	619006
9056	3	1.0	90077	78	819008
9410	6	1.0	90077	718	1816	1610	109	919009
8866	5	1.0	90077	718	1816	1610	1019010
9198	6	1.0	90077	718	1816	1610	1011	1119011
9180	8	1.0	90077	78	86	65	54	43	312	1219012
8848	7	1.0	90077	718	1820	2021	2124	2413	1319013
8950	8	1.0	90077	718	1816	1617	1719	1915	1514	1419014
9438	7	1.0	90077	718	1816	1617	1719	1915	1519015
8868	4	1.0	90077	718	1816	1619016
8750	5	1.0	90077	718	1816	1617	1719017
9282	6	1.0	90077	718	1816	1617	1719	1919019
9188	4	1.0	90077	718	1820	2019020
9460	5	1.0	90077	718	1820	2021	2119021
8892	5	1.0	90077	718	1820	2022	2219022
8952	6	1.0	90077	718	1820	2022	2223	2319023
9312	5	1.0	90088	86	62	21	119001
9372	4	1.0	90088	86	62	219002
9382	6	1.0	90088	86	65	54	43	319003
9192	5	1.0	90088	86	65	54	419004
8698	4	1.0	90088	86	65	519005
8800	3	1.0	90088	86	619006
8652	3	1.0	90088	87	719007
8920	3	1.0	90088	89	919009
9016	4	1.0	90088	816	1610	1019010
9018	5	1.0	90088	816	1610	1011	1119011
9388	7	1.0	90088	86	65	54	43	312	1219012
8970	8	1.0	90088	86	65	54	43	312	1213	1319013
8860	7	1.0	90088	816	1617	1719	1915	1514	1419014
8898	6	1.0	90088	816	1617	1719	1915	1519015
8850	3	1.0	90088	816	1619016
8926	4	1.0	90088	816	1617	1719017
9210	5	1.0	90088	816	1617	1719	1919019
8730	5	1.0	90088	87	718	1820	2019020
9336	6	1.0	90088	87	718	1820	2021	2119021
8756	6	1.0	90088	87	718	1820	2022	2219022
9184	7	1.0	90088	87	718	1820	2022	2223	2319023
9070	7	1.0	90088	87	718	1820	2021	2124	2419024
9506	6	1.0	90099	95	54	43	31	119001
9500	5	1.0	90099	95	56	62	219002
9168	5	1.0	90099	95	54	43	319003
8996	4	1.0	90099	95	54	419004
9162	4	1.0	90099	95	56	619006
9226	6	1.0	90099	910	1016	1618	187	719007
8966	3	1.0	90099	98	819008
8676	3	1.0	90099	910	1019010
8732	4	1.0	90099	910	1011	1119011
9026	5	1.0	90099	910	1011	1112	1219012
8692	6	1.0	90099	910	1011	1112	1213	1319013
9242	5	1.0	90099	910	1011	1114	1419014
8712	4	1.0	90099	910	1015	1519015
8822	4	1.0	90099	910	1016	1619016
9288	5	1.0	90099	910	1016	1617	1719017
9002	6	1.0	90099	910	1016	1617	1719	1919019
8758	6	1.0	90099	910	1016	1618	1820	2019020
9520	6	1.0	90099	910	1015	1522	2221	2119021
8972	5	1.0	90099	910	1015	1522	2219022
9130	6	1.0	90099	910	1011	1114	1423	2319023
9486	7	1.0	90099	910	1015	1522	2221	2124	2419024
9298	7	1.0	901010	109	95	54	43	31	119001
8988	6	1.0	901010	1016	168	86	62	219002
9214	6	1.0	901010	109	95	54	43	319003
8832	5	1.0	901010	109	95	54	419004
8714	4	1.0	901010	109	95	519005
9414	5	1.0	901010	1016	168	86	619006
8974	5	1.0	901010	1016	1618	187	719007
9234	4	1.0	901010	1016	168	819008
8684	3	1.0	901010	109	919009
8654	3	1.0	901010	1011	1119011
8782	4	1.0	901010	1011	1112	1219012
9008	5	1.0	901010	1011	1112	1213	1319013
8686	4	1.0	901010	1011	1114	1419014
8904	3	1.0	901010	1015	1519015
8662	3	1.0	901010	1016	1619016
8954	4	1.0	901010	1016	1617	1719017
8862	5	1.0	901010	1016	1617	1719	1919019
9090	5	1.0	901010	1016	1618	1820	2019020
9092	5	1.0	901010	1015	1522	2221	2119021
8976	4	1.0	901010	1015	1522	2219022
8802	5	1.0	901010	1015	1522	2223	2319023
8956	6	1.0	901010	1015	1522	2221	2124	2419024
8940	5	1.0	901111	114	43	31	119001
9196	6	1.0	901111	114	45	56	62	219002
9250	4	1.0	901111	114	43	319003
8998	3	1.0	901111	114	419004
8870	5	1.0	901111	114	45	56	619006
8882	6	1.0	901111	1110	1016	1618	187	719007
9028	5	1.0	901111	1110	1016	168	819008
8884	4	1.0	901111	1110	109	919009
8784	3	1.0	901111	1110	1019010
8644	3	1.0	901111	1112	1219012
9094	4	1.0	901111	1112	1213	1319013
8678	3	1.0	901111	1114	1419014
9302	4	1.0	901111	1114	1415	1519015
8814	4	1.0	901111	1110	1016	1619016
9202	5	1.0	901111	1110	1016	1617	1719017
8906	5	1.0	901111	1114	1415	1519	1919019
8828	6	1.0	901111	1114	1415	1519	1920	2019020
9010	6	1.0	901111	1114	1423	2324	2421	2119021
8816	5	1.0	901111	1114	1415	1522	2219022
9244	4	1.0	901111	1114	1423	2319023
8982	5	1.0	901111	1114	1423	2324	2419024
9046	4	1.0	901212	123	31	119001
9424	5	1.0	901212	123	31	12	219002
9538	3	1.0	901212	123	319003
9300	4	1.0	901212	123	34	419004
8704	5	1.0	901212	123	34	45	519005
9400	6	1.0	901212	123	34	45	56	619006
9516	8	1.0	901212	123	34	45	56	68	87	719007
9098	7	1.0	901212	123	34	45	56	68	819008
9040	5	1.0	901212	1211	1110	109	919009
9058	4	1.0	901212	1211	1110	1019010
9060	3	1.0	901212	1211	1119011
8680	3	1.0	901212	1213	1319013
9262	4	1.0	901212	1211	1114	1419014
9464	5	1.0	901212	1211	1114	1415	1519015
9048	5	1.0	901212	1211	1110	1016	1619016
9384	6	1.0	901212	1211	1110	1016	1617	1719017
9238	6	1.0	901212	1211	1110	1016	1618	1819018
8962	6	1.0	901212	1211	1114	1415	1519	1919019
8978	6	1.0	901212	1213	1324	2421	2120	2019020
9206	5	1.0	901212	1213	1324	2421	2119021
9044	6	1.0	901212	1213	1324	2421	2122	2219022
9352	5	1.0	901212	1213	1324	2423	2319023
9208	4	1.0	901212	1213	1324	2419024
9418	5	1.0	901313	1312	123	31	119001
9430	6	1.0	901313	1312	123	31	12	219002
9030	4	1.0	901313	1312	123	319003
9376	5	1.0	901313	1312	123	34	419004
9456	7	1.0	901313	1312	123	34	45	56	619006
9524	7	1.0	901313	1324	2421	2120	2018	187	719007
9440	8	1.0	901313	1312	123	34	45	56	68	819008
9362	6	1.0	901313	1312	1211	1110	109	919009
8656	5	1.0	901313	1312	1211	1110	1019010
8794	4	1.0	901313	1312	1211	1119011
8946	3	1.0	901313	1312	1219012
9074	5	1.0	901313	1324	2423	2314	1419014
8818	6	1.0	901313	1324	2421	2122	2215	1519015
9332	6	1.0	901313	1312	1211	1110	1016	1619016
9204	8	1.0	901313	1324	2421	2122	2215	1519	1917	1719017
9200	7	1.0	901313	1324	2421	2122	2215	1519	1919019
9346	5	1.0	901313	1324	2421	2120	2019020
9320	4	1.0	901313	1324	2421	2119021
9112	5	1.0	901313	1324	2421	2122	2219022
9020	4	1.0	901313	1324	2423	2319023
8872	3	1.0	901313	1324	2419024
9252	6	1.0	901414	1411	1112	123	31	119001
8668	7	1.0	901414	1411	114	45	56	62	219002
9416	5	1.0	901414	1411	1112	123	319003
9062	4	1.0	901414	1411	114	419004
9380	6	1.0	901414	1411	114	45	56	619006
9534	8	1.0	901414	1415	1519	1917	1716	1618	187	719007
9000	7	1.0	901414	1415	1519	1917	1716	168	819008
9310	5	1.0	901414	1411	1110	109	919009
9082	4	1.0	901414	1411	1110	1019010
8720	3	1.0	901414	1411	1119011
8922	4	1.0	901414	1411	1112	1219012
9232	5	1.0	901414	1423	2324	2413	1319013
8694	3	1.0	901414	1415	1519015
8700	6	1.0	901414	1415	1519	1917	1716	1619016
8942	5	1.0	901414	1415	1519	1917	1719017
9398	4	1.0	901414	1415	1519	1919019
9222	5	1.0	901414	1415	1519	1920	2019020
9276	5	1.0	901414	1423	2324	2421	2119021
8908	4	1.0	901414	1415	1522	2219022
8864	3	1.0	901414	1423	2319023
9426	4	1.0	901414	1423	2324	2419024
9170	7	1.0	901515	1514	1411	1112	123	31	119001
9228	8	1.0	901515	1519	1917	1716	168	86	62	219002
9374	6	1.0	901515	1514	1411	1112	123	319003
9148	5	1.0	901515	1514	1411	114	419004
9212	7	1.0	901515	1519	1917	1716	168	86	619006
9342	7	1.0	901515	1519	1917	1716	1618	187	719007
9240	6	1.0	901515	1519	1917	1716	168	819008
9326	4	1.0	901515	1510	109	919009
8706	3	1.0	901515	1510	1019010
9140	4	1.0	901515	1514	1411	1119011
9402	5	1.0	901515	1514	1411	1112	1219012
9364	6	1.0	901515	1522	2221	2124	2413	1319013
8852	3	1.0	901515	1514	1419014
9132	5	1.0	901515	1519	1917	1716	1619016
8958	4	1.0	901515	1519	1917	1719017
9156	6	1.0	901515	1519	1917	1716	1618	1819018
8804	3	1.0	901515	1519	1919019
9350	4	1.0	901515	1519	1920	2019020
9172	4	1.0	901515	1522	2221	2119021
8716	3	1.0	901515	1522	2219022
8934	4	1.0	901515	1522	2223	2319023
9366	5	1.0	901515	1522	2221	2124	2419024
8928	6	1.0	901616	168	86	62	21	119001
9340	5	1.0	901616	168	86	62	219002
8878	7	1.0	901616	168	86	65	54	43	319003
8708	6	1.0	901616	168	86	65	54	419004
9122	4	1.0	901616	168	86	619006
8912	4	1.0	901616	1618	187	719007
8886	3	1.0	901616	168	819008
8938	4	1.0	901616	1610	109	919009
8854	3	1.0	901616	1610	1019010
9042	4	1.0	901616	1610	1011	1119011
8834	5	1.0	901616	1610	1011	1112	1219012
9064	6	1.0	901616	1610	1011	1112	1213	1319013
9304	6	1.0	901616	1617	1719	1915	1514	1419014
8760	5	1.0	901616	1617	1719	1915	1519015
8992	3	1.0	901616	1617	1719017
8836	3	1.0	901616	1618	1819018
9166	4	1.0	901616	1617	1719	1919019
8682	4	1.0	901616	1618	1820	2019020
9142	7	1.0	901616	1617	1719	1915	1522	2221	2119021
8824	6	1.0	901616	1617	1719	1915	1522	2219022
9072	7	1.0	901616	1617	1719	1915	1522	2223	2319023
9324	7	1.0	901717	1716	168	86	62	21	119001
9280	6	1.0	901717	1716	168	86	62	219002
9270	8	1.0	901717	1716	168	86	65	54	43	319003
9152	7	1.0	901717	1716	168	86	65	54	419004
9190	5	1.0	901717	1716	168	86	619006
9004	5	1.0	901717	1716	1618	187	719007
8786	4	1.0	901717	1716	168	819008
8658	5	1.0	901717	1716	1610	109	919009
8980	4	1.0	901717	1716	1610	1019010
8646	5	1.0	901717	1716	1610	1011	1119011
9314	6	1.0	901717	1716	1610	1011	1112	1219012
9104	8	1.0	901717	1719	1915	1522	2221	2124	2413	1319013
9328	5	1.0	901717	1719	1915	1514	1419014
8734	4	1.0	901717	1719	1915	1519015
8648	3	1.0	901717	1716	1619016
9086	3	1.0	901717	1719	1919019
8762	4	1.0	901717	1719	1920	2019020
8764	6	1.0	901717	1719	1915	1522	2221	2119021
8910	5	1.0	901717	1719	1915	1522	2219022
9114	6	1.0	901717	1719	1915	1522	2223	2319023
9246	7	1.0	901717	1719	1915	1522	2221	2124	2419024
8710	5	1.0	901818	1816	1610	109	919009
8736	6	1.0	901818	1816	1610	1011	1112	1219012
9422	3	1.0	901818	1816	1619016
9174	7	1.0	901818	187	78	86	62	21	119001
8806	5	1.0	901818	1816	1617	1719	1919019
9368	8	1.0	901919	1917	1716	168	86	62	21	119001
9492	7	1.0	901919	1917	1716	168	86	62	219002
9284	8	1.0	901919	1917	1716	168	86	65	54	419004
9218	6	1.0	901919	1917	1716	168	86	619006
9360	6	1.0	901919	1917	1716	1618	187	719007
8766	5	1.0	901919	1917	1716	168	819008
9470	6	1.0	901919	1917	1716	1610	109	919009
8796	5	1.0	901919	1917	1716	1610	1019010
8880	5	1.0	901919	1915	1514	1411	1119011
9482	8	1.0	901919	1915	1522	2221	2124	2413	1312	1219012
9230	7	1.0	901919	1915	1522	2221	2124	2413	1319013
9220	4	1.0	901919	1915	1514	1419014
8820	3	1.0	901919	1915	1519015
9390	4	1.0	901919	1917	1716	1619016
9038	3	1.0	901919	1917	1719017
9182	3	1.0	901919	1920	2019020
9294	5	1.0	901919	1915	1522	2221	2119021
9338	4	1.0	901919	1915	1522	2219022
9264	5	1.0	901919	1915	1522	2223	2319023
8670	6	1.0	901919	1915	1522	2221	2124	2419024
9348	8	1.0	902020	2018	187	78	86	62	21	119001
9446	7	1.0	902020	2018	187	78	86	62	219002
8738	8	1.0	902020	2018	187	78	86	65	54	419004
9444	6	1.0	902020	2018	187	78	86	619006
8900	4	1.0	902020	2018	187	719007
9034	5	1.0	902020	2018	187	78	819008
9078	6	1.0	902020	2018	1816	1610	109	919009
9116	5	1.0	902020	2018	1816	1610	1019010
9126	6	1.0	902020	2019	1915	1514	1411	1119011
8718	6	1.0	902020	2021	2124	2413	1312	1219012
8984	5	1.0	902020	2021	2124	2413	1319013
8856	5	1.0	902020	2019	1915	1514	1419014
9286	4	1.0	902020	2019	1915	1519015
8774	4	1.0	902020	2018	1816	1619016
8842	4	1.0	902020	2019	1917	1719017
8990	3	1.0	902020	2019	1919019
8986	3	1.0	902020	2021	2119021
9124	3	1.0	902020	2022	2219022
9468	4	1.0	902020	2022	2223	2319023
9370	4	1.0	902020	2021	2124	2419024
9356	7	1.0	902121	2124	2413	1312	123	31	119001
9022	7	1.0	902121	2124	2413	1312	123	34	419004
9386	7	1.0	902121	2120	2018	187	78	86	619006
9176	5	1.0	902121	2120	2018	187	719007
9274	6	1.0	902121	2120	2018	187	78	819008
9490	6	1.0	902121	2122	2215	1510	109	919009
9076	5	1.0	902121	2122	2215	1510	1019010
9420	6	1.0	902121	2124	2423	2314	1411	1119011
8702	5	1.0	902121	2124	2413	1312	1219012
8650	4	1.0	902121	2124	2413	1319013
9358	5	1.0	902121	2124	2423	2314	1419014
9216	4	1.0	902121	2122	2215	1519015
9334	7	1.0	902121	2122	2215	1519	1917	1716	1619016
9050	6	1.0	902121	2122	2215	1519	1917	1719017
9290	5	1.0	902121	2122	2215	1519	1919019
9432	3	1.0	902121	2120	2019020
8752	3	1.0	902121	2122	2219022
8740	4	1.0	902121	2124	2423	2319023
9514	3	1.0	902121	2124	2419024
9458	8	1.0	902222	2221	2124	2413	1312	123	31	119001
8812	8	1.0	902222	2220	2018	187	78	86	62	219002
9088	7	1.0	902222	2221	2124	2413	1312	123	319003
9236	6	1.0	902222	2223	2314	1411	114	419004
9478	7	1.0	902222	2220	2018	187	78	86	619006
9164	5	1.0	902222	2220	2018	187	719007
8722	6	1.0	902222	2220	2018	187	78	819008
8808	5	1.0	902222	2215	1510	109	919009
8768	4	1.0	902222	2215	1510	1019010
8888	5	1.0	902222	2223	2314	1411	1119011
9392	6	1.0	902222	2221	2124	2413	1312	1219012
9080	5	1.0	902222	2221	2124	2413	1319013
9012	4	1.0	902222	2223	2314	1419014
8696	3	1.0	902222	2215	1519015
9154	6	1.0	902222	2215	1519	1917	1716	1619016
8964	5	1.0	902222	2215	1519	1917	1719017
8838	4	1.0	902222	2215	1519	1919019
8874	3	1.0	902222	2220	2019020
9254	3	1.0	902222	2221	2119021
8742	3	1.0	902222	2223	2319023
9194	4	1.0	902222	2221	2124	2419024
8840	7	1.0	902323	2324	2413	1312	123	31	119001
9448	6	1.0	902323	2324	2413	1312	123	319003
9442	5	1.0	902323	2314	1411	114	419004
9532	7	1.0	902323	2314	1411	114	45	56	619006
8776	6	1.0	902323	2322	2220	2018	187	719007
9452	7	1.0	902323	2322	2220	2018	187	78	819008
8916	6	1.0	902323	2314	1411	1110	109	919009
8724	5	1.0	902323	2314	1411	1110	1019010
8770	4	1.0	902323	2314	1411	1119011
9108	5	1.0	902323	2324	2413	1312	1219012
8994	4	1.0	902323	2324	2413	1319013
9066	3	1.0	902323	2314	1419014
8930	4	1.0	902323	2322	2215	1519015
9160	7	1.0	902323	2322	2215	1519	1917	1716	1619016
9102	6	1.0	902323	2322	2215	1519	1917	1719017
8944	5	1.0	902323	2322	2220	2018	1819018
9436	5	1.0	902323	2322	2215	1519	1919019
9146	4	1.0	902323	2322	2220	2019020
9502	4	1.0	902323	2324	2421	2119021
8778	3	1.0	902323	2322	2219022
