3396	8644
6039	8646
6180	8648
7349	8650
1381	8652
2517	8654
4104	8656
5949	8658
8602	8660
2820	8662
47	8664
544	8666
4371	8668
6815	8670
8498	8672
559	8674
1789	8676
3463	8678
3863	8680
5740	8682
2348	8684
2658	8686
188	8688
667	8690
1909	8692
2493	8654
4530	8694
6034	8646
7779	8696
1305	8698
3860	8680
4552	8700
7340	8702
2667	8686
3732	8704
4791	8706
5245	8708
6182	8648
6434	8710
1932	8712
2194	8714
3400	8644
5137	8716
5733	8682
6983	8718
4468	8720
7588	8722
8166	8724
312	8726
899	8728
1614	8730
1872	8732
6116	8734
6460	8736
6833	8738
7511	8740
8061	8742
8465	8744
193	8746
494	8748
1187	8750
2317	8684
7475	8752
273	8754
1641	8756
2012	8758
5594	8760
6277	8762
6301	8764
6538	8766
7642	8768
8202	8770
167	8772
2821	8662
7072	8774
8138	8776
8419	8778
920	8780
2602	8782
3292	8784
5928	8786
199	8788
463	8790
859	8792
1934	8712
2657	8686
4128	8794
4536	8694
6565	8796
8532	8798
1345	8800
2466	8654
3095	8802
5021	8804
6497	8806
7611	8808
8436	8778
177	8810
7537	8812
7593	8722
2453	8654
3526	8814
3630	8816
4244	8818
6635	8820
162	8772
1955	8822
2329	8684
5813	8824
5919	8786
904	8826
2168	8714
3592	8828
973	8830
1387	8652
2111	8832
5556	8834
5662	8836
7927	8838
8113	8840
7130	8842
8067	8742
287	8844
421	8846
1102	8848
1531	8850
2132	8832
4789	8706
4902	8852
5440	8854
7006	8856
630	8858
1493	8860
2939	8862
4672	8864
1075	8866
1132	8868
1516	8850
2334	8684
3207	8870
4354	8872
7967	8874
215	8876
496	8748
5239	8878
6587	8880
8420	8778
3215	8882
3243	8884
5356	8886
6554	8796
7697	8888
891	8890
1257	8892
8115	8840
758	8894
865	8896
1377	8652
1500	8898
2302	8684
6864	8900
8546	8902
1617	8730
2699	8904
3577	8906
3862	8680
4645	8908
6328	8910
672	8690
1956	8822
5277	8912
14	8914
2009	8758
4907	8852
7044	8774
7954	8874
8156	8916
937	8918
1419	8920
4665	8864
8053	8742
4504	8922
7607	8808
7610	8808
843	8924
1314	8698
1563	8926
2014	8758
2359	8684
5220	8928
5746	8682
6159	8648
8284	8930
328	8932
5193	8934
337	8936
892	8890
4783	8706
5357	8886
5397	8938
2824	8662
1351	8800
3150	8940
4583	8942
2516	8654
6274	8762
8358	8944
8495	8672
1571	8926
2344	8684
4153	8946
5950	8658
6558	8796
8349	8944
802	8948
1108	8950
1525	8850
5419	8854
1269	8952
3091	8802
5027	8804
8289	8930
2872	8954
3129	8956
4961	8958
8178	8724
364	8960
1337	8800
3968	8962
6160	8648
6435	8710
7895	8964
1735	8966
2721	8904
3735	8704
4784	8706
4972	8958
968	8968
1480	8970
2032	8972
2260	8974
2496	8654
3046	8976
3975	8978
4636	8908
5993	8980
6326	8910
4641	8908
6316	8910
7699	8888
2347	8684
5246	8708
5443	8854
5446	8854
3670	8982
6991	8984
7184	8986
2090	8988
2121	8832
2494	8654
5360	8886
6151	8648
7163	8990
7623	8768
2193	8714
2467	8654
5623	8992
5980	8980
7467	8752
8238	8994
8292	8930
626	8858
1699	8996
3185	8998
4398	9000
1374	8652
5291	8912
6315	8910
7456	8752
50	8664
2001	9002
3620	8816
4531	8694
5902	9004
6266	8762
540	8666
614	9006
2626	9008
3272	8784
3452	8678
3613	9010
458	8790
6466	8736
7053	8774
7757	9012
993	9014
1764	8676
6154	8648
6816	8670
1436	9016
1458	9018
1881	8732
4334	9020
7270	9022
8203	8770
8464	8744
520	9024
1901	9026
3229	9028
3462	8678
4039	9030
357	9032
2601	8782
2708	8904
2740	8904
6445	8710
6895	9034
580	9036
2480	8654
5812	8824
6703	9038
2595	8782
3782	9040
3037	8976
3844	8680
5521	9042
695	8690
838	8924
2743	8904
3987	9044
6036	8646
1645	8756
3693	9046
3925	9048
5344	8886
5802	8824
1179	8750
5904	9004
7404	9050
37	9052
2477	8654
5276	8912
425	8846
3031	8976
3629	8816
5898	9004
6560	8796
7466	8752
782	9054
1027	9056
2482	8654
3791	9058
3820	9060
4379	9062
5566	9064
6634	8820
1126	8868
8256	9066
3527	8814
2299	8684
3743	8704
4156	8946
127	9068
1670	9070
5831	9072
6588	8880
7629	8768
870	8896
1021	9056
3451	8678
4168	8946
6499	8806
7045	8774
7169	8990
7892	8964
8500	8672
4231	9074
4803	8706
5300	8912
6319	8910
7312	9076
7636	8768
6921	9078
1747	8676
4098	8656
5280	8912
5306	8912
5738	8682
6706	9038
7739	9080
4418	9082
4185	8946
4776	8706
5359	8886
6834	8738
7040	8774
7797	8696
911	9084
1911	8692
1519	8850
1768	8676
6224	9086
7543	9088
2969	9090
2991	9092
3016	8976
3134	8956
3399	8644
3453	8678
4644	8908
5113	8716
7512	8740
2513	8654
3094	8802
3131	8956
3425	9094
7882	8964
628	8858
1804	8676
3448	8678
3581	8906
6561	8796
7949	8874
1255	8892
2925	8862
6444	8710
8628	9096
1733	8966
2343	8684
3583	8906
6268	8762
6321	8910
1532	8850
1575	8926
3773	9098
4432	9082
8060	8742
8114	8840
965	8968
3043	8976
3296	8784
3591	8828
4228	9074
5748	8682
8173	8724
8630	9096
439	9100
1490	8860
3516	8814
4578	8942
6121	8734
6437	8710
7756	9012
8332	9102
2129	8832
4804	8706
6072	9104
6498	8806
567	9106
784	9054
4808	8706
8225	9108
301	9110
354	9032
4317	9112
5629	8992
6366	9114
6940	9116
7183	8986
8242	8994
57	9118
442	9100
984	9120
7513	8740
2469	8654
5263	9122
7204	9124
1020	9056
2365	8684
6969	9126
7477	8752
7963	8874
698	8690
4105	8656
4110	8656
7003	8856
7128	8842
640	9128
2049	9130
3523	8814
4936	9132
7209	9124
306	9134
380	9136
2741	8904
8547	8902
638	9128
811	9138
3189	8998
4867	9140
5795	9142
6325	8910
6943	9116
8208	8770
8571	9144
1527	8850
5450	8854
4576	8942
5524	9042
7460	8752
674	8690
1420	8920
1438	9016
8204	8770
8385	9146
582	9036
3212	8882
3740	8704
4719	9148
2346	8684
3852	8680
4925	9132
7042	8774
541	8666
2454	8654
8489	8672
822	9150
1484	8970
2318	8684
7755	9012
8257	9066
8484	8672
4810	8706
5036	8804
5875	9152
6323	8910
7847	9154
338	8936
5004	9156
5039	8804
3580	8906
1427	9016
1567	8926
2713	8904
4669	8864
5238	8878
296	9158
2810	8662
5279	8912
6637	8820
8311	9160
455	8790
1716	9162
2746	8904
5006	9156
6163	8648
1933	8712
2261	8974
4860	9140
8235	8994
523	9024
3930	9048
898	8728
8207	8770
1759	8676
8175	8724
3821	9060
6932	9116
7568	9164
7706	8888
3685	9046
4800	8706
4926	9132
5703	9166
6167	8648
7764	9012
1691	9168
1719	9162
2186	8714
3522	8814
4187	8946
4706	9170
5096	9172
7187	8986
8290	8930
517	9024
2187	8714
3228	9028
4329	9020
6417	9174
7279	9176
276	9178
1097	9180
1573	8926
1798	8676
2371	8684
4554	8700
4910	8852
7792	8696
2474	8654
3183	8998
5248	8708
6701	9038
8224	9108
6118	8734
6755	9182
8170	8724
1657	9184
5728	8682
6411	9174
5	9186
1231	9188
5119	8716
5396	8938
5890	9190
5930	8786
7167	8990
7961	8874
8066	8742
8504	8672
8548	8902
3673	8982
4790	8706
6443	8710
1293	9192
2010	8758
5630	8992
8103	9194
2340	8684
3165	9196
5519	9042
8553	8902
1091	9198
1148	8868
2352	8684
4282	9200
5095	9172
6439	8710
8139	8776
3050	8976
4243	8818
5024	8804
5613	8992
8312	9160
2000	9002
3559	9202
4268	9204
7311	9076
675	8690
3305	8784
5564	9064
7885	8964
436	9100
2133	8832
3980	9206
7212	9124
7575	9164
8551	8902
7061	8774
8055	8742
1312	8698
2660	8686
4012	9208
1146	8868
1593	9210
2181	8714
3164	9196
6753	9182
1222	9188
2654	8686
3772	9098
4729	9212
6066	9104
2102	9214
3845	8680
6623	8820
7374	9216
8570	9144
905	8826
6528	9218
8098	9194
8314	9160
6607	9220
2350	8684
3281	8784
4958	8958
7595	8722
8631	9096
2707	8904
4126	8794
4971	8958
5526	9042
7948	8874
441	9100
4616	9222
6261	8762
7074	8774
7922	8838
3816	9060
4182	8946
8268	9066
966	8968
1750	8676
2322	8684
3734	8704
6329	8910
6922	9078
1	9224
1098	9180
1514	8850
1726	9226
1754	8676
2119	8832
4459	8720
4710	9228
6464	8736
6936	9116
4	9186
1230	9188
3325	8784
4584	8942
5361	8886
7637	8768
8328	9102
2316	8684
3123	8956
5130	8716
5342	8886
6756	9182
3127	8956
3676	8982
4165	8946
7063	8774
7452	8752
8049	8742
1220	9188
1481	8970
1869	8732
7211	9124
7450	8752
7509	8740
4675	8864
7923	8838
6475	8736
6602	9230
7410	9050
7	8914
570	9106
813	9138
1426	9016
2328	8684
2879	8954
3223	9028
3525	8814
4401	9000
4517	9232
8309	9160
2280	9234
4332	9020
5663	8836
6898	9034
7552	9236
1347	8800
3838	8680
3958	9238
7838	9154
525	9024
1223	9188
1313	8698
1805	8676
2512	8654
4528	8694
4744	9240
6610	9220
8234	8994
8623	9096
4617	9222
1642	8756
2634	9008
4532	8694
7654	8768
280	9178
1135	8868
1921	9242
3187	8998
3653	9244
5696	9166
7705	8888
7950	8874
1873	8732
2929	8862
3627	8816
4743	9240
6383	9246
8237	8994
1003	9248
2668	8686
4167	8946
678	8690
2501	8654
3172	9250
4364	9252
4380	9062
4399	9000
1306	8698
4704	9170
8000	9254
140	9256
405	9258
3646	9244
7119	8842
7131	8842
1937	8712
4422	9082
4428	9082
4612	9222
5974	8980
8460	8744
1867	8732
3178	8998
5454	8854
8016	9254
38	9052
1793	8676
3276	8784
6492	8806
1602	8730
1961	8822
3302	8784
6172	8648
6721	9038
151	9260
3907	9262
7995	9254
1910	8692
3205	8870
3548	9202
3736	8704
5218	8928
5439	8854
6806	9264
6901	9034
7120	8842
115	9266
286	8844
752	8894
882	9268
5590	8760
5866	9270
7277	9176
609	9272
2112	8832
2160	8714
3030	8976
3306	8784
5718	8682
6038	8646
7285	9274
4625	9276
5118	8716
6298	8764
7303	9076
7372	9216
2502	8654
5952	8658
7805	8696
801	8948
806	9278
915	8780
2857	8954
8056	8742
8487	8672
403	9258
3188	8998
4905	8852
5857	9280
8158	8916
305	9134
3556	9202
3692	9046
5094	9172
5465	8854
5525	9042
6334	8910
6924	9078
7124	8842
7135	8842
840	8924
1226	9188
4906	8852
6562	8796
1208	9282
5133	8716
6524	9284
7015	9286
7451	8752
7548	9236
8254	9066
759	8894
1985	9288
2002	9002
5905	9004
6992	8984
3103	8802
4533	8694
6566	8796
2115	8832
5038	8804
3319	8784
6416	9174
6862	8900
1700	8996
4580	8942
6709	9038
8163	8724
2823	8662
4161	8946
6068	9104
1010	9056
1035	9056
4425	9082
6161	8648
7422	9290
208	9292
1224	9188
2877	8954
3155	8940
3824	9060
5143	8716
6164	8648
6540	8766
6775	9294
8329	9102
253	9296
2074	9298
3511	8814
3712	9300
7641	8768
8205	8770
934	8918
3403	8644
3493	9302
3497	9302
3738	8704
5435	8854
6275	8762
8425	8778
299	9110
1350	8800
2164	8714
6332	8910
2737	8904
4774	8706
5289	8912
5353	8886
5578	9304
319	9306
350	9308
1191	8750
1428	9016
1643	8756
3464	8678
5562	9064
6984	8718
7129	8842
1137	8868
2113	8832
4164	8946
4529	8694
5462	8854
1371	8652
6169	8648
6600	9230
637	9128
2358	8684
3454	8678
4408	9310
560	8674
2463	8654
3689	9046
3865	8680
6124	8734
402	9258
3019	8976
3781	9040
1276	9312
1984	9288
2826	8662
6057	9314
6110	8734
2362	8684
5674	8836
6056	9314
8206	8770
8258	9066
2446	8654
3262	8784
3301	8784
3596	8828
6037	8646
1463	9018
2301	8684
2323	8684
4178	8946
4965	8958
4968	8958
6868	8900
7066	8774
7649	8768
1376	8652
2120	8832
3224	9028
5529	9042
8172	8724
99	9316
608	9272
2473	8654
7161	8990
757	8894
2504	8654
3288	8784
4927	9132
5660	8836
7784	8696
2673	8686
7117	8842
7647	8768
831	8924
1753	8676
3742	8704
4183	8946
219	9318
1320	8698
7585	8722
753	8894
1791	8676
3871	8680
6923	9078
7019	9286
3265	8784
4157	8946
4337	9020
4460	8720
4472	8720
460	8790
2076	9298
2165	8714
3241	8884
4302	9320
4635	8908
4798	8706
244	9322
4811	8706
5026	8804
5628	8992
7894	8964
836	8924
4861	9140
6836	8738
8381	9146
1389	8652
5132	8716
5846	9324
7132	8842
2995	9092
6494	8806
2718	8904
4757	9326
5341	8886
6087	9328
8350	8944
597	9330
1090	9198
3520	8814
3690	9046
1462	9018
3780	9040
5416	8854
7202	9124
8531	8798
1068	8866
4969	8958
5619	8992
5945	8658
6382	9246
6438	8710
542	8666
4254	9332
6586	8880
7394	9334
1636	9336
3289	8784
4411	9310
6314	8910
6633	8820
6972	9126
7200	9124
7457	8752
2131	8832
2505	8654
4671	8864
5595	8760
5614	8992
5921	8786
6783	9338
6986	8718
1316	8698
1800	8676
3303	8784
5532	9042
6807	9264
7373	9216
2717	8904
3300	8784
5231	9340
7421	9290
3489	9302
3491	9302
4737	9342
8629	9096
2883	8954
4901	8852
6391	9246
6606	9220
6897	9034
6938	9116
7301	9076
1503	8898
3098	8802
4527	8694
5732	8682
6784	9338
243	9322
414	9344
537	8666
1502	8898
3022	8976
3839	8680
3929	9048
4935	9132
4967	8958
6863	8900
2672	8686
2716	8904
3856	8680
4292	9346
5599	8760
6360	9114
6617	8820
7197	9124
7633	8768
8014	9254
161	8772
3799	9058
7409	9050
7786	8696
8497	8672
662	8690
6823	9348
625	8858
3307	8784
5073	9350
6333	8910
7005	8856
8490	8672
557	8674
3999	9352
5145	8716
5302	8912
8492	8672
8586	9354
2075	9298
4805	8706
5633	8992
7625	8768
8424	8778
2071	9298
2825	8662
3911	9262
4291	9346
5963	8980
7407	9050
8388	9146
1781	8676
7801	8696
7264	9356
7542	9088
521	9024
3456	8678
5018	8804
5195	8934
5517	9042
7845	9154
7852	9154
518	9024
661	8690
2510	8654
3294	8784
3445	8678
1227	9188
6272	8762
5977	8980
5992	8980
8351	8944
424	8846
2357	8684
2807	8662
3444	8678
7777	8696
7965	8874
3495	9302
3688	9046
7360	9358
7657	8768
1217	9188
6531	9360
153	9260
1785	8676
4087	9362
4516	9232
5453	8854
7854	9154
581	9036
2364	8684
4891	9364
6117	8734
6071	9104
8598	8660
3029	8976
4173	8946
5211	9366
7454	8752
8201	8770
8536	8798
1308	8698
2455	8654
6273	8762
6408	9174
7591	8722
7842	9154
1129	8868
1140	8868
2506	8654
2996	9092
3652	9244
5858	9280
6059	9314
7639	8768
615	9006
2749	8904
3623	8816
3649	9244
48	8664
5597	8760
6518	9368
7256	9370
1646	8756
1925	9242
3244	8884
4797	8706
5197	8934
6715	9038
1133	8868
1286	9372
2195	8714
4715	9374
4762	9326
4793	8706
5299	8912
5745	8682
7656	8768
595	9330
1499	8898
2283	9234
3494	9302
5340	8886
5425	8854
2174	8714
3988	9044
5744	8682
6994	8984
7468	8752
8572	9144
1570	8926
1702	8996
3323	8784
8155	8916
4505	8922
5141	8716
7265	9356
207	9292
746	8894
3124	8956
3783	9040
4043	9376
6903	9034
7645	8768
1311	8698
2284	9234
5144	8716
5427	8854
5591	8760
5750	8682
7590	8722
77	9378
3042	8976
3669	8982
4999	9156
7076	8774
7370	9216
1953	8822
3242	8884
6300	8764
8534	8798
779	9054
1271	8952
4352	8872
4387	9380
4788	8706
5947	8658
6625	8820
468	8790
1290	9382
4865	9140
6900	9034
78	9378
209	9292
6564	8796
210	9292
4561	8700
5123	8716
5617	8992
6632	8820
2709	8904
4176	8946
7889	8964
3941	9384
4132	8794
4370	8668
5147	8716
7269	9022
8545	8902
8589	9354
2887	8954
3282	8784
3822	9060
5922	8786
7186	8986
7614	8808
2013	8758
2994	9092
3273	8784
3309	8784
3427	9094
3687	9046
5457	8854
6260	8762
7275	9386
8573	9144
3285	8784
1475	9388
6175	8648
6705	9038
7631	8768
654	8690
2633	9008
3426	9094
3869	8680
4303	9320
4864	9140
6432	8710
6714	9038
413	9344
423	8846
2130	8832
4912	8852
5404	8938
5901	9004
6089	9328
6412	9174
8064	8742
110	9266
1143	8868
6235	9086
6702	9038
8357	8944
2336	8684
2669	8686
6664	9390
7165	8990
7734	9080
1386	8652
3126	8956
4184	8946
4252	9332
4318	9112
4801	8706
5069	9350
5395	8938
5516	9042
5672	8836
7725	9392
961	9394
1130	8868
5618	8992
8333	9102
745	8894
1147	8868
3625	8816
5266	9122
6532	9360
3089	8802
4253	9332
6789	9338
7018	9286
7549	9236
376	9136
1660	9184
5261	9122
49	8664
65	9118
645	9396
1774	8676
6624	8820
841	8924
2048	9130
2110	8832
2172	8714
8423	8778
8596	8660
61	9118
111	9266
2804	8662
4670	8864
5747	8682
1564	8926
5290	8912
5665	8836
6893	9034
7054	8774
914	8780
999	9248
5424	8854
4970	8958
5848	9324
6665	9390
3447	8678
4284	9200
4599	9398
5702	9166
6461	8736
6537	8766
1072	8866
1669	9070
3760	9400
4885	9402
5418	8854
6173	8648
6433	8710
6857	8900
369	9404
1616	8730
3041	8976
3950	9238
5528	9042
326	9406
666	8690
2806	8662
3156	8940
3204	8870
4049	9376
622	9408
4508	8922
6774	9294
7118	8842
1063	9410
2606	8782
5301	8912
539	8666
2183	8714
6942	9116
372	9412
2105	9214
2735	8904
5303	8912
6327	8910
1704	8996
4180	8946
3286	8784
8468	8744
8491	8672
8137	8776
6363	9114
7284	9274
8310	9160
1512	8850
1566	8926
2250	9414
2973	9090
3047	8976
1879	8732
2625	9008
4374	9416
5259	9122
5966	8980
7945	8874
8102	9194
3671	8982
4020	9418
4479	8720
5070	9350
6712	9038
8008	9254
3203	8870
3458	8678
4241	8818
6113	8734
40	9052
683	8690
842	8924
1437	9016
4311	9112
5580	9304
5668	8836
5735	8682
7216	9124
7891	8964
3609	9010
3853	8680
4271	9204
7022	9286
7701	8888
8599	8660
336	8936
2859	8954
7993	9254
6230	9086
6320	8910
454	8790
1279	9312
1746	8676
2034	8972
2068	9298
2077	9298
3297	8784
4134	8794
6787	9338
419	8846
5458	8854
7070	8774
7332	9420
7474	8752
2104	9214
3513	8814
5598	8760
6108	8734
7424	9290
1999	9002
2305	8684
4000	9352
4939	9132
5984	8980
7257	9370
3304	8784
4281	9200
5286	8912
7185	8986
7727	9392
8607	8660
2367	8684
6405	9174
6859	8900
6861	8900
2854	8954
3561	9202
4154	8946
4338	9020
5976	8980
6552	8796
7651	8768
2091	8988
2349	8684
3206	8870
3937	9384
4475	8720
6609	9220
7055	8774
7653	8768
1340	8800
1777	8676
2369	8684
3868	8680
4433	9082
4785	8706
5347	8886
6390	9246
1123	8868
4400	9000
5527	9042
5554	8834
112	9266
526	9024
2484	8654
3554	9202
5834	9072
7307	9076
2300	8684
3391	8644
5847	9324
5964	8980
6086	9328
6523	9284
464	8790
6667	9390
8499	8672
1717	9162
1908	8692
5731	8682
2167	8714
2497	8654
3283	8784
3940	9384
2867	8954
5007	9156
5282	8912
5986	8980
8597	8660
935	8918
974	8830
5877	9152
1369	8652
2356	8684
5889	9190
668	8690
1031	9056
1703	8996
3263	8784
3656	9244
3842	8680
5040	8804
5925	8786
6630	8820
434	9100
1510	8850
2730	8904
4381	9062
5700	9166
2246	9414
2331	8684
3024	8976
3418	9094
1782	8676
3090	8802
5033	8804
5743	8682
6276	8762
1482	8970
1963	8822
2177	8714
3269	8784
4602	9398
2993	9092
3524	8814
3597	8828
6162	8648
6491	9422
7137	8842
3049	8976
3674	8982
3703	9424
5897	9004
5953	8658
6716	9038
1310	8698
5867	9270
7476	8752
8416	8778
4858	9140
5109	8716
5134	8716
5577	9304
5946	8658
6226	9086
833	8924
3956	9238
6622	8820
109	9266
3560	9202
4420	9082
7310	9076
8259	9066
200	8788
1986	9288
2118	8832
4040	9030
4430	9082
4667	8864
142	9256
2508	8654
4759	9326
5001	9156
5791	9142
2337	8684
4436	9082
4695	9426
4930	9132
6107	8734
6781	9338
7848	9154
238	9428
3514	8814
3645	9244
5712	8682
7390	9334
7420	9290
7790	8696
8068	8742
572	9106
4034	9430
4626	9276
4868	9140
6415	9174
8099	9194
857	8792
893	8890
2886	8954
3177	8998
4181	8946
5092	9172
6584	8880
8326	9102
497	8748
1216	9188
2695	8904
4515	9232
6696	9038
7440	9432
461	8790
994	9014
1372	8652
4336	9020
4437	9082
4629	9276
5701	9166
7345	8650
8627	9096
4476	8720
6719	9038
8168	8724
4267	9204
4465	8720
7067	8774
398	9434
4519	9232
6631	8820
8017	9254
498	8748
594	9330
1938	8712
3268	8784
5122	8716
8373	9436
867	8896
1117	9438
1439	9016
3957	9238
4078	9440
5951	8658
8125	9442
825	9150
2478	8654
3770	9098
4660	8864
7643	8768
7648	8768
1113	9438
2355	8684
5117	8716
5634	8992
6365	9114
6502	8806
6666	9390
6846	9444
8266	9066
6828	9446
7026	9286
7536	8812
8010	9254
2047	9130
5429	8854
5530	9042
6669	9390
8057	8742
8222	9108
278	9178
2011	8758
689	8690
1611	8730
3422	9094
3716	9300
5438	8854
5670	8836
5962	8980
6112	8734
995	9014
2822	8662
5444	8854
8121	9448
8288	8930
8502	8672
8552	8902
344	9450
596	9330
967	8968
2458	8654
2696	8904
2861	8954
5739	8682
7367	9216
456	8790
1790	8676
3599	8828
4775	8706
5920	8786
6842	9444
8004	9254
655	8690
2170	8714
2704	8904
4463	8720
7127	8842
8072	8742
2727	8904
2923	8862
3045	8976
5811	8824
8148	9452
8306	9160
91	9316
3015	8976
3800	9058
697	8690
751	8894
1029	9056
3035	8976
4859	9140
5432	8854
6406	9174
6973	9126
8382	9146
2470	8654
3132	8956
4471	8720
6070	9104
584	9036
1023	9056
2309	8684
2341	8684
3779	9040
6067	9104
6259	8762
1440	9016
7376	9216
3949	9238
1434	9016
4046	9376
4166	8946
5917	8786
8431	8778
4102	8656
7359	9358
9	8914
1019	9056
1979	9288
2304	8684
2941	8862
3428	9094
3691	9046
8588	9354
135	9454
1637	9336
2175	8714
2185	8714
6627	8820
6699	9038
6931	9116
7308	9076
7919	8838
7996	9254
1025	9056
1698	8996
2103	9214
2865	8954
3515	8814
3854	8680
4745	9240
5555	8834
237	9428
1522	8850
4366	9252
4556	8700
5447	8854
6503	8806
1801	8676
3013	8976
4421	9082
5345	8886
7391	9334
472	8790
883	9268
3417	9094
3744	8704
4066	9456
6621	8820
3612	9010
4886	9402
5968	8980
8226	9108
79	9378
166	8772
1259	8892
2630	9008
4711	9228
4893	9364
5737	8682
6265	8762
7025	9286
7350	8650
7529	9458
8286	8930
1024	9056
4233	9074
4697	9426
6673	9390
524	9024
543	8666
1250	9460
4427	9082
5736	8682
6860	8900
7883	8964
748	8894
3097	8802
5283	8912
8267	9066
1647	8756
2485	8654
3938	9384
6091	9328
6967	9126
7782	8696
8544	8902
2623	9008
3271	8784
4137	8794
4255	9332
7473	8752
362	8960
2663	8686
6792	9338
7069	8774
152	9260
953	9462
1343	8800
2116	8832
4064	9456
671	8690
6985	8718
7369	9216
7849	9154
7896	8964
1868	8732
2631	9008
2819	8662
2927	8862
4640	8908
6761	9182
7508	8740
8063	8742
8327	9102
8533	8798
881	9268
4402	9000
4782	8706
7846	9154
8587	9354
4514	9232
4903	8852
6695	9038
1898	9026
2067	9298
2870	8954
7594	8722
7887	8964
2335	8684
3794	9058
3918	9464
5463	8854
5982	8980
1595	9210
2311	8684
2178	8714
4258	9332
6896	9034
7693	8888
2198	8714
4409	9310
4557	8700
11	8914
657	8690
686	8690
1209	9282
1210	9282
1513	8850
5810	8824
7571	9164
2503	8654
2714	8904
5677	8836
5967	8980
8389	9146
62	9118
2711	8904
4778	8706
4909	8852
4977	8958
6440	8710
437	9100
777	9054
6093	9328
6473	8736
8147	9452
3152	8940
3598	8828
3910	9262
4966	8958
7339	8702
4175	8946
5022	8804
6414	9174
4611	9222
5635	8992
7880	8964
1788	8676
2636	9008
2715	8904
4189	8946
6672	9390
673	8690
2666	8686
6179	8648
6629	8820
8503	8672
2176	8714
3237	8884
7122	8842
8011	9254
8145	9452
1757	8676
2726	8904
2728	8904
3245	8884
3843	8680
4355	8872
5339	8886
6899	9034
7136	8842
778	9054
3040	8976
3731	8704
3741	8704
3998	9352
4600	9398
6054	9314
6229	9086
8313	9160
97	9316
1697	8996
3402	8644
3717	9300
6152	8648
6358	9114
6500	8806
7001	8856
814	9138
1028	9056
1435	9016
2276	9234
3125	8956
6236	9086
2265	8974
4674	8864
6780	9338
6855	8900
7021	9286
7624	8768
80	9378
2451	8654
2598	8782
6148	8648
143	9256
2033	8972
7047	8774
7928	8838
946	9466
1658	9184
5005	9156
6120	8734
7240	9468
1149	8868
1779	8676
2970	9090
4023	9418
7242	9468
8200	8770
8287	8930
2308	8684
2885	8954
5582	9304
6547	9470
7387	9334
7762	9012
987	9472
1644	8756
3393	8644
5364	8886
6318	8910
7160	8990
8530	8798
1473	9388
2498	8654
5140	8716
5459	8854
6791	9338
1562	8926
1755	8676
3248	8884
4637	8908
4661	8864
4895	9364
6937	9116
7243	9468
7459	8752
60	9118
1385	8652
1718	9162
3486	9302
4787	8706
6555	8796
7002	8856
918	8780
3247	8884
3291	8784
579	9036
3518	8814
6619	8820
2932	8862
4313	9112
4933	9132
5437	8854
8566	9144
134	9454
1416	8920
1900	9026
4929	9132
1769	8676
2366	8684
4786	8706
315	9474
1897	9026
4109	8656
7208	9124
467	8790
3611	9010
4932	9132
5948	8658
2125	8832
2188	8714
3026	8976
4155	8946
5120	8716
412	9344
1298	9192
2815	8662
7199	9124
422	8846
1114	9438
2488	8654
5460	8854
3239	8884
3430	9094
4964	8958
7439	9432
1787	8676
1940	8712
4377	9062
4458	8720
5265	9122
1073	8866
3985	9044
5191	8934
7574	9164
8171	8724
1125	8868
1912	8692
1965	8822
2965	9090
4722	9148
6335	8910
7052	8774
7953	8874
182	9476
664	8690
1772	8676
2093	8988
2880	8954
4646	8908
4733	9342
5125	8716
6126	8734
7788	8696
3308	8784
7952	8874
2161	8714
3135	8956
4009	9208
7738	9080
3280	8784
3487	9302
3847	8680
5025	8804
6858	8900
7998	9254
2884	8954
3317	8784
7956	8874
245	9322
459	8790
952	9462
5363	8886
5719	8682
194	8746
289	8844
7700	8888
8070	8742
1002	9248
1115	9438
4963	8958
6946	9116
8601	8660
1141	8868
3226	9028
3459	8678
4518	9232
6692	9038
3394	8644
3557	9202
3648	9244
5297	8912
6092	9328
6171	8648
7071	8774
1104	8848
1432	9016
2462	8654
4908	8852
6776	9294
7632	8768
7760	9012
1219	9188
5627	8992
6270	8762
1207	9282
1318	8698
3278	8784
63	9118
1317	8698
3858	8680
613	9006
4169	8946
4283	9200
4698	9426
6993	8984
2818	8662
4957	8958
6934	9116
8549	8902
4044	9376
5449	8854
5903	9004
2876	8954
4506	8922
3867	8680
4431	9082
6026	8646
6361	9114
7562	9478
7765	9012
900	8728
1145	8868
1771	8676
2031	8972
3167	9196
5196	8934
2489	8654
4815	8706
5451	8854
6392	9246
7392	9334
180	9476
5568	9064
231	9480
4558	8700
5581	9304
5855	9280
6240	9086
6596	9482
6708	9038
6902	9034
8197	8770
1880	8732
2339	8684
2732	8904
5284	8912
1521	8850
4048	9376
6970	9126
7059	8774
383	9136
1907	8692
2733	8904
4466	8720
1964	8822
3173	9250
3798	9058
6083	9328
6698	9038
1017	9056
1131	8868
1251	9460
6762	9182
1071	8866
1110	8950
4575	8942
5212	9366
7166	8990
7411	9050
8179	8724
8354	8944
8529	8798
2327	8684
3619	8816
3759	9400
600	9330
1373	8652
2192	8714
3846	8680
5037	8804
5856	9280
7546	9236
4794	8706
5716	8682
8353	8944
6389	9246
1524	8850
4666	8864
5221	8928
6331	8910
7434	9432
2805	8662
3954	9238
5362	8886
5803	8824
6628	8820
7455	8752
2248	9414
2862	8954
4088	9362
6496	8806
2051	9130
5421	8854
4011	9208
7785	8696
7796	8696
5304	8912
5343	8886
7538	8812
612	9006
1349	8800
3397	8644
4734	9342
6178	8648
7644	8768
7737	9080
1459	9018
3429	9094
6031	8646
329	8932
688	8690
3711	9300
4461	8720
363	8960
5400	8938
6887	9034
8127	9442
3841	8680
5809	8824
8169	8724
744	8894
1954	8822
1980	9288
3401	8644
3761	9400
5793	9142
6472	8736
7763	9012
7925	8838
2997	9092
3737	8704
4470	8720
5210	9366
6109	8734
8157	8916
2158	8714
4022	9418
5845	9324
7405	9050
504	8748
3450	8678
4135	8794
5068	9350
5293	8912
8485	8672
1307	8698
378	9136
3225	9028
7068	8774
7347	8650
2332	8684
8236	8994
39	9052
1258	8892
1491	8860
2070	9298
5401	8938
7966	8874
1773	8676
3792	9058
3870	8680
884	9268
3093	8802
3789	9058
4017	9418
5035	8804
5244	8708
3446	8678
5114	8716
6157	8648
7470	8752
7626	8768
465	8790
1315	8698
5093	9172
5742	8682
6501	8806
1701	8996
3519	8814
1603	8730
7004	8856
1724	9226
5129	8716
6119	8734
7423	9290
1534	8850
5072	9350
2307	8684
4866	9140
113	9266
114	9266
5975	8980
7023	9286
8336	9102
8535	8798
2592	8782
4813	8706
5288	8912
8100	9194
6939	9116
2490	8654
3324	8784
4103	8656
4601	9398
4730	9212
5854	9280
7634	8768
8493	8672
800	8948
1225	9188
2596	8782
7572	9164
7630	8768
1142	8868
1958	8822
6231	9086
7056	8774
7168	8990
8434	8778
1018	9056
1184	8750
3130	8956
3311	8784
133	9454
1011	9056
7613	8808
687	8690
1661	9184
2731	8904
2934	8862
4507	8922
5292	8912
3420	9094
7694	8888
691	8690
6710	9038
8355	8944
269	9484
6410	9174
7258	9370
7844	9154
8330	9102
1088	9198
2828	8662
4378	9062
5243	8708
6238	9086
7268	9022
501	8748
1189	8750
3795	9058
6324	8910
2059	9486
2855	8954
6704	9038
680	8690
1939	8712
2169	8714
2744	8904
5971	8980
6585	8880
7589	8722
8307	9160
1000	9248
1987	9288
2961	9090
3287	8784
3969	8962
4809	8706
7205	9124
7458	8752
8467	8744
936	8918
1319	8698
5230	9340
6111	8734
6557	8796
8356	8944
538	8666
670	8690
885	9268
2868	8954
7065	8774
8469	8744
26	9488
558	8674
685	8690
1528	8850
3714	9300
4138	8794
4315	9112
4779	8706
5721	8682
5900	9004
6845	9444
8293	8930
2324	8684
5698	9166
6545	9470
8052	8742
1806	8676
2860	8954
5981	8980
6889	9034
6941	9116
7968	8874
8007	9254
3457	8678
3579	8906
4721	9148
6368	9114
7293	9490
15	8914
2191	8714
3290	8784
3322	8784
4659	8864
4694	9426
4911	8852
5972	8980
7241	9468
7930	8838
2992	9092
5990	8980
6539	8766
6563	8796
7170	8990
2940	8862
3624	8816
4735	9342
6521	9492
7530	9458
1472	9388
2888	8954
6239	9086
7060	8774
466	8790
809	9494
2330	8684
6821	9348
7947	8874
241	9322
1613	8730
3025	8976
4574	8942
5553	8834
6935	9116
545	8666
1696	8996
2869	8954
2874	8954
3421	9094
8386	9146
3855	8680
5899	9004
8383	9146
8568	9144
8603	8660
663	8690
1370	8652
5000	9156
5029	8804
815	9138
4388	9380
4614	9222
5228	9340
6227	9086
6567	8796
5723	8682
6759	9182
7851	9154
8062	8742
8600	8660
1064	9410
2655	8686
3424	9094
3492	9302
223	9496
3214	8882
659	8690
5423	8854
2266	8974
6546	9470
7125	8842
7469	8752
7560	9478
7592	8722
7627	8768
255	9296
2605	8782
4562	8700
6359	9114
7371	9216
1471	9388
1871	8732
2863	8954
3100	8802
4170	8946
4179	8946
5126	8716
1530	8850
1609	8730
3997	9352
4018	9418
4434	9082
5298	8912
6944	9116
7586	8722
7881	8964
191	8746
1069	8866
6369	9114
6844	9444
7528	9458
7573	9164
8265	9066
1136	8868
1734	8966
2628	9008
3622	8816
5296	8912
5794	9142
95	9316
812	9138
2094	8988
2095	8988
3048	8976
3920	9464
4473	8720
6232	9086
6933	9116
7201	9124
8585	9354
1501	8898
3101	8802
3675	8982
4363	9252
6790	9338
7408	9050
979	9498
1256	8892
2456	8654
4761	9326
4924	9132
6866	8900
8124	9442
8285	8930
1076	8866
1796	8676
3919	9464
4293	9346
5111	8716
5258	9122
5338	8886
5830	9072
8418	8778
1188	8750
1688	9500
4172	8946
8	8914
8018	9254
8605	8660
1520	8850
2747	8904
5625	8992
8584	9354
2173	8714
2856	8954
3908	9262
5294	8912
6114	8734
7274	9386
7778	8696
783	9054
2460	8654
4760	9326
8384	9146
5436	8854
7463	8752
1221	9188
2481	8654
2700	8904
4613	9222
8466	8744
3817	9060
8400	9502
1383	8652
3318	8784
3986	9044
4581	8942
5814	8824
8003	9254
1181	8750
5358	8886
7612	8808
7840	9154
268	9484
1278	9312
3419	9094
5067	9350
7695	8888
648	9396
1127	8868
1568	8926
1795	8676
4333	9020
4423	9082
6185	8648
1457	9018
1923	9242
6322	8910
1596	9210
2999	9092
3981	9206
4188	8946
4639	8908
6892	9034
649	9396
1215	9188
5741	8682
6786	9338
8632	9096
470	8790
1277	9312
3654	9244
6125	8734
348	9504
2197	8714
3672	8982
7703	8888
168	8772
1749	8676
1924	9242
6854	8900
7389	9334
7798	8696
2734	8904
4010	9208
7188	8986
141	9256
1671	9070
5346	8886
7203	9124
154	9260
1034	9056
3449	8678
7855	9154
96	9316
660	8690
1124	8868
2281	9234
2487	8654
2670	8686
4035	9430
4171	8946
5985	8980
6945	9116
7438	9432
8149	9452
5194	8934
5973	8980
6867	8900
8406	9502
860	8792
1430	9016
2360	8684
2500	8654
3704	9424
8065	8742
1936	8712
6069	9104
6073	9104
7361	9358
7787	8696
1677	9506
2279	9234
2604	8782
3166	9196
5099	9172
7802	8696
8494	8672
692	8690
754	8894
2738	8904
4257	9332
261	9508
4019	9418
1978	9288
3092	8802
4904	8852
5077	9350
5844	9324
6694	9038
3488	9302
6174	8648
6700	9038
8422	8778
192	8746
233	9480
2593	8782
5727	8682
5790	9142
7278	9176
265	9510
2333	8684
2599	8782
4331	9020
4807	8706
1096	9180
1957	8822
3793	9058
6495	8806
2972	9090
3321	8784
6413	9174
6493	8806
7609	8808
246	9322
4975	8958
5699	9166
5879	9152
1295	9192
1384	8652
2882	8954
3154	8940
8372	9436
254	9296
379	9136
5666	8836
5874	9152
6853	8900
8427	8778
8435	8778
503	8748
5714	8682
2930	8862
6693	9038
945	9466
977	9498
3718	9300
6559	8796
2967	9090
3038	8976
4290	9346
4973	8958
6233	9086
7164	8990
7464	8752
7472	8752
1875	8732
2286	9234
2368	8684
7133	8842
5464	8854
5807	8824
7640	8768
164	8772
2325	8684
3213	8882
8428	8778
8608	8660
4863	9140
5399	8938
7306	9076
10	8914
1802	8676
2247	9414
3461	8678
3771	9098
6302	8764
3392	8644
3496	9302
4628	9276
6676	9390
6711	9038
7064	8774
7215	9124
7341	8702
8263	9066
395	9512
2871	8954
3099	8802
5461	8854
5991	8980
8223	9108
2509	8654
3719	9300
8255	9066
1014	9056
2128	8832
2937	8862
3277	8784
8009	9254
1382	8652
3105	8802
4577	8942
6166	8648
6890	9034
1228	9188
3310	8784
3989	9044
7958	8874
92	9316
916	8780
1190	8750
1378	8652
3184	8998
6601	9230
8167	8724
377	9136
3555	9202
4365	9252
4662	8864
5579	9304
5792	9142
7841	9154
368	9404
2345	8684
3861	8680
7850	9154
3859	8680
5620	8992
5835	9072
6158	8648
6519	9368
7946	8874
2515	8654
5098	9172
5456	8854
6947	9116
7388	9334
7393	9334
7523	9514
2036	8972
2363	8684
669	8690
1565	8926
3766	9516
4736	9342
5989	8980
2476	8654
4870	9140
6029	8646
6782	9338
1033	9056
1935	8712
4269	9204
6530	9360
7280	9176
8371	9436
868	8896
1418	8920
2200	8714
2514	8654
2656	8686
3909	9262
7237	9468
3036	8976
3279	8784
3312	8784
4934	9132
90	9316
1561	8926
1752	8676
1962	8822
2114	8832
3246	8884
4229	9074
7921	8838
8050	8742
8606	8660
4763	9326
6474	8736
7305	9076
2507	8654
2878	8954
7462	8752
7742	9080
7890	8964
522	9024
978	9498
8015	9254
307	9134
314	9474
950	9462
1694	8996
3926	9048
3972	8978
4330	9020
7652	8768
1013	9056
4316	9112
7043	8774
8481	8672
2483	8654
3316	8784
5869	9270
6032	8646
8051	8742
2315	8684
3455	8678
5190	8934
5520	9042
5815	8824
6367	9114
7331	9420
871	8896
4177	8946
4781	8706
5187	8934
6304	8764
8198	8770
8348	8944
2662	8686
6553	8796
8177	8724
621	9408
1417	8920
1792	8676
2282	9234
3398	8644
3849	8680
7244	9468
990	9518
1515	8850
3628	8816
3814	9060
5720	8682
8144	9452
279	9178
1511	8850
1758	8676
5805	8824
8415	8778
8176	8724
1775	8676
2671	8686
6865	8900
8433	8778
1352	8800
2938	8862
5030	8804
7471	8752
7721	9392
1338	8800
2966	9090
3266	8784
5420	8854
2511	8654
4714	9374
4748	9240
163	8772
1001	9248
2022	9520
3650	9244
3713	9300
3928	9048
4560	8700
6760	9182
7587	8722
495	8748
1635	9336
1983	9288
3128	8956
3982	9206
5146	8716
6832	8738
1289	9382
2464	8654
4426	9082
4758	9326
5337	8886
7736	9080
8059	8742
8432	8778
1492	8860
6852	8900
7000	8856
8417	8778
8624	9096
165	8772
1429	9016
1433	9016
1576	8926
4079	9440
4251	9332
5832	9072
1128	8868
2029	8972
2278	9234
2710	8904
2812	8662
3917	9464
4467	8720
5135	8716
6271	8762
2629	9008
2971	9090
5567	9064
5749	8682
8001	9254
8459	8744
2465	8654
3460	8678
5417	8854
5430	8854
5713	8682
317	9522
1606	8730
1737	8966
2326	8684
5859	9280
7406	9050
6556	8796
128	9068
1346	8800
1931	8712
4312	9112
7650	8768
8069	8742
493	8748
2931	8862
3153	8940
5127	8716
5351	8886
6470	8736
6894	9034
568	9106
2166	8714
2813	8662
3815	9060
4186	8946
7431	9432
7878	8964
8071	8742
3023	8976
7550	9236
1089	9198
1498	8898
2486	8654
6269	8762
7058	8774
4582	8942
4615	9222
7836	9154
1474	9388
3864	8680
4256	9332
8058	8742
2624	9008
3521	8814
4806	8706
6671	9390
8331	9102
3767	9516
5192	8934
5927	8786
7724	9392
8334	9102
6886	9034
1574	8926
5131	8716
7294	9490
2701	8904
6442	8710
8174	8724
8496	8672
3647	9244
4796	8706
5398	8938
7897	8964
58	9118
983	9120
1668	9070
4273	9204
5121	8716
8401	9502
27	9488
1529	8850
1634	9336
2471	8654
5697	9166
7758	9012
1109	8950
2864	8954
4071	9524
5531	9042
5616	8992
7075	8774
7330	9420
7698	8888
7879	8964
31	9526
2808	8662
4755	9326
5804	8824
6817	8670
94	9316
1605	8730
4099	8656
5523	9042
7783	8696
8012	9254
656	8690
3186	8998
6263	8762
7723	9392
453	8790
1763	8676
2990	9092
4410	9310
117	9266
5592	8760
7302	9076
242	9322
2873	8954
3651	9244
7570	9164
7926	8838
583	9036
3593	8828
4356	8872
5034	8804
5066	9350
5128	8716
5522	9042
6608	9220
7254	9370
2180	8714
8370	9436
4664	8864
5906	9004
5929	8786
1594	9210
1803	8676
5676	8836
6225	9086
6384	9246
7207	9124
1186	8750
1679	9506
4174	8946
227	9528
1144	8868
2748	8904
6115	8734
7741	9080
2030	8972
4928	9132
7794	8696
7951	8874
2702	8904
3267	8784
81	9378
499	8748
598	9330
2263	8974
3039	8976
3044	8976
3733	8704
5448	8854
3490	9302
4477	8720
8013	9254
2190	8714
4091	9362
6267	8762
647	9396
1766	8676
2627	9008
2988	9092
4080	9440
4892	9364
6533	9360
8006	9254
216	8876
2117	8832
2705	8904
3133	8956
6636	8820
7309	9076
897	8728
922	8780
1612	8730
3594	8828
2251	9414
4024	9418
4705	9170
5076	9350
7461	8752
690	8690
1761	8676
1767	8676
1776	8676
1797	8676
2998	9092
5891	9190
7327	9420
8335	9102
4535	8694
4696	9426
5189	8934
6441	8710
677	8690
910	9084
2664	8686
2924	8862
7843	9154
1615	8730
1681	9506
1786	8676
2021	9520
4747	9240
3033	8976
5350	8886
6299	8764
355	9032
921	8780
3000	9092
4100	8656
5806	8824
6697	9038
7368	9216
2814	8662
3848	8680
4072	9524
4101	8656
5611	8992
6463	8736
8374	9436
1375	8652
1877	8732
2313	8684
5888	9190
7358	9358
181	9476
330	8932
676	8690
933	8918
4960	8958
5428	8854
7635	8768
684	8690
3017	8976
3216	8882
4802	8706
1185	8750
2827	8662
3927	9048
5075	9350
7726	9392
8315	9160
658	8690
3018	8976
5188	8934
5355	8886
6028	8646
6385	9246
869	8896
932	8918
2321	8684
5434	8854
6122	8734
7800	8696
7920	8838
8073	8742
2306	8684
3558	9202
8626	9096
2928	8862
7804	8696
3819	9060
356	9032
2448	8654
5969	8980
6082	9328
41	9052
462	8790
1012	9056
2475	8654
2665	8686
3014	8976
3104	8802
8260	9066
755	8894
1026	9056
1648	8756
629	8858
3179	8998
3710	9300
7959	8874
7964	8874
2244	9414
2962	9090
4938	9132
6409	9174
6971	9126
7049	8774
546	8666
561	8674
785	9054
839	8924
1526	8850
2936	8862
3973	8978
5074	9350
5249	8708
8567	9144
1922	9242
4001	9352
7024	9286
7048	8774
8569	9144
780	9054
4045	9376
6662	9390
8291	8930
8294	8930
2342	8684
5426	8854
6436	8710
607	9272
1022	9056
1183	8750
4092	9362
3788	9058
3818	9060
6670	9390
7121	8842
1913	8692
1138	8868
5281	8912
341	9530
962	9394
1134	8868
1249	9460
1604	8730
2472	8654
3240	8884
7743	9080
7962	8874
696	8690
6668	9390
3298	8784
5661	8836
5673	8836
6638	8820
7569	9164
1116	9438
1981	9288
4051	9376
4937	9132
7563	9478
7754	9012
8399	9502
469	8790
2603	8782
3851	8680
6891	9034
7795	8696
82	9378
5833	9072
6527	9218
126	9068
300	9110
1680	9506
3990	9044
5518	9042
6156	8648
183	9476
1784	8676
6990	8984
7789	8696
404	9258
919	8780
1074	8866
3020	8976
6469	8736
7453	8752
7799	8696
7997	9254
32	9526
1270	8952
2370	8684
3032	8976
5041	8804
5441	8854
6407	9174
6808	9264
7077	8774
1431	9016
2050	9130
2964	9090
5626	8992
8262	9066
51	8664
858	8792
6618	8820
7239	9468
3510	8814
4603	9398
8482	8672
1030	9056
1309	8698
1342	8800
1799	8676
2314	8684
578	9036
3715	9300
4795	8706
5979	8980
1294	9192
3295	8784
8133	9532
440	9100
3395	8644
3512	8814
6090	9328
6237	9086
2310	8684
3952	9238
7781	8696
7924	8838
599	9330
1982	9288
2124	8832
2621	9008
5433	8854
5715	8682
6674	9390
201	8788
639	9128
1390	8652
1518	8850
3553	9202
3825	9060
5116	8716
6393	9246
2277	9234
6181	8648
7547	9236
951	9462
1296	9192
2452	8654
4234	9074
5726	8682
4129	8794
4163	8946
6030	8646
7041	8774
394	9512
837	8924
3320	8784
5442	8854
7957	8874
8241	8994
756	8894
2600	8782
4962	8958
384	9136
2319	8684
5264	9122
6084	9328
7696	8888
220	9318
2457	8654
3096	8802
4025	9418
6929	9116
6930	9116
4289	9346
5730	8682
7740	9080
7761	9012
743	8894
821	9150
1509	8850
4073	9524
4931	9132
5563	9064
6055	9314
8199	8770
93	9316
2499	8654
2338	8684
2809	8662
3595	8828
4052	9376
5729	8682
7608	8808
56	9118
1103	8848
4162	8946
4792	8706
4974	8958
5124	8716
917	8780
2060	9486
2632	9008
5422	8854
6589	8880
3034	8976
3790	9058
6123	8734
264	9510
2719	8904
3315	8784
6168	8648
6620	8820
8101	9194
224	9496
3550	9202
8403	9502
1339	8800
1727	9226
6468	8736
2171	8714
2712	8904
3275	8784
4780	8706
5247	8708
7295	9490
2127	8832
2653	8686
5287	8912
5983	8980
6418	9174
7213	9124
8240	8994
8308	9160
2594	8782
2926	8862
6827	9446
8625	9096
4435	9082
6462	8736
6758	9182
6788	9338
7735	9080
4480	8720
5222	8928
7722	9392
8565	9144
787	9054
1388	8652
2126	8832
3823	9060
4537	8694
5445	8854
5724	8682
6264	8762
381	9136
1260	8892
3313	8784
4894	9364
5924	8786
2312	8684
4579	8942
5515	9042
866	8896
1122	8868
2447	8654
4077	9440
6626	8820
682	8690
6717	9038
7436	9432
1959	8822
4090	9362
8002	9254
1607	8730
1870	8732
2635	9008
2722	8904
2858	8954
5612	8992
7126	8842
3578	8906
4553	8700
5285	8912
5880	9152
7051	8774
7134	8842
7348	8650
781	9054
3547	9202
4429	9082
5112	8716
6754	9182
7014	9286
1285	9372
1667	9070
2027	8972
3182	8998
4305	9320
5020	8804
6183	8648
6471	8736
1751	8676
1876	8732
5136	8716
2245	9414
4089	9362
5219	8928
6757	9182
1015	9056
3264	8784
4464	8720
6149	8648
202	8788
3274	8784
4304	9320
5725	8682
7638	8768
25	9488
2353	8684
2659	8686
5097	9172
6467	8736
7115	8842
2162	8714
5002	9156
5078	9350
5455	8854
502	8748
3951	9238
4534	8694
5208	9366
5552	8834
6228	9086
7214	9124
2267	8974
3955	9238
6822	9348
1569	8926
2495	8654
4642	8908
7375	9216
290	8844
2933	8862
3939	9384
5028	8804
5671	8836
5887	9190
6968	9126
8132	9532
4394	9534
7780	8696
824	9150
1070	8866
1297	9192
2023	9520
2875	8954
4021	9418
1687	9500
1762	8676
2035	8972
4063	9456
5352	8886
5717	8682
6027	8646
6033	8646
8019	9254
228	9528
351	9308
4555	8700
1899	9026
5229	9340
6785	9338
8239	8994
1341	8800
2963	9090
3942	9384
4314	9112
6058	9314
6720	9038
7992	9254
1695	8996
2698	8904
4474	8720
4777	8706
1379	8652
2729	8904
2989	9092
4245	8818
5262	9122
8221	9108
33	9526
1139	8868
4814	8706
6809	9264
7123	8842
7893	8964
232	9480
2189	8714
5808	8824
6330	8910
627	8858
693	8690
786	9054
1523	8850
4242	8818
4412	9310
5631	8992
7437	9432
1344	8800
1391	8652
2450	8654
3655	9244
3857	8680
4230	9074
569	9106
1348	8800
3797	9058
7328	9420
4106	8656
4270	9204
5023	8804
5622	8992
7432	9432
7628	8768
2182	8714
2303	8684
2320	8684
2745	8904
3631	8816
7162	8990
7803	8696
7886	8964
4559	8700
7931	8838
7020	9286
8486	8672
2249	9414
4050	9376
4294	9346
7253	9370
6364	9114
8462	8744
260	9508
2264	8974
2354	8684
2703	8904
2736	8904
3293	8784
3549	9202
1229	9188
2057	9486
3284	8784
4065	9456
4462	8720
4585	8942
4756	9326
7759	9012
6616	8820
7531	9458
3610	9010
4720	9148
5237	8878
6106	8734
7046	8774
7704	8888
8426	8778
750	8894
3151	8940
3840	8680
4335	9020
5142	8716
7050	8774
7206	9124
8402	9502
1778	8676
2811	8662
3626	8816
3974	8978
6504	8806
6835	8738
7357	9358
7960	8874
2479	8654
6170	8648
7057	8774
12	8914
176	8810
1960	8822
3552	9202
6843	9444
7888	8964
13	8914
155	9260
471	8790
1077	8866
2285	9234
2817	8662
5003	9156
5402	8938
7791	8696
834	8924
1756	8676
4469	8720
5139	8716
5965	8980
116	9266
189	8688
1150	8868
3796	9058
4232	9074
1725	9226
1770	8676
4107	8656
4419	9082
5632	8992
6663	9390
7287	9274
7329	9420
7793	8696
382	9136
457	8790
5667	8836
6155	8648
8264	9066
679	8690
2706	8904
3423	9094
3866	8680
4746	9240
7702	8888
954	9462
1192	8750
3021	8976
4319	9112
4668	8864
5722	8682
7839	9154
2159	8714
4799	8706
5621	8992
6317	8910
8430	8778
835	8924
1218	9188
4339	9020
5593	8760
5675	8836
5926	8786
6035	8646
6387	9246
7551	9236
7837	9154
872	8896
1608	8730
4812	8706
5348	8886
6153	8648
401	9258
1460	9018
3850	8680
6597	9482
1180	8750
1736	8966
3953	9238
5624	8992
420	8846
1461	9018
4353	8872
8146	9452
2661	8686
2742	8904
4127	8794
8429	8778
909	9084
2816	8662
7016	9286
949	9462
4081	9440
4130	8794
4959	8958
5209	9366
7955	8874
2199	8714
3181	8998
4673	8864
5115	8716
5615	8992
5988	8980
6362	9114
7506	8740
8054	8742
8405	9502
1760	8676
5354	8886
6718	9038
8352	8944
1016	9056
3686	9046
4538	8694
2351	8684
2459	8654
4627	9276
7073	8774
7929	8838
4869	9140
272	8754
1878	8732
2935	8862
5019	8804
1182	8750
3027	8976
3546	9202
4393	9534
8164	8724
435	9100
1380	8652
2697	8904
3299	8784
4108	8656
5664	8836
5836	9072
519	9024
2491	8654
4301	9320
4723	9148
7433	9432
2072	9298
2122	8832
2163	8714
4158	8946
4272	9204
5295	8912
6150	8648
6752	9182
8564	9144
1533	8850
1780	8676
2739	8904
3102	8802
4131	8794
5403	8938
7346	8650
8243	8994
1678	9506
6262	8762
1483	8970
2468	8654
2492	8654
6085	9328
7255	9370
7561	9478
8126	9442
98	9316
2003	9002
5431	8854
5918	8786
6974	9126
7853	9154
2069	9298
5260	9122
7510	8740
8261	9066
4976	8958
7386	9334
8604	8660
64	9118
1268	8952
6856	8900
2881	8954
4718	9148
6388	9246
1794	8676
2597	8782
7425	9290
7465	8752
7655	8768
7999	9254
8550	8902
322	9536
5734	8682
6176	8648
2123	8832
2622	9008
2724	8904
5868	9270
6305	8764
7507	8740
8116	8840
8421	8778
277	9178
823	9150
3028	8976
5452	8854
6234	9086
7435	9432
571	9106
646	9396
749	8894
1783	8676
7062	8774
2073	9298
4638	8908
4663	8864
5278	8912
288	8844
2725	8904
4047	9376
4160	8946
8488	8672
331	8932
2058	9486
5576	9304
7994	9254
4136	8794
4610	9222
7304	9076
7835	9154
2866	8954
3762	9400
5031	8804
7116	8842
7646	8768
2066	9298
6888	9034
3551	9202
6184	8648
321	9536
1765	8676
2449	8654
5978	8980
6675	9390
8461	8744
139	9256
3621	8816
5565	9064
2461	8654
5876	9152
8005	9254
832	8924
2262	8974
3314	8784
4133	8794
4478	8720
5032	8804
8501	8672
4351	8872
5551	8834
6465	8736
989	9518
1659	9184
5349	8886
3582	8906
4773	8706
5110	8716
5923	8786
6177	8648
7877	8964
399	9434
500	8748
585	9036
8404	9502
5071	9350
8104	9194
8165	8724
8387	9146
8463	8744
694	8690
1732	8966
2028	8972
2723	8904
3707	9538
4643	8908
6707	9038
7017	9286
665	8690
1572	8926
7210	9124
144	9256
1941	8712
2720	8904
4693	9426
5669	8836
6088	9328
747	8894
1738	8966
2184	8714
4598	9398
4862	9140
5394	8938
7522	9514
1748	8676
1920	9242
2092	8988
3227	9028
4111	8656
4159	8946
7238	9468
7286	9274
3238	8884
3261	8784
4002	9352
4424	9082
6303	8764
6713	9038
1610	8730
2179	8714
2361	8684
2968	9090
3180	8998
4392	9534
6165	8648
7182	8986
7884	8964
373	9412
1517	8850
3270	8784
5970	8980
6258	8762
6386	9246
438	9100
2196	8714
2518	8654
3517	8814
3739	8704
5138	8716
59	9118
5878	9152
132	9454
345	9450
433	9100
4884	9402
5596	8760
7198	9124
5305	8912
8483	8672
1032	9056
1874	8732
2960	9090
7524	9514
681	8690
5987	8980
6912	9034
7300	9076
2581	8654
366	8960
1830	8676
4541	8694
5086	9350
5682	8836
5704	9166
7823	8696
1086	8866
2762	8904
4563	8700
6289	8762
375	9412
3563	9202
5686	8836
6397	9246
797	9054
2240	8714
6956	9116
8106	9194
8539	8798
3471	8678
3330	8784
5010	9156
5169	8716
6279	8762
6357	8910
6516	8806
226	9496
2837	8662
3897	8680
4550	8694
4844	8706
5168	8716
5495	8854
6307	8764
6779	9294
8159	8916
1081	8866
3345	8784
4650	8908
5995	8980
1729	9226
2607	8782
6965	9116
257	9296
2257	9414
3110	8802
4857	8706
6793	9338
7603	8722
1540	8850
1292	9382
1597	9210
1848	8676
7087	8774
2548	8654
5367	8886
8129	9442
8095	8742
8134	9532
8283	9066
5328	8912
6242	9086
6394	9246
7487	8752
8046	9254
3083	8976
3586	8906
5389	8886
5910	9004
7772	9012
123	9266
2764	8904
3174	9250
4654	8908
6847	9444
7533	9458
7820	8696
171	8772
251	9322
765	8894
2287	9234
3601	8828
4983	8958
4993	8958
8220	8770
1107	8848
2233	8714
3077	8976
3333	8784
7261	9370
8188	8724
1710	8996
3435	9094
5484	8854
6911	9034
7497	8752
303	9110
1060	9056
1915	8692
2397	8684
4483	8720
5603	8760
5781	8682
6377	9114
229	9528
719	8690
3070	8976
3683	8982
2913	8954
6374	9114
6505	8806
6812	9264
717	8690
1971	8822
3763	9400
4855	8706
5091	9350
5572	9064
6571	8796
7395	9334
316	9474
3979	8978
4594	8942
4922	8852
1065	9410
2890	8954
2946	8862
7597	8722
818	9138
926	8780
1706	8996
2795	8904
2948	8862
4006	9352
5694	8836
6506	8806
146	9256
1447	9016
2145	8832
3406	8644
3473	8678
5273	9122
5648	8992
6651	8820
7342	8702
1336	8698
3709	9538
7419	9050
2847	8662
3993	9044
7729	9392
292	8844
1302	9192
2772	8904
2831	8662
5376	8886
7601	8722
158	9260
1689	9500
2081	9298
3254	8884
3745	8704
4520	9232
7088	8774
7554	9236
1833	8676
4345	9020
5335	8912
3408	8644
3667	9244
4321	9112
2384	8684
6140	8734
6976	9126
7037	9286
8527	8672
2554	8654
2637	9008
2761	8904
6490	8736
7107	8774
7577	9164
7602	8722
218	8876
7315	9076
7490	8752
8413	9502
706	8690
5217	9366
5644	8992
7086	8774
8120	8840
8443	8778
234	9480
5271	9122
84	9378
1049	9056
6535	9360
8281	9066
8592	9354
850	8924
1334	8698
3643	8816
4008	9352
5657	8992
118	9266
4510	8922
4741	9342
3657	9244
2418	8684
3202	8998
3922	9464
4115	8656
4488	8720
5851	9324
7245	9468
1093	9198
6064	9314
7225	9124
846	8924
1234	9188
3680	8982
642	9128
1579	8926
4093	9362
5314	8912
723	8690
788	9054
930	8780
1453	9016
2385	8684
2550	8654
5257	8708
5849	9324
1177	8868
2787	8904
5508	8854
5681	8836
8078	8742
2080	9298
6581	8796
701	8690
2037	8972
3355	8784
5105	9172
7556	9236
7817	8696
593	9036
5482	8854
5912	9004
7142	8842
8092	8742
5757	8682
5852	9324
6065	9314
6741	9038
8450	8778
3371	8784
4607	9398
5931	8786
7158	8842
7491	8752
3924	9464
4712	9228
3339	8784
3603	8828
6136	8734
7114	8774
709	8690
3412	8644
4923	8852
6281	8762
8471	8744
7176	8990
7499	8752
8186	8724
8514	8672
1588	8926
2268	8974
6203	8648
6731	9038
1731	9226
2759	8904
3258	8884
5251	8708
6804	9338
2838	8662
5894	9190
6551	9470
150	9256
707	8690
2055	9130
7660	8768
7859	9154
4752	9240
7744	9080
873	8896
1212	9282
1976	8822
4591	8942
5318	8912
6022	8980
6217	8648
6353	8910
6909	9034
716	8690
4191	8946
7143	8842
7912	8964
217	8876
281	9178
8282	9066
3054	8976
3146	8956
3679	8982
6431	9174
7262	9370
1354	8800
2609	8782
3373	8784
4548	8694
5155	8716
5573	9064
6015	8980
388	9136
3357	8784
3500	9302
4648	8908
7325	9076
8107	9194
3211	8870
6987	8718
1163	8868
1862	8676
7078	8774
310	9134
732	8690
430	8846
2420	8684
3192	8998
4677	8864
7500	8752
1664	9184
1720	9162
6099	9328
6288	8762
2297	9234
4888	9402
2686	8686
2974	9090
5327	8912
1288	9372
2537	8654
5317	8912
5653	8992
6046	8646
7383	9216
340	8936
2679	8686
3884	8680
5893	9190
6013	8980
3161	8940
4150	8794
5312	8912
5487	8854
6132	8734
1193	8750
1446	9016
3084	8976
5775	8682
6214	8648
7363	9358
7909	8964
2800	8904
4140	8794
5636	8992
7323	9076
7501	8752
7770	9012
7943	8838
8029	9254
4982	8958
8279	9066
283	9178
805	8948
1586	8926
4498	8720
4687	8864
5574	9064
7260	9370
562	8674
1356	8800
1902	9026
5065	8804
5934	8786
8380	9436
479	8790
487	8790
1421	8920
3808	9058
7151	8842
8339	9102
854	8924
1335	8698
1820	8676
1836	8676
2775	8904
3484	8678
3009	9092
4914	8852
5011	9156
6130	8734
6337	8910
6534	9360
7867	9154
8108	9194
2577	8654
3175	9250
3467	8678
7876	9154
1245	9188
3121	8802
5181	8716
5252	8708
8087	8742
407	9258
1469	9018
3251	8884
6143	8734
75	9118
477	8790
3539	8814
4652	8908
4764	9326
4947	9132
5334	8912
7991	8874
1236	9188
1409	8652
2409	8684
4727	9148
733	8690
957	9462
8561	8902
703	8690
704	8690
3537	8814
7267	9356
8506	8672
8637	9096
449	9100
643	9128
1632	8730
3876	8680
4014	9208
5082	9350
5788	8682
5863	9280
1039	9056
3600	8828
7299	9490
7816	8696
8090	8742
2556	8654
8093	8742
8537	8798
1172	8868
3634	8816
3746	8704
4206	8946
7598	8722
8411	9502
2108	9214
2225	8714
3147	8956
3540	8814
5679	8836
485	8790
1891	8732
3805	9058
4196	8946
6725	9038
8440	8778
798	9054
2407	8684
2680	8686
2986	9090
4192	8946
5272	9122
5652	8992
8560	8902
1275	8952
1444	9016
4992	8958
5838	9072
6803	9338
1929	9242
3415	8644
4699	9426
4772	9326
511	8748
1705	8996
3210	8870
8453	8778
803	8948
2781	8904
8633	9096
297	9158
490	8790
4386	9062
5762	8682
6647	8820
939	8918
2215	8714
3163	8940
4348	9020
7011	8856
7827	8696
138	9454
1047	9056
5540	9042
4955	9132
6395	9246
6479	8736
7145	8842
206	8788
3661	9244
4219	8946
7899	8964
8182	8724
2427	8684
4215	8946
5641	8992
7576	9164
1690	9500
4709	9170
6767	9182
8028	9254
179	8810
385	9136
2107	9214
4068	9456
4347	9020
5085	9350
6348	8910
6914	9034
137	9454
2405	8684
3499	9302
5186	8716
5240	8878
7807	8696
7944	8838
8216	8770
156	9260
481	8790
3405	8644
6052	8646
8218	8770
130	9068
6573	8796
6611	9220
726	8690
764	8894
1040	9056
2445	8684
3827	9060
4120	8656
4502	8720
4683	8864
7746	9080
2	9224
408	9258
2569	8654
170	8772
450	9100
955	9462
996	9014
1622	8730
4486	8720
5940	8786
6060	9314
6295	8762
4095	9362
1272	8952
4225	8946
6656	8820
7271	9022
7292	9274
1944	8712
2235	8714
2639	9008
5915	9004
7252	9468
7535	9458
763	8894
972	8968
6292	8762
2042	8972
2423	8684
2521	8654
6459	8710
3334	8784
4082	9440
6404	9246
294	8844
550	8666
2388	8684
4323	9112
7412	9050
7617	8808
7861	9154
1232	9188
3983	9206
4915	8852
5546	9042
6481	8736
6488	8736
7773	9012
1581	8926
3336	8784
3900	8680
6043	8646
3197	8998
6906	9034
2052	9130
3809	9058
3890	8680
3976	8978
6009	8980
1682	9506
1885	8732
2403	8684
2903	8954
3385	8784
4263	9332
5941	8786
7753	9080
1291	9382
2834	8662
1583	8926
6678	9390
6814	9264
30	9488
1263	8892
1402	8652
1998	9288
2959	8862
4843	8706
5601	8760
7401	9334
3434	9094
6777	9294
7443	9432
211	9292
1041	9056
1653	8756
7272	9022
7525	9514
760	8894
1507	8898
3566	9202
3946	9384
4608	9398
6851	9444
8041	9254
8136	9532
1367	8800
1556	8850
1633	8730
3088	8976
5216	9366
6883	8900
7664	8768
1087	8866
2613	8782
3085	8976
4190	8946
5610	8760
6241	9086
6355	8910
7416	9050
8227	9108
998	9014
2390	8684
5170	8716
6287	8762
8362	8944
66	9118
6427	9174
6959	9116
6996	8984
7089	8774
7382	9216
4084	9440
4266	9332
510	8748
2231	8714
5087	9350
5386	8886
5560	8834
6569	8796
8337	9102
610	9272
1204	8750
1205	8750
2752	8904
4821	8706
5308	8912
136	9454
203	8788
3432	9094
3785	9040
5470	8854
6920	9034
7942	8838
8378	9436
52	8664
635	8858
1551	8850
2064	9486
3218	8882
4655	8908
5828	8824
6020	8980
2396	8684
2687	8686
3568	9202
5411	8938
5690	8836
7566	9478
1715	8996
3414	8644
4094	9362
4618	9222
5154	8716
5380	8886
6400	9246
769	8894
851	8924
1895	8732
8556	8902
8574	9144
853	8924
1112	8950
2565	8654
3109	8802
3231	9028
6743	9038
958	9462
971	8968
1008	9248
1325	8698
4633	9276
4850	8706
4991	8958
6103	9328
564	8674
1651	8756
3584	8906
3802	9058
6798	9338
6829	9446
7866	9154
148	9256
1553	8850
3936	9048
4451	9082
6768	9182
931	8780
2987	9090
5329	8912
6988	8718
7488	8752
8437	8778
1537	8850
3004	9092
8295	8930
908	8826
3684	8982
1168	8868
2958	8862
4500	8720
4754	9240
4985	8958
3061	8976
3576	9202
5048	8804
1686	9506
2799	8904
3160	8940
4016	9208
8112	9194
284	9178
829	9150
2404	8684
5547	9042
5784	8682
6313	8764
8379	9436
4261	9332
5203	8934
5914	9004
8345	9102
2084	9298
2576	8654
3701	9046
4201	8946
6196	8648
6428	9174
2134	8832
3365	8784
3665	9244
4450	9082
5861	9280
7220	9124
534	9024
3078	8976
8088	8742
446	9100
2801	8904
431	8846
775	8894
3872	8680
5683	8836
7224	9124
8219	8770
275	8754
1554	8850
3149	8956
4593	8942
4725	9148
6764	9182
3786	9040
4447	9082
5255	8708
8558	8902
6145	8734
8192	8724
54	8664
76	9118
197	8746
1247	9188
1262	8892
1708	8996
2674	8686
4882	9140
7749	9080
2379	8684
5254	8708
8521	8672
230	9528
1121	9438
3826	9060
4070	9456
6690	9390
1265	8892
2443	8684
6194	8648
532	9024
5907	9004
6220	8648
618	9006
3836	9060
4890	9402
4896	9364
6525	9284
2398	8684
1328	8698
2202	8714
4123	8656
4586	8942
6017	8980
7034	9286
100	9316
347	9450
552	8666
650	9396
4455	9082
5550	9042
6422	9174
8298	8930
159	9260
266	9510
740	8690
928	8780
986	9120
1587	8926
1943	8712
6572	8796
6744	9038
2374	8684
3748	8704
4567	8700
7987	8874
212	9292
332	8932
981	9498
3960	9238
4395	9534
4441	9082
5559	8834
7172	8990
7688	8768
1477	9388
1849	8676
3729	9300
3776	9098
5819	8824
5936	8786
196	8746
476	8790
1393	8652
4484	8720
5050	8804
6772	9182
3722	9300
5214	9366
7615	8808
3508	9302
3698	9046
6077	9104
3479	8678
1353	8800
1822	8676
2135	8832
3367	8784
6598	9482
2044	8972
2531	8654
3416	8644
5769	8682
6870	8900
1053	9056
5758	8682
6419	9174
8517	8672
3764	9400
5333	8912
342	9530
428	8846
6680	9390
7834	8696
826	9150
1906	9026
3666	9244
4732	9212
5783	8682
6134	8734
6212	8648
7935	8838
2945	8862
4396	9534
5655	8992
6023	8980
8516	8672
1151	8868
3475	8678
4509	8922
4830	8706
6457	8710
6879	8900
3724	9300
3880	8680
7102	8774
7864	9154
553	8666
887	9268
948	9466
1411	8652
4634	9276
6453	8710
6882	8900
633	8858
3139	8956
5534	9042
6349	8910
7149	8842
7906	8964
8470	8744
4828	8706
5916	9004
8217	8770
8340	9102
848	8924
6341	8910
7971	8874
1332	8698
2985	9090
3137	8956
4391	9380
4825	8706
7362	9358
1399	8652
1452	9016
2616	8782
5873	9270
6146	8734
6818	8670
530	9024
3001	9092
4224	8946
5911	9004
7750	9080
7911	8964
729	8690
1359	8800
3931	9048
6738	9038
7428	9290
634	8858
1118	9438
2523	8654
6336	8910
36	9526
2086	9298
3360	8784
3730	9300
4442	9082
5014	9156
8391	9146
4551	8694
5084	9350
483	8790
1914	8692
4708	9170
5871	9270
6202	8648
6962	9116
8622	8660
2087	9298
2243	8714
3326	8784
820	9138
2589	8654
3346	8784
5101	9172
6746	9038
8250	8994
8515	8672
3574	9202
5090	9350
5227	8928
5688	8836
6139	8734
7540	8812
7831	8696
311	9134
3080	8976
4204	8946
5414	8938
6215	8648
7318	9076
2411	8684
4768	9326
7716	8888
7719	8888
1589	8926
2638	9008
3074	8976
3726	9300
7298	9490
845	8924
2773	8904
3873	8680
6966	9116
7604	8722
2950	8862
4285	9200
7094	8774
1995	9288
2373	8684
2612	8782
4526	9232
5501	8854
5883	9152
8442	8778
5088	9350
7441	9432
5157	8716
5171	8716
318	9522
1904	9026
4547	8694
5198	8934
5510	8854
7862	9154
1555	8850
3440	9094
4994	8958
6449	8710
222	9318
1174	8868
1852	8676
5650	8992
6218	8648
6297	8762
591	9036
2004	9002
3664	9244
7774	9012
8509	8672
6927	9078
1489	8970
6306	8764
8641	9096
721	8690
1930	9242
4838	8706
43	9052
46	9052
4848	8706
285	9178
1640	9336
3728	9300
5372	8886
6486	8736
8189	8724
34	9526
2271	8974
3350	8784
3436	9094
3658	9244
4769	9326
5062	8804
5177	8716
5829	8824
7514	8740
427	8846
2557	8654
1886	8732
1894	8732
2100	8988
2979	9090
5054	8804
5709	9166
6286	8762
6396	9246
7334	9420
1203	8750
1948	8712
3587	8906
6544	8766
1085	8866
1535	8850
3570	9202
3831	9060
5754	8682
5841	9072
7578	9164
370	9404
4832	8706
5236	9340
5471	8854
742	8690
2109	9214
2157	8832
3906	8680
4647	8908
7103	8774
8511	8672
619	9006
1213	9282
5817	8824
2763	8904
5381	8886
6246	9086
7218	9124
1364	8800
2766	8904
2802	8904
4277	9204
4324	9112
5558	8834
7678	8768
852	8924
1815	8676
3756	8704
5478	8854
7665	8768
5225	8928
6048	8646
415	9344
1693	9168
2583	8654
4042	9030
4121	8656
8448	8778
6683	9390
6831	9446
6848	9444
6871	8900
7189	8986
1649	8756
3617	9010
6483	8736
1496	8860
2955	8862
7979	8874
473	8790
1743	8966
1950	8712
2099	8988
2294	9234
2378	8684
4940	9132
7970	8874
55	8664
2082	9298
3541	8814
4297	9346
8045	9254
1410	8652
3194	8998
3757	8704
4592	8942
8317	9160
3354	8784
5256	8708
5768	8682
7814	8696
1584	8926
1839	8676
2911	8954
3122	8802
4875	9140
7297	9490
8143	8776
1330	8698
1639	9336
3807	9058
4213	8946
4738	9342
8105	9194
8343	9102
8639	9096
5326	8912
5640	8992
6510	8806
7493	8752
256	9296
2528	8654
2776	8904
4307	9320
602	9330
2832	8662
6641	8820
7236	9124
7978	8874
106	9316
1105	8848
1928	9242
1974	8822
3388	8784
3476	8678
3604	8828
7752	9080
890	9268
6593	8880
4682	8864
5392	8886
5708	9166
5797	9142
7622	8808
8518	8672
762	8894
1164	8868
2779	8904
3678	8982
4995	8958
5557	8834
6574	8796
7322	9076
2255	9414
6480	8736
6849	9444
606	9330
1046	9056
1618	8730
3544	8814
8594	9354
1741	8966
2387	8684
4833	8706
5321	8912
5707	9166
2211	8714
4239	9074
7031	9286
7192	8986
8303	8930
2778	8904
3468	8678
4147	8794
4998	8958
551	8666
4198	8946
7872	9154
7907	8964
8367	8944
1819	8676
3159	8940
4247	8818
6515	8806
24	8914
190	8688
3895	8680
6213	8648
7445	9432
1152	8868
5008	9156
7319	9076
323	9536
2236	8714
3075	8976
3640	8816
4444	9082
6294	8762
21	8914
2155	8832
5872	9270
8590	9354
4595	8942
7195	8986
8580	9144
1808	8676
1844	8676
1860	8676
3806	9058
4489	8720
7353	8650
8109	9194
2065	9486
2218	8714
3259	8884
1449	9016
1652	8756
2756	8904
3349	8784
5507	8854
6252	9086
6613	9220
7079	8774
528	9024
3144	8956
5913	9004
8094	8742
827	9150
879	8896
902	8728
1853	8676
3331	8784
4590	8942
5205	8934
7171	8990
8369	8944
1044	9056
2026	9520
2273	8974
2767	8904
4031	9418
371	9404
2544	8654
6255	9086
8414	9502
102	9316
1119	9438
2553	8654
6917	9034
250	9322
367	8960
444	9100
997	9014
1656	8756
2560	8654
4145	8794
4624	9222
7156	8842
8455	8778
8526	8672
555	8666
1106	8848
1167	8868
3749	8704
4881	9140
5939	8786
8082	8742
3501	9302
4112	8656
1858	8676
3328	8784
4061	9376
5166	8716
8390	9146
2579	8654
6081	9104
7231	9124
631	8858
1577	8926
4359	8872
5840	9072
6797	9338
8128	9442
1552	8850
5994	8980
6014	8980
8507	8672
3832	9060
6420	9174
589	9036
2541	8654
3366	8784
3668	9244
5541	9042
6529	9218
7352	8650
8077	8742
8363	8944
3682	8982
4499	8720
4522	9232
5760	8682
6661	8820
6687	9390
3571	9202
4503	8720
6549	9470
6733	9038
8022	9254
943	8918
3970	8962
4840	8706
7937	8838
1170	8868
2401	8684
3633	8816
4827	8706
7977	8874
1156	8868
3065	8976
262	9508
711	8690
1405	8652
2676	8686
4623	9222
1287	9372
4116	8656
4125	8656
5174	8716
6190	8648
7246	9468
7527	9514
8394	9146
23	8914
1261	8892
3379	8784
6018	8980
6199	8648
69	9118
445	9100
623	9408
2905	8954
3477	8678
4986	8958
5609	8760
6583	8796
7940	8838
2238	8714
5659	8992
7871	9154
7917	8964
3221	8882
1470	9018
1714	8996
3007	9092
3901	8680
6771	9182
8111	9194
8395	9146
699	8690
2422	8684
2910	8954
3193	8998
3892	8680
2148	8832
4767	9326
7226	9124
2138	8832
4997	8958
5695	8836
7517	8740
7985	8874
3585	8906
6952	9116
1424	8920
5954	8658
7402	9334
2918	8954
3199	8998
7228	9124
7918	8964
8359	8944
1454	9016
2908	8954
2915	8954
3381	8784
5706	9166
6957	9116
8097	8742
5570	9064
221	9318
789	9054
3530	8814
4824	8706
6045	8646
451	9100
1248	9188
4818	8706
6350	8910
6925	9078
7941	8838
365	8960
3699	9046
4076	9524
6928	9078
7711	8888
1559	8850
1578	8926
2900	8954
5824	8824
7030	9286
1303	9192
1745	8966
5043	8804
6447	8710
7444	9432
7558	9236
3344	8784
4539	8694
4845	8706
5473	8854
6582	8796
4948	9132
2433	8684
2792	8904
3112	8802
3891	8680
3893	8680
5309	8912
6147	8734
7449	9432
7584	9164
8270	9066
1157	8868
5385	8886
1468	9018
5937	8786
6021	8980
6	9186
1414	8652
4685	8864
8229	9108
8451	8778
2843	8662
3681	8982
4823	8706
6423	9174
6458	8710
6802	9338
429	8846
506	8748
963	9394
7504	8752
8180	8724
390	9136
767	8894
3380	8784
5469	8854
491	8790
1159	8868
2006	9002
2019	8758
4390	9380
4453	9082
5770	8682
6639	8820
6679	9390
1169	8868
1282	9312
2375	8684
5051	8804
8368	8944
1890	8732
2753	8904
3914	9262
6729	9038
6905	9034
2438	8684
3572	9202
8210	8770
512	8748
862	8792
964	9394
1546	8850
2046	8972
4193	8946
4298	9346
4941	9132
5164	8716
6003	8980
129	9068
644	9128
4248	8818
4751	9240
6819	8670
7217	9124
7581	9164
7870	9154
7913	8964
2063	9486
3168	9196
4879	9140
4913	8852
7029	9286
8449	8778
1739	8966
3171	9196
3364	8784
5999	8980
8528	8672
1973	8822
5548	9042
6078	9104
7932	8838
2640	9008
3754	8704
4295	9346
5390	8886
6658	8820
6684	9390
7534	9458
7856	9154
8039	9254
7505	8752
7720	8888
2083	9298
2684	8686
7080	8774
8074	8742
653	9396
1989	9288
2414	8684
2558	8654
4920	8852
6805	9338
7106	8774
7426	9290
8577	9144
67	9118
536	9024
6686	9390
235	9480
1197	8750
2591	8654
7338	9420
8454	8778
8510	8672
8578	9144
1055	9056
1362	8800
3332	8784
3775	9098
3934	9048
3971	8962
8020	9254
1829	8676
1949	8712
3959	9238
6401	9246
7140	8842
1324	8698
1508	8898
1975	8822
2394	8684
3067	8976
4358	8872
4749	9240
198	8746
205	8788
1969	8822
2224	8714
6685	9390
2213	8714
3108	8802
3784	9040
5268	9122
6243	9086
6722	9038
7583	9164
531	9024
1859	8676
2536	8654
7364	9358
5322	8912
7027	9286
632	8858
844	8924
4207	8946
616	9006
2944	8862
3200	8998
3335	8784
4701	9426
2043	8972
4214	8946
7989	8874
1840	8676
4357	8872
432	8846
1331	8698
2830	8662
3158	8940
4944	9132
5780	8682
6308	8764
7668	8768
7972	8874
1233	9188
6347	8910
1413	8652
2254	9414
3356	8784
3509	9302
3543	8814
3943	9384
4954	9132
5885	9152
6105	9328
7667	8768
2651	9008
3327	8784
4689	8864
6047	8646
6799	9338
7495	8752
1675	9070
1892	8732
3232	9028
4490	8720
4565	8700
5053	8804
8152	9452
4713	9228
1707	8996
2430	8684
2538	8654
3564	9202
8612	8660
1626	8730
2532	8654
3607	8828
6724	9038
7810	8696
2242	8714
2274	8974
5058	8804
5319	8912
7178	8990
8472	8744
737	8690
1036	9056
3343	8784
3813	9058
5165	8716
1857	8676
4004	9352
5393	8886
7139	8842
7429	9290
888	9268
2416	8684
3725	9300
5204	8934
5600	8760
6188	8648
6342	8910
6978	9126
8151	9452
8191	8724
8211	8770
8563	8902
8613	8660
295	8844
7081	8774
313	8726
906	8826
1487	8970
3053	8976
4368	9252
4726	9148
5514	8854
7320	9076
1007	9248
3079	8976
4325	9112
5383	8886
5798	9142
7809	8696
772	8894
2901	8954
5178	8716
6001	8980
7974	8874
4604	9398
20	8914
535	9024
1821	8676
2907	8954
3236	9028
5822	8824
6050	8646
6850	9444
7666	8768
8407	9502
8519	8672
393	9136
1254	9460
1630	8730
1809	8676
4041	9030
4210	8946
5044	8804
5081	9350
5853	9324
6612	9220
8398	9146
3662	9244
5320	8912
174	8772
728	8690
4117	8656
6795	9338
3073	8976
3721	9300
4202	8946
4320	9112
6097	9328
8273	9066
1408	8652
5571	9064
5678	8836
5870	9270
72	9118
187	9476
3994	9044
5651	8992
3220	8882
3465	8678
3837	9060
4027	9418
6592	8880
7413	9050
515	8748
7715	8888
3148	8956
3383	8784
4404	9000
5494	8854
5605	8760
7969	8874
1538	8850
2522	8654
2851	8662
1423	8920
7874	9154
346	9450
1542	8850
2140	8832
2540	8654
4146	8794
4570	8700
5996	8980
7385	9216
240	9428
527	9024
3923	9464
6982	9126
6998	8984
7663	8768
7981	8874
2203	8714
4872	9140
2372	8684
5544	9042
5710	9166
6002	8980
1619	8730
1742	8966
3696	9046
4383	9062
4853	8706
6019	8980
2614	8782
4688	8864
7685	8768
2689	8686
5167	8716
5777	8682
6253	9086
6689	9390
7326	9076
4362	8872
4887	9402
5773	8682
6075	9104
6311	8764
6748	9038
6910	9034
1889	8732
4288	9200
5226	8928
6568	8796
1807	8676
2754	8904
2897	8954
5504	8854
7155	8842
7485	8752
8316	9160
1407	8652
3082	8976
3191	8998
3341	8784
6312	8764
8232	9108
1201	8750
5415	8938
2149	8832
2205	8714
2643	9008
2682	8686
6343	8910
7446	9432
334	8932
1831	8676
5377	8886
6006	8980
6250	9086
8123	9448
8153	9452
1945	8712
2957	8862
5607	8760
6885	8900
1479	9388
2079	9298
2222	8714
2549	8654
4211	8946
7680	8768
2292	9234
7973	8874
120	9266
2295	9234
2533	8654
5408	8938
6880	8900
6948	9116
8253	8994
5379	8886
6454	8710
7526	9514
1052	9056
3433	9094
6908	9034
320	9306
4880	9140
7567	9478
85	9378
195	8746
819	9138
3573	9202
3894	8680
7010	8856
796	9054
6007	8980
2555	8654
4296	9346
4620	9222
7104	8774
8024	9254
1051	9056
2395	8684
2425	8684
2563	8654
3057	8976
5325	8912
5689	8836
1050	9056
6296	8762
7933	8838
8131	9442
44	9052
5064	8804
488	8790
2644	9008
3913	9262
2586	8654
4222	8946
6487	8736
624	9408
2150	8832
2850	8662
3933	9048
4413	9310
4989	8958
4058	9376
6044	8646
6580	8796
8575	9144
86	9378
722	8690
1650	8756
3370	8784
3899	8680
4943	9132
5535	9042
6650	8820
6728	9038
8036	9254
8479	8744
8480	8744
2089	9298
2578	8654
4113	8656
4493	8720
2551	8654
3615	9010
3945	9384
4571	8700
5561	8834
8031	9254
3480	8678
6513	8806
416	9344
1397	8652
1621	8730
5693	8836
7619	8808
2053	9130
4375	9416
4842	8706
6096	9328
6511	8806
7748	9080
573	9106
1713	8996
3606	8828
4849	8706
5772	8682
7683	8768
7728	9392
7908	8964
2912	8954
3965	9238
4497	8720
5152	8716
6739	9038
7521	8740
7813	8696
907	8826
3768	9516
5331	8912
5895	9190
6963	9116
1004	9248
1558	8850
1810	8676
3252	8884
6677	9390
6800	9338
4144	8794
4446	9082
8249	8994
790	9054
1327	8698
7520	8740
830	9150
876	8896
2424	8684
2520	8654
2796	8904
5223	8928
5313	8912
5391	8886
6216	8648
8620	8660
1654	8756
3066	8976
5752	8682
6576	8796
7227	9124
1817	8676
2902	8954
4609	9398
4656	8908
5933	8786
6280	8762
361	9032
761	8894
3003	9092
5323	8912
5533	9042
5942	8786
5997	8980
2769	8904
3361	8784
3482	8678
4454	9082
7092	8774
8032	9254
325	9536
1466	9018
1662	9184
1813	8676
3060	8976
1304	9192
1684	9506
1864	8676
6594	8880
2400	8684
3944	9384
4819	8706
7403	9334
8300	8930
492	8790
3253	8884
3362	8784
3382	8784
5206	8934
6489	8736
776	8894
1111	8950
1972	8822
2413	8684
6876	8900
8408	9502
1252	9460
1445	9016
6542	8766
7539	8812
8034	9254
849	8924
2139	8832
2293	9234
2835	8662
3803	9058
5080	9350
5483	8854
6919	9034
7082	8774
8543	8798
3141	8956
3977	8978
4236	9074
4546	8694
6211	8648
7427	9290
8446	8778
2217	8714
3879	8680
4439	9082
7418	9050
8140	8776
734	8690
1196	8750
2784	8904
2895	8954
3905	8680
5224	8928
6517	8806
8321	9160
68	9118
4151	8794
4456	9082
236	9480
2893	8954
3351	8784
3536	8814
4834	8706
6730	9038
3962	9238
4218	8946
4373	8668
6643	8820
7100	8774
3	9224
1321	8698
2275	8974
3195	8998
7180	8990
7518	8740
7709	8888
8525	8672
1284	9312
3377	8784
4742	9342
5475	8854
5539	9042
5753	8682
448	9100
5207	8934
6004	8980
8593	9354
590	9036
2891	8954
3474	8678
5213	9366
7824	8696
8513	8672
1240	9188
3069	8976
3404	8644
5012	9156
6207	8648
6208	8648
8184	8724
3533	8814
3750	8704
4873	9140
7677	8768
7766	9012
5503	8854
5646	8992
6076	9104
6346	8910
1855	8676
2429	8684
2432	8684
3256	8884
3830	9060
5823	8824
6206	8648
7606	8722
8297	8930
1442	9016
2223	8714
2980	9090
4512	8922
4820	8706
4876	9140
309	9134
1400	8652
3384	8784
4141	8794
4898	9364
8185	8724
791	9054
2039	8972
3562	9202
6654	8820
7747	9080
291	8844
1246	9188
913	9084
1730	9226
2444	8684
2562	8654
3723	9300
5310	8912
5892	9190
6975	9126
2529	8654
6192	8648
6451	8710
7230	9124
988	9472
1099	9180
3507	9302
6769	9182
8457	8778
2788	8904
3250	8884
6953	9116
8040	9254
1058	9056
1666	9184
3145	8956
816	9138
2846	8662
3504	9302
6954	9116
7496	8752
8276	9066
1235	9188
2690	8686
4114	8656
4149	8794
4829	8706
4854	8706
6373	9114
8079	8742
3374	8784
5172	8716
7479	8752
875	8896
2259	9414
3765	9400
6142	8734
8025	9254
8081	8742
1951	8712
4029	9418
7036	9286
7356	8650
7904	8964
8042	9254
1160	8868
4443	9082
5500	8854
6290	8762
7234	9124
7365	9358
1425	8920
1887	8732
3889	8680
4495	8720
7492	8752
2794	8904
3230	9028
4342	9020
6204	8648
3478	8678
3752	8704
5060	8804
5513	8854
7582	9164
2949	8862
7138	8842
7481	8752
35	9526
774	8894
1441	9016
4306	9320
5055	8804
5267	9122
8616	8660
874	8896
1451	9016
4209	8946
5163	8716
5412	8938
7276	9386
7828	8696
2906	8954
5182	8716
5756	8682
6514	8806
6830	9446
8231	9108
792	9054
2381	8684
4481	8720
5608	8760
8638	9096
204	8788
6603	9230
7484	8752
8181	8724
8621	8660
1850	8676
2572	8654
6450	8710
720	8690
2525	8654
2840	8662
5818	8824
6590	8880
6061	9314
6248	9086
7689	8768
8023	9254
8341	9102
8591	9354
1173	8868
5502	8854
4308	9320
5370	8886
6098	9328
3111	8802
3727	9300
4899	9364
6430	9174
7379	9216
7442	9432
22	8914
895	8890
1486	8970
2207	8714
6063	9314
794	9054
1198	8750
2919	8954
7415	9050
7975	8874
70	9118
160	9260
700	8690
1545	8850
2527	8654
5958	8658
7707	8888
1057	9056
2377	8684
4367	9252
4545	8694
5201	8934
8305	8930
847	8924
1548	8850
3118	8802
5497	8854
6283	8762
147	9256
563	8674
3369	8784
4587	8942
6838	8738
7414	9050
7659	8768
7674	8768
8397	9146
1243	9188
2056	9130
5938	8786
8393	9146
6543	8766
7141	8842
7223	9124
7291	9274
1623	8730
4543	8694
4987	8958
7718	8888
8376	9436
738	8690
2154	8832
2677	8686
3056	8976
4264	9332
5089	9350
5536	9042
2227	8714
2956	8862
3702	9046
4846	8706
6104	9328
6193	8648
1161	8868
1723	9162
1946	8712
2106	9214
2220	8714
2546	8654
3107	8802
4310	9320
5509	8854
5767	8682
6356	8910
3169	9196
5017	9156
5786	8682
7247	9468
735	8690
2646	9008
3201	8998
7938	8838
7988	8874
2648	9008
2782	8904
4097	9362
7710	8888
8076	8742
8154	9452
3632	8816
4692	8864
5056	8804
4523	9232
4984	8958
8194	8724
304	9110
1061	9056
2389	8684
2641	9008
3992	9044
4980	8958
5366	8886
5820	8824
6874	8900
7775	9012
5776	8682
7860	9154
249	9322
2770	8904
2954	8862
7430	9290
7498	8752
8026	9254
714	8690
1905	9026
3902	8680
3948	9384
7113	8774
7191	8986
8195	8724
1685	9506
1977	8822
5159	8716
6509	8806
7351	8650
7731	9392
8392	9146
426	8846
3588	8906
5486	8854
8347	9102
3834	9060
4286	9200
5466	8854
5233	9340
1162	8868
2437	8684
7730	9392
411	9258
2768	8904
8271	9066
248	9322
6926	9078
8252	8994
3935	9048
4658	8908
5235	9340
5862	9280
2566	8654
2852	8662
7832	8696
2045	8972
2982	9090
17	8914
1541	8850
1835	8676
3120	8802
3616	9010
8634	9096
725	8690
1834	8676
1884	8732
1918	8692
1966	8822
2436	8684
2921	8954
5241	8878
5606	8760
5692	8836
6378	9114
6980	9126
7174	8990
480	8790
959	9462
3932	9048
4703	9426
5705	9166
7232	9124
3119	8802
4119	8656
7676	8768
8196	8724
8524	8672
7354	8650
8557	8902
2272	8974
2587	8654
3337	8784
5158	8716
7553	9236
7830	8696
880	8896
1476	9388
2229	8714
2922	8954
3442	9094
7035	9286
7377	9216
548	8666
588	9036
970	8968
7936	8838
8475	8744
1823	8676
2836	8662
7869	9154
42	9052
53	8664
349	9504
7333	9420
418	9344
3441	9094
4260	9332
7343	8702
1357	8800
3407	8644
4322	9112
4702	9426
1241	9188
1728	9226
1990	9288
2269	8974
6485	8736
8274	9066
3087	8976
3637	8816
5711	9166
6736	9038
6763	9182
7355	8650
5270	9122
5691	8836
7544	9088
1406	8652
1709	8996
3967	9238
6840	8738
101	9316
1655	8756
2848	8662
2894	8954
3481	8678
5102	9172
768	8894
1926	9242
2239	8714
3338	8784
3778	9098
4596	8942
6256	9086
2844	8662
5587	9304
5839	9072
5886	9152
6049	8646
8246	8994
1274	8952
1843	8676
3878	8680
6904	9034
586	9036
2214	8714
3368	8784
4544	8694
4874	9140
7829	8696
19	8914
5537	9042
324	9536
3255	8884
4676	8864
5643	8992
1199	8750
1273	8952
1403	8652
1620	8730
4452	9082
5787	8682
6740	9038
7599	8722
7692	8768
8299	8930
343	9530
2853	8662
4407	9000
8610	8660
302	9110
3235	9028
3589	8906
4223	8946
5269	9122
5472	8854
2608	8782
3063	8976
3116	8802
4950	9132
6100	9328
6872	8900
7681	8768
4952	9132
5180	8716
6195	8648
213	9292
400	9434
2298	9234
2642	9008
3002	9092
7714	8888
353	9308
274	8754
6520	9368
6907	9034
6995	8984
8478	8744
6201	8648
6646	8820
7111	8774
7905	8964
2678	8686
3387	8784
3877	8680
6955	9116
7012	8856
7263	9370
7815	8696
8230	9108
8396	9146
7314	9076
7671	8768
7771	9012
7858	9154
3903	8680
4036	9430
5156	8716
5409	8938
6950	9116
6642	8820
6869	8900
7417	9050
8228	9108
1037	9056
1478	9388
8555	8902
89	9378
293	8844
4276	9204
4521	9232
5100	9172
727	8690
1323	8698
5485	8854
5842	9072
5274	9122
6522	9492
7144	8842
1095	9198
2976	9090
3372	8784
3896	8680
4621	9222
4942	9132
6644	8820
7157	8842
7857	9154
4118	8656
4414	9310
7313	9076
3605	8828
6344	8910
7398	9334
8080	8742
1917	8692
5755	8682
7251	9468
7483	8752
8280	9066
8323	9160
1360	8800
1711	8996
1837	8676
7776	9012
5052	8804
6820	8670
7233	9124
410	9258
741	8690
1253	9460
1591	8926
3532	8814
5162	8716
6381	9114
6478	8736
387	9136
718	8690
1084	8866
1333	8698
1455	9016
1721	9162
2204	8714
3190	8998
3358	8784
3635	8816
3984	9206
4262	9332
8190	8724
282	9178
2152	8832
2441	8684
6338	8910
6813	9264
7486	8752
8037	9254
5185	8716
7084	8774
7691	8768
124	9266
574	9106
1092	9198
3329	8784
604	9330
1505	8898
1676	9070
2237	8714
3006	9092
5785	8682
7825	8696
7914	8964
8296	8930
2561	8654
4684	8864
5586	9304
903	8728
1361	8800
6997	8984
1539	8850
1812	8676
8193	8724
730	8690
1506	8898
3005	9092
4448	9082
4457	9082
6051	8646
7516	8740
1692	9168
3700	9046
4549	8694
4605	9398
7317	9076
2376	8684
2383	8684
3769	9516
4349	9020
4588	8942
6977	9126
7173	8990
7819	8696
8318	9160
770	8894
1266	8892
1896	8732
3506	9302
8119	8840
8619	8660
172	8772
2156	8832
2916	8954
5476	8854
6964	9116
6981	9126
8342	9102
8576	9144
2590	8654
2681	8686
4389	9380
7112	8774
7397	9334
2896	8954
6426	9174
8096	8742
3470	8678
5656	8992
6137	8734
8141	8776
771	8894
4240	9074
4525	9232
87	9378
2582	8654
4274	9204
5782	8682
6219	8648
8030	9254
45	9052
2408	8684
4700	9426
6012	8980
6245	9086
6878	8900
8595	9354
3233	9028
3466	8678
3528	8814
4679	8864
5864	9280
6403	9246
7808	8696
1154	8868
2434	8684
3529	8814
8559	8902
766	8894
1006	9248
1824	8676
1888	8732
4350	9020
6062	9314
6131	8734
7812	8696
8035	9254
8277	9066
799	9054
2757	8904
6372	9114
6653	8820
169	8772
1066	9410
5336	8912
119	9266
592	9036
4569	8700
4630	9276
7380	9216
7658	8768
1601	9210
1997	9288
4152	8794
4878	9140
5083	9350
5275	9122
5908	9004
6659	8820
6726	9038
7900	8964
74	9118
549	8666
3342	8784
4056	9376
5498	8854
5860	9280
7732	9392
247	9322
505	8748
1674	9070
2785	8904
6254	9086
6615	9220
1355	8800
2649	9008
3602	8828
3915	9262
1952	8712
3469	8678
4053	9376
6999	8984
7335	9420
386	9136
3117	8802
3618	9010
7686	8768
896	8890
3978	8978
5850	9324
6826	9348
7289	9274
7580	9164
1970	8822
2758	8904
3443	9094
5477	8854
6080	9104
258	9296
5009	9156
6402	9246
7494	8752
8043	9254
1042	9056
4397	9534
5413	8938
5583	9304
1120	9438
2253	9414
4491	8720
2552	8654
6745	9038
8248	8994
8476	8744
8214	8770
3614	9010
6640	8820
308	9134
6951	9116
271	9484
5316	8912
7096	8774
7873	9154
651	9396
1067	9410
1404	8652
1841	8676
4384	9062
5079	9350
8304	8930
1504	8898
1827	8676
2977	9090
7250	9468
1627	8730
3801	9058
4083	9440
6024	8980
1629	8730
3136	8956
7028	9286
7152	8842
1665	9184
1893	8732
7221	9124
7621	8808
8473	8744
2839	8662
3157	8940
107	9316
1847	8676
1942	8712
3567	9202
7032	9286
7503	8752
2833	8662
3068	8976
8044	9254
4208	8946
4250	8818
1368	8800
2789	8904
878	8896
2038	8972
3106	8802
5057	8804
5200	8934
2534	8654
2564	8654
3064	8976
7190	8986
7616	8808
4265	9332
4343	9020
4494	8720
5388	8886
6811	9264
7147	8842
8505	8672
1101	9180
1631	8730
1722	9162
3534	8814
4096	9362
5108	9172
5374	8886
6285	8762
8278	9066
1585	8926
4680	8864
6734	9038
8027	9254
877	8896
2611	8782
4299	9346
4651	8908
5959	8658
6222	8648
6452	8710
6570	8796
7618	8808
7833	8696
8456	8778
327	9406
2783	8904
3472	8678
4300	9346
4372	8668
4766	9326
4837	8706
5763	8682
1865	8676
3753	8704
4406	9000
7097	8774
7811	8696
556	8666
3720	9300
4221	8946
5063	8804
6778	9294
7175	8990
8338	9102
8542	8798
8582	9144
374	9412
392	9136
864	8792
1005	9248
1811	8676
2232	8714
2241	8714
5148	8716
5538	9042
7818	8696
3052	8976
3140	8956
3413	8644
8089	8742
2675	8686
3411	8644
5161	8716
514	8748
3639	8816
4200	8946
4376	9416
5647	8992
7713	8888
1557	8850
3966	9238
6375	9114
6873	8900
8365	8944
2392	8684
4074	9524
5680	8836
6737	9038
7154	8842
1851	8676
2054	9130
2136	8832
2898	8954
3829	9060
4566	8700
6221	8648
6421	9174
7336	9420
8084	8742
1866	8676
2201	8714
4622	9222
5800	9142
6548	9470
7976	8874
7983	8874
2841	8662
4038	9430
7146	8842
7400	9334
1412	8652
2252	9414
6645	8820
7489	8752
8091	8742
3437	9094
6579	8796
2786	8904
4279	9204
4981	8958
5685	8836
5909	9004
6884	8900
7745	9080
1300	9192
2615	8782
3114	8802
4278	9204
6102	9328
8209	8770
3260	8884
6197	8648
6456	8710
6765	9182
6839	8738
5585	9304
4086	9440
6735	9038
7478	8752
131	9068
1244	9188
2008	9002
2535	8654
2543	8654
2078	9298
2793	8904
3219	8882
3378	8784
4212	8946
4988	8958
7222	9124
4597	8942
4765	9326
6484	8736
856	8924
3660	9244
4005	9352
4032	9418
4340	9020
7902	8964
185	9476
513	8748
1947	8712
4037	9430
6189	8648
1825	8676
4057	9376
4060	9376
4632	9276
4945	9132
484	8790
1062	9056
2975	9090
7769	9012
1828	8676
2688	8686
2791	8904
2920	8954
4139	8794
8615	8660
2943	8862
5106	9172
6127	8734
7381	9216
8135	9532
1194	8750
3076	8976
4030	9418
4085	9440
8161	8916
149	9256
793	9054
1993	9288
3375	8784
4877	9140
8048	9254
8438	8778
105	9316
1495	8860
1078	8866
1838	8676
4996	8958
6095	9328
6605	9230
122	9266
2146	8832
5047	8804
7898	8964
8508	8672
3386	8784
1237	9188
603	9330
773	8894
3359	8784
6016	8980
7675	8768
617	9006
1845	8676
4716	9374
4724	9148
1214	9282
3774	9098
4341	9020
4686	8864
5061	8804
7670	8768
1155	8868
2417	8684
2428	8684
4227	8946
4382	9062
5569	9064
5761	8682
4344	9020
5998	8980
6727	9038
7447	9432
259	9296
2017	8758
2845	8662
6000	8980
2692	8686
6128	8734
2406	8684
3961	9238
4143	8794
4280	9204
2889	8954
3008	9092
3352	8784
3912	9262
6025	8980
6398	9246
8617	8660
1392	8652
1550	8850
5382	8886
6247	9086
6732	9038
7669	8768
1590	8926
6094	9328
7480	8752
7541	8812
7596	8722
861	8792
2914	8954
3708	9538
4142	8794
4405	9000
3538	8814
3663	9244
3695	9046
5492	8854
8640	9096
808	9278
969	8968
3376	8784
4059	9376
6614	9220
8215	8770
474	8790
960	9462
7099	8774
8187	8724
358	9032
1415	8652
1994	9288
6135	8734
6655	8820
1398	8652
2575	8654
7915	8964
713	8690
6380	9114
7229	9124
7982	8874
807	9278
8086	8742
8244	8994
2694	8686
173	8772
3694	9046
4835	8706
5512	8854
2270	8974
2296	9234
3882	8680
6141	8734
7009	8856
1560	8850
4496	8720
4606	9398
6293	8762
7916	8964
1358	8800
1443	9016
1494	8860
1673	9070
2206	8714
3835	9060
396	9512
2652	9008
5175	8716
5642	8992
7098	8774
2750	8904
4403	9000
1176	8868
4220	8946
5375	8886
6008	8980
6200	8648
7579	9164
7679	8768
641	9128
5843	9072
7083	8774
577	9106
2208	8714
2983	9090
4883	9140
7105	8774
73	9118
4916	8852
5658	8992
5771	8682
1497	8860
2041	8972
4199	8946
4589	8942
6595	8880
7159	8842
214	9292
1624	8730
2143	8832
4951	9132
6339	8910
4542	8694
8522	8672
8642	9096
103	9316
611	9272
7532	9458
705	8690
1903	9026
3410	8644
6249	9086
3569	9202
3921	9464
6186	8648
6681	9390
6801	9338
8247	8994
1082	8866
4385	9062
6424	9174
1100	9180
8245	8994
1094	9198
1467	9018
2584	8654
3431	9094
4369	9252
4740	9342
5045	8804
225	9496
2062	9486
3409	8644
8346	9102
2570	8654
4564	8700
4851	8706
7384	9216
7821	8696
4492	8720
5496	8854
8183	8724
4487	8720
5059	8804
1043	9056
5407	8938
5884	9152
6205	8648
6251	9086
7378	9216
1206	8750
3638	8816
6796	9338
8412	9502
83	9378
1488	8970
2216	8714
3142	8956
3347	8784
4026	9418
702	8690
1045	9056
2015	8758
2574	8654
8272	9066
1814	8676
2016	8758
3217	8882
3641	8816
486	8790
923	8780
3697	9046
5149	8716
7687	8768
88	9378
2780	8904
5232	9340
5481	8854
6508	8806
7296	9490
2585	8654
2755	8904
4195	8946
6133	8734
7013	8856
576	9106
2947	8862
5826	8824
6101	9328
7153	8842
739	8690
3081	8976
6750	9038
333	8932
6282	8762
924	8780
1395	8652
2153	8832
2774	8904
4075	9524
4678	8864
5250	8708
6599	9482
6770	9182
8075	8742
8301	8930
1628	8730
2951	8862
3995	9044
4573	8700
4770	9326
4978	8958
5176	8716
6455	8710
6507	8806
7939	8838
397	9512
863	8792
1663	9184
3498	9302
5332	8912
2803	8904
3138	8956
3542	8814
8269	9066
1165	8868
1242	9188
1600	9210
2645	9008
2765	8904
4681	8864
6536	9360
4949	9132
5104	9172
7564	9478
7910	8964
178	8810
1968	8822
3059	8976
5821	8824
475	8790
1264	8892
2617	8782
3916	9262
5489	8854
7557	9236
8410	9502
1200	8750
2210	8714
4069	9456
5957	8658
7283	9176
7826	8696
828	9150
2953	8862
8021	9254
731	8690
2580	8654
4417	9310
7600	8722
8251	8994
605	9330
712	8690
2212	8714
4979	8958
5160	8716
6575	8796
2691	8686
3389	8784
4524	9232
587	9036
5545	9042
5961	8658
7181	8990
352	9308
3234	9028
3777	9098
4572	8700
4728	9148
5324	8912
1038	9056
6284	8762
6751	9038
359	9032
7273	9022
8118	8840
417	9344
482	8790
2147	8832
5584	9304
7109	8774
8142	8776
1202	8750
2410	8684
4216	8946
4816	8706
5943	8786
6011	8980
6660	8820
8445	8778
929	8780
1301	9192
2539	8654
3012	9092
5825	8824
5882	9152
6138	8734
104	9316
443	9100
636	8858
4346	9020
4750	9240
4889	9402
6949	9116
2391	8684
2917	8954
4739	9342
5042	8804
5153	8716
6187	8648
4309	9320
6257	9086
6918	9034
2024	9520
3751	8704
3787	9040
4416	9310
4540	8694
7033	9286
8038	9254
508	8748
2526	8654
6526	9284
8618	8660
1832	8676
5234	9340
5506	8854
16	8914
894	8890
3062	8976
4753	9240
7196	8986
2380	8684
5932	8786
7235	9124
4238	9074
5575	9064
5687	8836
6223	8648
7661	8768
1842	8676
5499	8854
6742	9038
7555	9236
1366	8800
2234	8714
3575	9202
4235	9074
5013	9156
7085	8774
7662	8768
157	9260
1158	8868
3904	8680
7090	8774
8636	9096
1967	8822
1988	9288
1991	9288
2393	8684
3058	8976
5837	9072
8150	9452
3198	8998
5387	8886
6291	8762
270	9484
3502	9302
4918	8852
5015	9156
5242	8878
5801	9142
8377	9436
795	9054
5789	8682
71	9118
2421	8684
4360	8872
5751	8682
1009	9248
2798	8904
3257	8884
4841	8706
5049	8804
7366	9358
7559	9236
8458	8778
339	8936
4203	8946
6482	8736
6541	8766
8162	8916
1856	8676
2230	8714
2440	8684
5368	8886
8047	9254
4839	8706
5638	8992
2952	8862
3503	9302
7515	8740
8447	8778
1861	8676
2618	8782
4822	8706
5778	8682
6477	8736
1283	9312
1299	9192
3804	9058
4415	9310
5604	8760
5816	8824
6794	9338
8361	8944
1175	8868
2610	8782
5202	8934
5684	8836
7822	8696
1166	8868
4852	8706
4946	9132
5107	9172
5490	8854
6345	8910
7266	9356
2530	8654
4438	9082
4657	8908
6877	8900
7282	9176
28	9488
5183	8716
6376	9114
2899	8954
3176	9250
4921	8852
5467	8854
7875	9154
2909	8954
4326	9112
8520	8672
1267	8892
1401	8652
2771	8904
2981	9090
3072	8976
3115	8802
4028	9418
4847	8706
5373	8886
6053	8646
8320	9160
4287	9200
6074	9104
6512	8806
6688	9390
7148	8842
7767	9012
8474	8744
489	8790
575	9106
7672	8768
901	8728
2442	8684
3505	9302
7108	8774
7708	8888
980	9498
2567	8654
6747	9038
8325	9160
976	8830
1683	9506
3833	9060
4361	8872
4871	9140
7007	8856
263	9508
1448	9016
2412	8684
4197	8946
4445	9082
5369	8886
5796	9142
6649	8820
7321	9076
8366	8944
8538	8798
8609	8660
5365	8886
478	8790
1464	9018
1543	8850
2288	9234
3875	8680
6352	8910
5955	8658
5960	8658
6550	9470
8562	8902
298	9158
1672	9070
2777	8904
4007	9352
5406	8938
1178	8868
3390	8784
4054	9376
8477	8744
29	9488
975	8830
1450	9016
1992	9288
3439	9094
5016	9156
5505	8854
5956	8658
7986	8874
8083	8742
566	8674
941	8918
2137	8832
3565	9202
1059	9056
2559	8654
6915	9034
8523	8672
2219	8714
3162	8940
6652	8820
2439	8684
2984	9090
3143	8956
4990	8958
7316	9076
982	9498
1211	9282
2435	8684
5151	8716
8579	9144
1826	8676
2025	9520
5542	9042
7249	9468
7733	9392
3659	9244
7324	9076
7863	9154
447	9100
804	8948
4246	8818
5488	8854
7179	8990
7934	8838
8319	9160
620	9006
1281	9312
1326	8698
1916	8692
5645	8992
6961	9116
7396	9334
8375	9436
252	9322
992	9518
6989	8718
8581	9144
360	9032
736	8690
4831	8706
5315	8912
6079	9104
1153	8868
1996	9288
7620	8808
1171	8868
3348	8784
5307	8912
6244	9086
8212	8770
452	9100
886	9268
1854	8676
2382	8684
2650	9008
3706	9424
4953	9132
7399	9334
1547	8850
1744	8966
1927	9242
2760	8904
8085	8742
184	9476
927	8780
2892	8954
3644	8816
4067	9456
5150	8716
817	9138
1582	8926
2290	9234
5405	8938
335	8932
1195	8750
2426	8684
3086	8976
3885	8680
4897	9364
4919	8852
5935	8786
6309	8764
6691	9390
8364	8944
8611	8660
406	9258
2415	8684
2573	8654
4482	8720
4653	8908
6476	8736
6723	9038
6875	8900
7101	8774
239	9428
2228	8714
4836	8706
5589	9304
2289	9234
2647	9008
4249	8818
6370	9114
4917	8852
5253	8708
5479	8854
7448	9432
8441	8778
2151	8832
6144	8734
7806	8696
18	8914
912	9084
947	9466
1322	8698
2519	8654
4237	9074
5378	8886
5410	8938
6371	9114
3947	9384
6825	9348
7690	8768
652	9396
2144	8832
4062	9376
4856	8706
7519	8740
3535	8814
7605	8722
7865	9154
925	8780
3677	8982
6810	9264
186	9476
2101	8988
3996	9044
1544	8850
2790	8904
4449	9082
108	9316
1239	9188
5896	9190
6657	8820
2942	8862
1329	8698
2797	8904
3963	9238
4015	9208
4619	9222
6577	8796
7093	8774
1363	8800
1549	8850
2256	9414
4731	9212
5384	8886
7288	9274
7290	9274
2568	8654
3249	8884
5511	8854
6040	8646
7682	8768
1592	8926
2020	8758
3353	8784
3590	8906
5543	9042
6042	8646
7008	8856
7751	9080
7901	8964
1079	8866
3222	8882
4826	8706
5649	8992
6425	9174
6979	9126
389	9136
3545	8814
6278	8762
724	8690
4817	8706
6354	8910
6837	8738
8302	8930
985	9120
2829	8662
5764	8682
5765	8682
7177	8990
5944	8786
6210	8648
7194	8986
6198	8648
6399	9246
1883	8732
7984	8874
8444	8778
1919	8692
8130	9442
855	8924
2018	8758
4707	9170
5766	8682
4003	9352
5215	9366
267	9510
2088	9298
4691	8864
1712	8996
3758	8704
507	8748
1048	9056
1396	8652
3705	9424
7868	9154
1394	8652
8122	9448
2258	9414
3363	8784
7038	9286
3071	8976
3898	8680
4327	9112
4485	8720
5184	8716
6766	9182
8635	9096
1536	8850
4205	8946
7337	9420
7684	8768
1465	9018
5588	9304
6648	8820
7150	8842
547	8666
4513	8922
6429	9174
2542	8654
2619	8782
3608	8828
4033	9418
5311	8912
6958	9116
7281	9176
1638	9336
3055	8976
3642	8816
7565	9478
8110	9194
5493	8854
6749	9038
7502	8752
1599	9210
2142	8832
4956	9132
5179	8716
8213	8770
8322	9160
1080	8866
5371	8886
7193	8986
8512	8672
991	9518
2545	8654
3747	8704
5827	8824
2291	9234
3196	8998
4217	8946
2904	8954
3888	8680
1238	9188
3636	8816
3810	9058
565	8674
1365	8800
6881	8900
7091	8774
4013	9208
5881	9152
6682	9390
3874	8680
3887	8680
4440	9082
4649	8908
4690	8864
5330	8912
8360	8944
409	9258
2040	8972
2061	9486
5199	8934
8160	8916
145	9256
889	9268
3340	8784
7717	8888
810	9494
944	8918
2431	8684
7039	9286
8275	9066
175	8772
2402	8684
2685	8686
8541	8798
8614	8660
6351	8910
2097	8988
2683	8686
3438	9094
5468	8854
6340	8910
1625	8730
3531	8814
5759	8682
6824	9348
1846	8676
5639	8992
6209	8648
6960	9116
1863	8676
5799	9142
6129	8734
7482	8752
8540	8798
1740	8966
2399	8684
3811	9058
3964	9238
5602	8760
5865	9280
7673	8768
8117	8840
715	8690
3755	8704
8033	9254
516	8748
601	9330
1054	9056
1083	8866
5549	9042
121	9266
2849	8662
6379	9114
7545	9088
391	9136
509	8748
529	9024
5173	8716
5637	8992
8344	9102
708	8690
1280	9312
1422	8920
7095	8774
7980	8874
3208	8870
3828	9060
4122	8656
4501	8720
5103	9172
6310	8764
7248	9468
3881	8680
1580	8926
1816	8676
2547	8654
2620	8782
4568	8700
6578	8796
7903	8964
3011	9092
3170	9196
3209	8870
4148	8794
4631	9276
5474	8854
6191	8648
940	8918
1456	9016
2693	8686
4717	9374
5654	8992
938	8918
2005	9002
8233	9108
2419	8684
4124	8656
4900	9364
2978	9090
7110	8774
7259	9370
1882	8732
2524	8654
3051	8976
3483	8678
4771	9326
5480	8854
2209	8714
3991	9044
5046	8804
5779	8682
6773	9182
6916	9034
7712	8888
2085	9298
2141	8832
2842	8662
4055	9376
4275	9204
5774	8682
6041	8646
3113	8802
3886	8680
4259	9332
6010	8980
8439	8778
533	9024
1818	8676
2226	8714
6913	9034
7219	9124
8554	8902
1485	8970
2096	8988
2386	8684
6448	8710
3883	8680
4226	8946
6005	8980
6604	9230
4194	8946
6591	8880
7768	9012
8324	9160
3010	9092
8452	8778
2098	8988
2221	8714
2571	8654
2588	8654
2751	8904
3485	8678
3812	9058
7344	8702
8583	9144
125	9266
554	8666
956	9462
1056	9056
710	8690
7990	8874
1598	9210
8409	9502
5491	8854
6446	8710
942	8918
2007	9002
4328	9112
4511	8922
6841	8738
