7223	6	1.0	902424	2421	2122	2215	1510	1019010
7742	4	1.0	902424	2413	1312	1219012
7311	3	1.0	902424	2413	1319013
7575	5	1.0	902424	2421	2122	2215	1519015
7800	3	1.0	902424	2421	2119021
7831	4	1.0	902424	2421	2122	2219022
7967	3	1.0	902424	2423	2319023
7257	7	1.0	902424	2421	2120	2018	187	78	819008
7463	3	1.0	90011	12	219002
8298	3	1.0	90011	13	319003
7573	4	1.0	90011	13	34	419004
7489	4	1.0	90011	12	26	619006
8235	6	1.0	90011	12	26	68	87	719007
8104	5	1.0	90011	12	26	68	819008
7951	6	1.0	90011	13	34	45	59	919009
7197	7	1.0	90011	13	34	45	59	910	1019010
7637	5	1.0	90011	13	34	411	1119011
7936	4	1.0	90011	13	312	1219012
7627	5	1.0	90011	13	312	1213	1319013
8120	6	1.0	90011	13	34	411	1114	1419014
8036	7	1.0	90011	13	34	411	1114	1415	1519015
7421	6	1.0	90011	12	26	68	816	1619016
7205	7	1.0	90011	12	26	68	816	1617	1719017
7207	7	1.0	90011	12	26	68	87	718	1819018
7704	8	1.0	90011	12	26	68	816	1617	1719	1919019
7822	8	1.0	90011	12	26	68	87	718	1820	2019020
8049	7	1.0	90011	13	312	1213	1324	2421	2119021
8047	8	1.0	90011	13	312	1213	1324	2421	2122	2219022
7640	7	1.0	90011	13	312	1213	1324	2423	2319023
7833	6	1.0	90011	13	312	1213	1324	2419024
8250	3	1.0	90022	21	119001
7990	5	1.0	90022	26	65	54	419004
7423	3	1.0	90022	26	619006
8212	5	1.0	90022	26	68	87	719007
7900	4	1.0	90022	26	68	819008
7811	5	1.0	90022	26	65	59	919009
7813	6	1.0	90022	26	68	816	1610	1019010
7804	6	1.0	90022	26	65	54	411	1119011
8254	5	1.0	90022	21	13	312	1219012
7854	6	1.0	90022	21	13	312	1213	1319013
7837	7	1.0	90022	26	65	54	411	1114	1419014
8177	8	1.0	90022	26	68	816	1617	1719	1915	1519015
7325	5	1.0	90022	26	68	816	1619016
8248	6	1.0	90022	26	68	816	1617	1719017
7963	7	1.0	90022	26	68	816	1617	1719	1919019
7956	7	1.0	90022	26	68	87	718	1820	2019020
7487	8	1.0	90022	26	68	87	718	1820	2022	2219022
8325	3	1.0	90033	31	119001
8093	3	1.0	90033	34	419004
8276	5	1.0	90033	34	45	56	619006
8100	7	1.0	90033	34	45	56	68	87	719007
7716	6	1.0	90033	34	45	56	68	819008
8124	5	1.0	90033	34	45	59	919009
8114	6	1.0	90033	34	45	59	910	1019010
8062	4	1.0	90033	312	1211	1119011
7753	3	1.0	90033	312	1219012
8188	4	1.0	90033	312	1213	1319013
7590	5	1.0	90033	312	1211	1114	1419014
8193	6	1.0	90033	312	1211	1114	1415	1519015
7713	7	1.0	90033	34	45	56	68	816	1619016
7467	8	1.0	90033	34	45	56	68	816	1617	1719017
8195	7	1.0	90033	312	1213	1324	2421	2122	2219022
7374	6	1.0	90033	312	1213	1324	2423	2319023
7239	4	1.0	90044	43	31	119001
7908	5	1.0	90044	45	56	62	219002
8245	3	1.0	90044	43	319003
7724	4	1.0	90044	45	56	619006
7465	6	1.0	90044	45	56	68	87	719007
8008	5	1.0	90044	45	56	68	819008
7289	4	1.0	90044	45	59	919009
7631	5	1.0	90044	45	59	910	1019010
7495	3	1.0	90044	411	1119011
7842	4	1.0	90044	43	312	1219012
7441	5	1.0	90044	43	312	1213	1319013
7604	4	1.0	90044	411	1114	1419014
7971	5	1.0	90044	411	1114	1415	1519015
8027	6	1.0	90044	45	56	68	816	1619016
7452	7	1.0	90044	45	56	68	816	1617	1719017
7391	8	1.0	90044	45	56	68	816	1617	1719	1919019
8252	8	1.0	90044	45	56	68	87	718	1820	2019020
8328	7	1.0	90044	43	312	1213	1324	2421	2119021
7783	6	1.0	90044	411	1114	1423	2322	2219022
7555	5	1.0	90044	411	1114	1423	2319023
8000	6	1.0	90044	43	312	1213	1324	2419024
7313	4	1.0	90055	59	910	1019010
7521	5	1.0	90055	54	411	1114	1419014
7497	7	1.0	90055	59	910	1015	1522	2221	2119021
7755	4	1.0	90066	62	21	119001
7350	3	1.0	90066	62	219002
8308	5	1.0	90066	65	54	43	319003
7740	4	1.0	90066	65	54	419004
7881	4	1.0	90066	68	87	719007
7581	3	1.0	90066	68	819008
8278	4	1.0	90066	65	59	919009
7366	5	1.0	90066	68	816	1610	1019010
7919	5	1.0	90066	65	54	411	1119011
7370	6	1.0	90066	65	54	43	312	1219012
7921	7	1.0	90066	65	54	43	312	1213	1319013
7667	6	1.0	90066	65	54	411	1114	1419014
8231	7	1.0	90066	68	816	1617	1719	1915	1519015
7870	4	1.0	90066	68	816	1619016
7209	5	1.0	90066	68	816	1617	1719017
7894	6	1.0	90066	68	816	1617	1719	1919019
7978	6	1.0	90066	68	87	718	1820	2019020
7879	7	1.0	90066	68	87	718	1820	2021	2119021
7615	7	1.0	90066	68	87	718	1820	2022	2219022
7685	8	1.0	90066	68	87	718	1820	2022	2223	2319023
8006	8	1.0	90066	68	87	718	1820	2021	2124	2419024
7857	6	1.0	90077	78	86	62	21	119001
8322	5	1.0	90077	78	86	62	219002
8116	7	1.0	90077	78	86	65	54	43	319003
7431	6	1.0	90077	78	86	65	54	419004
7376	4	1.0	90077	78	86	619006
7749	3	1.0	90077	78	819008
7483	6	1.0	90077	718	1816	1610	109	919009
7969	5	1.0	90077	718	1816	1610	1019010
7282	6	1.0	90077	718	1816	1610	1011	1119011
8170	8	1.0	90077	78	86	65	54	43	312	1219012
8097	7	1.0	90077	718	1820	2021	2124	2413	1319013
8033	8	1.0	90077	718	1816	1617	1719	1915	1514	1419014
8141	7	1.0	90077	718	1816	1617	1719	1915	1519015
7297	4	1.0	90077	718	1816	1619016
7649	5	1.0	90077	718	1816	1617	1719017
7523	6	1.0	90077	718	1816	1617	1719	1919019
7792	4	1.0	90077	718	1820	2019020
8149	5	1.0	90077	718	1820	2021	2119021
8222	5	1.0	90077	718	1820	2022	2219022
7321	6	1.0	90077	718	1820	2022	2223	2319023
7499	5	1.0	90088	86	62	21	119001
7861	4	1.0	90088	86	62	219002
8077	6	1.0	90088	86	65	54	43	319003
7471	5	1.0	90088	86	65	54	419004
7397	4	1.0	90088	86	65	519005
7393	3	1.0	90088	86	619006
7425	3	1.0	90088	87	719007
7619	3	1.0	90088	89	919009
7745	4	1.0	90088	816	1610	1019010
7644	5	1.0	90088	816	1610	1011	1119011
7863	7	1.0	90088	86	65	54	43	312	1219012
7877	8	1.0	90088	86	65	54	43	312	1213	1319013
8181	7	1.0	90088	816	1617	1719	1915	1514	1419014
7446	6	1.0	90088	816	1617	1719	1915	1519015
7362	3	1.0	90088	816	1619016
7539	4	1.0	90088	816	1617	1719017
7913	5	1.0	90088	816	1617	1719	1919019
7601	5	1.0	90088	87	718	1820	2019020
7732	6	1.0	90088	87	718	1820	2021	2119021
7291	6	1.0	90088	87	718	1820	2022	2219022
7872	7	1.0	90088	87	718	1820	2022	2223	2319023
8029	7	1.0	90088	87	718	1820	2021	2124	2419024
7757	6	1.0	90099	95	54	43	31	119001
7762	5	1.0	90099	95	56	62	219002
7399	5	1.0	90099	95	54	43	319003
7401	4	1.0	90099	95	54	419004
8256	4	1.0	90099	95	56	619006
7380	6	1.0	90099	910	1016	1618	187	719007
7508	3	1.0	90099	98	819008
7249	3	1.0	90099	910	1019010
7267	4	1.0	90099	910	1011	1119011
7518	5	1.0	90099	910	1011	1112	1219012
7623	6	1.0	90099	910	1011	1112	1213	1319013
7403	5	1.0	90099	910	1011	1114	1419014
7592	4	1.0	90099	910	1015	1519015
7352	4	1.0	90099	910	1016	1619016
7199	5	1.0	90099	910	1016	1617	1719017
7939	6	1.0	90099	910	1016	1617	1719	1919019
7764	6	1.0	90099	910	1016	1618	1820	2019020
8085	6	1.0	90099	910	1015	1522	2221	2119021
7720	5	1.0	90099	910	1015	1522	2219022
7541	6	1.0	90099	910	1011	1114	1423	2319023
7947	7	1.0	90099	910	1015	1522	2221	2124	2419024
7827	7	1.0	901010	109	95	54	43	31	119001
7785	6	1.0	901010	1016	168	86	62	219002
8056	6	1.0	901010	109	95	54	43	319003
7407	5	1.0	901010	109	95	54	419004
7241	4	1.0	901010	109	95	519005
7315	5	1.0	901010	1016	168	86	619006
8144	5	1.0	901010	1016	1618	187	719007
7629	4	1.0	901010	1016	168	819008
7225	3	1.0	901010	109	919009
7243	3	1.0	901010	1011	1119011
7433	4	1.0	901010	1011	1112	1219012
7926	5	1.0	901010	1011	1112	1213	1319013
7317	4	1.0	901010	1011	1114	1419014
7329	3	1.0	901010	1015	1519015
7327	3	1.0	901010	1016	1619016
7473	4	1.0	901010	1016	1617	1719017
7675	5	1.0	901010	1016	1617	1719	1919019
7303	5	1.0	901010	1016	1618	1820	2019020
7699	5	1.0	901010	1015	1522	2221	2119021
7457	4	1.0	901010	1015	1522	2219022
7607	5	1.0	901010	1015	1522	2223	2319023
7642	6	1.0	901010	1015	1522	2221	2124	2419024
8162	5	1.0	901111	114	43	31	119001
7915	6	1.0	901111	114	45	56	62	219002
8190	4	1.0	901111	114	43	319003
7558	3	1.0	901111	114	419004
7846	5	1.0	901111	114	45	56	619006
7269	6	1.0	901111	1110	1016	1618	187	719007
7665	5	1.0	901111	1110	1016	168	819008
7709	4	1.0	901111	1110	109	919009
7354	3	1.0	901111	1110	1019010
7211	3	1.0	901111	1112	1219012
7747	4	1.0	901111	1112	1213	1319013
7384	3	1.0	901111	1114	1419014
7259	4	1.0	901111	1114	1415	1519015
7331	4	1.0	901111	1110	1016	1619016
7610	5	1.0	901111	1110	1016	1617	1719017
8130	5	1.0	901111	1114	1415	1519	1919019
7435	6	1.0	901111	1114	1415	1519	1920	2019020
7728	6	1.0	901111	1114	1423	2324	2421	2119021
7564	5	1.0	901111	1114	1415	1522	2219022
7583	4	1.0	901111	1114	1423	2319023
7368	5	1.0	901111	1114	1423	2324	2419024
7459	4	1.0	901212	123	31	119001
8285	5	1.0	901212	123	31	12	219002
8320	3	1.0	901212	123	319003
7409	4	1.0	901212	123	34	419004
7378	5	1.0	901212	123	34	45	519005
7672	6	1.0	901212	123	34	45	56	619006
7722	8	1.0	901212	123	34	45	56	68	87	719007
7411	7	1.0	901212	123	34	45	56	68	819008
7766	5	1.0	901212	1211	1110	109	919009
8095	4	1.0	901212	1211	1110	1019010
7769	3	1.0	901212	1211	1119011
7389	3	1.0	901212	1213	1319013
7890	4	1.0	901212	1211	1114	1419014
7621	5	1.0	901212	1211	1114	1415	1519015
7305	5	1.0	901212	1211	1110	1016	1619016
7839	6	1.0	901212	1211	1110	1016	1617	1719017
7711	6	1.0	901212	1211	1110	1016	1618	1819018
8172	6	1.0	901212	1211	1114	1415	1519	1919019
7213	6	1.0	901212	1213	1324	2421	2120	2019020
8002	5	1.0	901212	1213	1324	2421	2119021
7271	6	1.0	901212	1213	1324	2421	2122	2219022
8091	5	1.0	901212	1213	1324	2423	2319023
7633	4	1.0	901212	1213	1324	2419024
7437	5	1.0	901313	1312	123	31	119001
8126	6	1.0	901313	1312	123	31	12	219002
7958	4	1.0	901313	1312	123	319003
7525	5	1.0	901313	1312	123	34	419004
7738	7	1.0	901313	1312	123	34	45	56	619006
7427	7	1.0	901313	1324	2421	2120	2018	187	719007
7807	8	1.0	901313	1312	123	34	45	56	68	819008
7687	6	1.0	901313	1312	1211	1110	109	919009
7333	5	1.0	901313	1312	1211	1110	1019010
7491	4	1.0	901313	1312	1211	1119011
7201	3	1.0	901313	1312	1219012
7597	5	1.0	901313	1324	2423	2314	1419014
8053	6	1.0	901313	1324	2421	2122	2215	1519015
7533	6	1.0	901313	1312	1211	1110	1016	1619016
7661	8	1.0	901313	1324	2421	2122	2215	1519	1917	1719017
7906	7	1.0	901313	1324	2421	2122	2215	1519	1919019
7501	5	1.0	901313	1324	2421	2120	2019020
7973	4	1.0	901313	1324	2421	2119021
7299	5	1.0	901313	1324	2421	2122	2219022
7307	4	1.0	901313	1324	2423	2319023
7245	3	1.0	901313	1324	2419024
7691	6	1.0	901414	1411	1112	123	31	119001
7469	7	1.0	901414	1411	114	45	56	62	219002
8087	5	1.0	901414	1411	1112	123	319003
8153	4	1.0	901414	1411	114	419004
7982	6	1.0	901414	1411	114	45	56	619006
7670	8	1.0	901414	1415	1519	1917	1716	1618	187	719007
8203	7	1.0	901414	1415	1519	1917	1716	168	819008
7954	5	1.0	901414	1411	1110	109	919009
7335	4	1.0	901414	1411	1110	1019010
7301	3	1.0	901414	1411	1119011
7986	4	1.0	901414	1411	1112	1219012
7824	5	1.0	901414	1423	2324	2413	1319013
7461	3	1.0	901414	1415	1519015
8051	6	1.0	901414	1415	1519	1917	1716	1619016
7683	5	1.0	901414	1415	1519	1917	1719017
7337	4	1.0	901414	1415	1519	1919019
7859	5	1.0	901414	1415	1519	1920	2019020
7992	5	1.0	901414	1423	2324	2421	2119021
7701	4	1.0	901414	1415	1522	2219022
7849	3	1.0	901414	1423	2319023
7227	4	1.0	901414	1423	2324	2419024
7809	7	1.0	901515	1514	1411	1112	123	31	119001
7233	8	1.0	901515	1519	1917	1716	168	86	62	219002
7663	6	1.0	901515	1514	1411	1112	123	319003
7595	5	1.0	901515	1514	1411	114	419004
7251	7	1.0	901515	1519	1917	1716	168	86	619006
7941	7	1.0	901515	1519	1917	1716	1618	187	719007
7835	6	1.0	901515	1519	1917	1716	168	819008
7577	4	1.0	901515	1510	109	919009
7215	3	1.0	901515	1510	1019010
7356	4	1.0	901515	1514	1411	1119011
7931	5	1.0	901515	1514	1411	1112	1219012
8134	6	1.0	901515	1522	2221	2124	2413	1319013
7382	3	1.0	901515	1514	1419014
7796	5	1.0	901515	1519	1917	1716	1619016
7309	4	1.0	901515	1519	1917	1719017
7229	6	1.0	901515	1519	1917	1716	1618	1819018
7339	3	1.0	901515	1519	1919019
7448	4	1.0	901515	1519	1920	2019020
7778	4	1.0	901515	1522	2221	2119021
7263	3	1.0	901515	1522	2219022
7450	4	1.0	901515	1522	2223	2319023
7253	5	1.0	901515	1522	2221	2124	2419024
8168	6	1.0	901616	168	86	62	21	119001
7994	5	1.0	901616	168	86	62	219002
7588	7	1.0	901616	168	86	65	54	43	319003
7726	6	1.0	901616	168	86	65	54	419004
7874	4	1.0	901616	168	86	619006
7504	4	1.0	901616	1618	187	719007
7527	3	1.0	901616	168	819008
7217	4	1.0	901616	1610	109	919009
7413	3	1.0	901616	1610	1019010
7395	4	1.0	901616	1610	1011	1119011
7560	5	1.0	901616	1610	1011	1112	1219012
7815	6	1.0	901616	1610	1011	1112	1213	1319013
7235	6	1.0	901616	1617	1719	1915	1514	1419014
7293	5	1.0	901616	1617	1719	1915	1519015
7646	3	1.0	901616	1617	1719017
7284	3	1.0	901616	1618	1819018
7652	4	1.0	901616	1617	1719	1919019
7364	4	1.0	901616	1618	1820	2019020
7273	7	1.0	901616	1617	1719	1915	1522	2221	2119021
7475	6	1.0	901616	1617	1719	1915	1522	2219022
7693	7	1.0	901616	1617	1719	1915	1522	2223	2319023
7599	7	1.0	901717	1716	168	86	62	21	119001
7659	6	1.0	901717	1716	168	86	62	219002
8174	8	1.0	901717	1716	168	86	65	54	43	319003
7386	7	1.0	901717	1716	168	86	65	54	419004
8031	5	1.0	901717	1716	168	86	619006
7358	5	1.0	901717	1716	1618	187	719007
7319	4	1.0	901717	1716	168	819008
7776	5	1.0	901717	1716	1610	109	919009
7455	4	1.0	901717	1716	1610	1019010
7529	5	1.0	901717	1716	1610	1011	1119011
7654	6	1.0	901717	1716	1610	1011	1112	1219012
7960	8	1.0	901717	1719	1915	1522	2221	2124	2413	1319013
7275	5	1.0	901717	1719	1915	1514	1419014
7510	4	1.0	901717	1719	1915	1519015
7295	3	1.0	901717	1716	1619016
7203	3	1.0	901717	1719	1919019
7892	4	1.0	901717	1719	1920	2019020
7817	6	1.0	901717	1719	1915	1522	2221	2119021
7219	5	1.0	901717	1719	1915	1522	2219022
7419	6	1.0	901717	1719	1915	1522	2223	2319023
7255	7	1.0	901717	1719	1915	1522	2221	2124	2419024
7372	5	1.0	901818	1816	1610	109	919009
7287	6	1.0	901818	1816	1610	1011	1112	1219012
8004	7	1.0	901818	187	78	86	62	21	119001
7323	5	1.0	901818	1816	1617	1719	1919019
8315	8	1.0	901919	1917	1716	168	86	62	21	119001
7794	7	1.0	901919	1917	1716	168	86	62	219002
8073	8	1.0	901919	1917	1716	168	86	65	54	419004
7585	6	1.0	901919	1917	1716	168	86	619006
7851	6	1.0	901919	1917	1716	1618	187	719007
8160	5	1.0	901919	1917	1716	168	819008
8217	6	1.0	901919	1917	1716	1610	109	919009
7477	5	1.0	901919	1917	1716	1610	1019010
7360	5	1.0	901919	1915	1514	1411	1119011
7998	8	1.0	901919	1915	1522	2221	2124	2413	1312	1219012
8081	7	1.0	901919	1915	1522	2221	2124	2413	1319013
8012	4	1.0	901919	1915	1514	1419014
7579	3	1.0	901919	1915	1519015
7512	4	1.0	901919	1917	1716	1619016
7277	3	1.0	901919	1917	1719017
7439	3	1.0	901919	1920	2019020
8111	5	1.0	901919	1915	1522	2221	2119021
7819	4	1.0	901919	1915	1522	2219022
7697	5	1.0	901919	1915	1522	2223	2319023
8156	6	1.0	901919	1915	1522	2221	2124	2419024
7612	8	1.0	902020	2018	187	78	86	62	21	119001
7790	7	1.0	902020	2018	187	78	86	62	219002
8198	8	1.0	902020	2018	187	78	86	65	54	419004
8083	6	1.0	902020	2018	187	78	86	619006
7479	4	1.0	902020	2018	187	719007
7485	5	1.0	902020	2018	187	78	819008
8016	6	1.0	902020	2018	1816	1610	109	919009
7898	5	1.0	902020	2018	1816	1610	1019010
7718	6	1.0	902020	2019	1915	1514	1411	1119011
7829	6	1.0	902020	2021	2124	2413	1312	1219012
7917	5	1.0	902020	2021	2124	2413	1319013
7514	5	1.0	902020	2019	1915	1514	1419014
7943	4	1.0	902020	2019	1915	1519015
7237	4	1.0	902020	2018	1816	1619016
7221	4	1.0	902020	2019	1917	1719017
7429	3	1.0	902020	2019	1919019
8020	3	1.0	902020	2021	2119021
7342	3	1.0	902020	2022	2219022
7545	4	1.0	902020	2022	2223	2319023
7883	4	1.0	902020	2021	2124	2419024
8151	7	1.0	902121	2124	2413	1312	123	31	119001
7928	7	1.0	902121	2124	2413	1312	123	34	419004
8258	7	1.0	902121	2120	2018	187	78	86	619006
7751	5	1.0	902121	2120	2018	187	719007
8044	6	1.0	902121	2120	2018	187	78	819008
8065	6	1.0	902121	2122	2215	1510	109	919009
7344	5	1.0	902121	2122	2215	1510	1019010
7346	6	1.0	902121	2124	2423	2314	1411	1119011
8228	5	1.0	902121	2124	2413	1312	1219012
7902	4	1.0	902121	2124	2413	1319013
7656	5	1.0	902121	2124	2423	2314	1419014
7868	4	1.0	902121	2122	2215	1519015
7730	7	1.0	902121	2122	2215	1519	1917	1716	1619016
8089	6	1.0	902121	2122	2215	1519	1917	1719017
7635	5	1.0	902121	2122	2215	1519	1919019
7231	3	1.0	902121	2120	2019020
7551	3	1.0	902121	2122	2219022
7405	4	1.0	902121	2124	2423	2319023
8332	3	1.0	902121	2124	2419024
7976	8	1.0	902222	2221	2124	2413	1312	123	31	119001
7689	8	1.0	902222	2220	2018	187	78	86	62	219002
7896	7	1.0	902222	2221	2124	2413	1312	123	319003
7736	6	1.0	902222	2223	2314	1411	114	419004
8058	7	1.0	902222	2220	2018	187	78	86	619006
7887	5	1.0	902222	2220	2018	187	719007
7569	6	1.0	902222	2220	2018	187	78	819008
7348	5	1.0	902222	2215	1510	109	919009
7562	4	1.0	902222	2215	1510	1019010
7553	5	1.0	902222	2223	2314	1411	1119011
8023	6	1.0	902222	2221	2124	2413	1312	1219012
7772	5	1.0	902222	2221	2124	2413	1319013
7415	4	1.0	902222	2223	2314	1419014
7247	3	1.0	902222	2215	1519015
7536	6	1.0	902222	2215	1519	1917	1716	1619016
7677	5	1.0	902222	2215	1519	1917	1719017
7695	4	1.0	902222	2215	1519	1919019
7547	3	1.0	902222	2220	2019020
7280	3	1.0	902222	2221	2119021
7531	3	1.0	902222	2223	2319023
7506	4	1.0	902222	2221	2124	2419024
7444	7	1.0	902323	2324	2413	1312	123	31	119001
8075	6	1.0	902323	2324	2413	1312	123	319003
8018	5	1.0	902323	2314	1411	114	419004
7945	7	1.0	902323	2314	1411	114	45	56	619006
8237	6	1.0	902323	2322	2220	2018	187	719007
7571	7	1.0	902323	2322	2220	2018	187	78	819008
7988	6	1.0	902323	2314	1411	1110	109	919009
7706	5	1.0	902323	2314	1411	1110	1019010
7549	4	1.0	902323	2314	1411	1119011
7904	5	1.0	902323	2324	2413	1312	1219012
8106	4	1.0	902323	2324	2413	1319013
7965	3	1.0	902323	2314	1419014
7261	4	1.0	902323	2322	2215	1519015
7625	7	1.0	902323	2322	2215	1519	1917	1716	1619016
7516	6	1.0	902323	2322	2215	1519	1917	1719017
7417	5	1.0	902323	2322	2220	2018	1819018
7265	5	1.0	902323	2322	2215	1519	1919019
7923	4	1.0	902323	2322	2220	2019020
7493	4	1.0	902323	2324	2421	2119021
7774	3	1.0	902323	2322	2219022
