47	7197
1639	7199
3461	7201
5194	7203
125	7205
134	7207
765	7209
2824	7211
3300	7213
3989	7215
4496	7217
5261	7219
5938	7221
7065	7223
1910	7225
3909	7227
4162	7229
6190	7231
3922	7233
4649	7235
5925	7237
312	7239
1857	7241
2044	7243
3622	7245
6491	7247
1478	7249
3938	7251
4336	7253
5322	7255
7051	7257
2903	7259
6902	7261
4269	7263
6969	7265
1546	7267
2668	7269
3313	7271
4826	7273
5070	7275
5592	7277
1801	7241
6668	7280
897	7282
4725	7284
5336	7255
5388	7287
5943	7221
353	7289
1367	7291
2047	7243
2074	7243
4660	7293
5122	7295
930	7297
3587	7299
3717	7301
2468	7303
3261	7305
3603	7307
5139	7295
3475	7201
4133	7309
7115	7311
550	7313
1862	7315
2210	7317
4954	7319
5932	7221
5939	7221
1050	7321
2054	7243
5411	7323
7050	7257
229	7325
2332	7327
548	7313
2276	7329
2919	7331
3407	7333
3682	7335
3826	7337
4191	7339
5086	7275
6003	7342
6092	7344
6107	7346
6336	7348
663	7350
1622	7352
2721	7354
4046	7356
4922	7358
5491	7360
1247	7362
2063	7243
4762	7364
50	7197
711	7366
2736	7354
3046	7368
547	7313
735	7370
1456	7249
2076	7243
4272	7263
5361	7372
308	7374
823	7376
3105	7378
1423	7380
2730	7354
4084	7382
2861	7384
7074	7223
3977	7215
4897	7386
932	7297
2245	7329
2811	7354
3199	7389
497	7391
1102	7393
1253	7362
2929	7331
4590	7395
1076	7397
1397	7399
1405	7401
1588	7403
6254	7405
1765	7407
3086	7409
3130	7411
4582	7413
6455	7415
6952	7417
5306	7419
6192	7231
1551	7267
1640	7199
115	7421
184	7423
1140	7425
3386	7427
5973	7429
816	7431
2067	7243
2158	7433
2989	7435
3084	7409
3339	7437
3908	7227
3979	7215
5265	7219
5631	7439
446	7441
2897	7259
5894	7237
6754	7444
1234	7446
4224	7448
4323	7450
488	7452
3508	7201
5019	7455
2527	7457
2724	7354
3072	7459
3784	7461
6971	7265
3200	7389
1	7463
339	7465
4181	7339
1144	7425
302	7467
3633	7469
1404	7401
3708	7301
1067	7471
1446	7249
1791	7241
2384	7473
2526	7457
5585	7277
5936	7221
6340	7348
1454	7249
4842	7475
5463	7477
5719	7479
2212	7317
2873	7384
4937	7319
6694	7280
876	7483
2717	7354
5746	7485
252	7487
2265	7329
2256	7329
4839	7475
5144	7295
5584	7277
5870	7237
6970	7265
23	7489
3431	7491
4192	7339
4279	7263
6252	7405
6993	7493
3684	7335
406	7495
640	7497
943	7297
3191	7389
1052	7499
3571	7501
3117	7378
4438	7504
5415	7323
6745	7506
1433	7508
5100	7510
5274	7219
5558	7512
5841	7514
6932	7516
1568	7518
2324	7329
4268	7263
616	7521
999	7523
3375	7525
4461	7527
5029	7529
5276	7219
6706	7531
2250	7329
3537	7533
4818	7364
6533	7536
6737	7531
1296	7539
1700	7541
3774	7461
5210	7203
6033	7545
6627	7547
2925	7331
1474	7249
5884	7237
6823	7549
561	7313
715	7366
1815	7241
3478	7201
3590	7299
5469	7477
6216	7551
6414	7553
498	7391
523	7555
1654	7199
6084	7344
6953	7417
7076	7223
1261	7362
2645	7558
3601	7307
4131	7309
4630	7560
5583	7277
6352	7562
6702	7531
6830	7549
2737	7354
3024	7564
5753	7485
2640	7558
3260	7305
3681	7335
4235	7448
4258	7263
2868	7384
2893	7384
3364	7525
3773	7461
6319	7569
6779	7571
10	7573
2322	7329
7137	7575
2239	7329
3961	7577
5518	7579
692	7581
2343	7327
3044	7583
5440	7585
5551	7579
4359	7588
5748	7485
286	7590
1600	7592
3007	7564
3930	7595
4783	7364
1250	7362
1251	7362
2747	7354
3518	7597
3568	7501
4871	7599
6032	7545
6407	7553
642	7497
1323	7601
2018	7225
4787	7364
461	7604
2069	7243
5601	7277
6472	7415
2566	7607
2720	7354
4618	7395
7118	7311
1621	7352
2954	7610
4141	7309
4781	7364
5687	7612
6043	7545
796	7615
3547	7533
4657	7293
5739	7479
6931	7516
563	7313
1170	7619
1925	7225
5466	7477
313	7239
1623	7352
3013	7564
3253	7621
5635	7439
1579	7623
1589	7403
3589	7299
3514	7597
5408	7323
6207	7551
562	7313
2573	7607
5891	7237
6622	7547
6919	7625
94	7627
458	7604
1893	7629
4190	7339
375	7631
3331	7633
6180	7635
63	7637
410	7495
1626	7352
2143	7243
5392	7287
166	7640
2602	7642
2643	7558
3131	7411
4838	7475
253	7487
487	7452
1066	7471
1201	7644
4681	7646
4980	7455
981	7649
2480	7303
3536	7533
4745	7652
5046	7654
1754	7407
3332	7633
6128	7656
4507	7413
4880	7659
2481	7303
2514	7457
2667	7269
3549	7661
3924	7663
3990	7215
4527	7413
4715	7284
5050	7654
1914	7225
937	7297
2677	7665
4324	7450
5523	7579
6215	7551
744	7667
1203	7644
2425	7473
3652	7670
4602	7395
4942	7319
5717	7479
6368	7562
974	7649
3121	7672
4445	7527
456	7441
2249	7329
2431	7675
4002	7215
6561	7677
617	7521
4213	7339
4934	7319
5721	7479
6400	7562
6428	7553
2266	7329
4541	7413
6476	7247
1099	7397
2504	7457
2722	7354
3805	7683
3207	7389
5097	7510
801	7685
1259	7362
3400	7687
6279	7689
1204	7644
3429	7491
3628	7691
3987	7215
1646	7199
4858	7693
4874	7599
5124	7295
6412	7553
6593	7695
5676	7697
5871	7237
6409	7553
2491	7699
3859	7701
2435	7675
4530	7413
5179	7295
146	7704
6818	7706
354	7289
1346	7601
2696	7709
3293	7711
5715	7479
294	7713
403	7495
4414	7504
5190	7203
6933	7516
4509	7413
5136	7295
6365	7562
266	7716
5811	7718
5889	7237
5975	7429
1681	7720
2021	7225
2488	7699
3126	7722
4659	7293
328	7724
4274	7263
5135	7295
6089	7344
934	7297
1822	7241
4593	7395
4719	7284
5133	7295
6560	7677
407	7495
1617	7352
4374	7726
2998	7728
5301	7419
6154	7730
1348	7732
1766	7407
3098	7378
4759	7364
5563	7512
6477	7247
1591	7403
2260	7329
4675	7646
6559	7677
4856	7475
370	7631
2031	7243
2079	7243
2321	7329
2430	7675
4042	7215
6289	7736
3377	7738
672	7740
1821	7241
5264	7219
7102	7742
902	7282
1198	7745
639	7497
2847	7747
2905	7259
834	7749
4941	7319
6067	7751
282	7753
546	7313
658	7755
1387	7757
1415	7401
1816	7241
4363	7726
4760	7364
5887	7237
1641	7199
1753	7407
2711	7354
4873	7599
6518	7247
6574	7677
984	7649
1394	7762
4661	7293
5533	7579
557	7313
6249	7405
6520	7247
369	7631
2862	7384
3406	7333
6479	7247
1668	7764
3138	7766
1329	7601
1536	7249
2278	7329
5269	7219
2375	7473
3174	7769
3059	7459
4366	7726
4990	7455
6901	7261
768	7209
3706	7301
4726	7284
6444	7772
7008	7774
1468	7249
2440	7675
4163	7229
4401	7504
4958	7776
4240	7778
3449	7491
3986	7215
3998	7215
821	7431
1324	7601
2592	7607
6592	7695
6996	7493
7022	7774
515	7783
4267	7263
5724	7479
441	7441
1682	7720
1735	7785
2434	7675
2731	7354
3991	7215
4683	7646
5810	7718
314	7239
1596	7403
2820	7211
6795	7706
2379	7473
2969	7610
4086	7382
4242	7778
5562	7512
5691	7790
6010	7342
1009	7792
5432	7794
6323	7569
2984	7435
4106	7796
4585	7413
5099	7510
5984	7429
3383	7427
7071	7223
7152	7800
66	7637
4918	7358
5493	7360
565	7313
1760	7407
3030	7583
1185	7745
1927	7225
4130	7309
3462	7201
4052	7356
4746	7652
5873	7237
6193	7231
208	7804
3672	7335
381	7631
1788	7407
3362	7525
3396	7807
4439	7504
4824	7273
6087	7344
1598	7592
3915	7809
5588	7277
7134	7575
196	7811
201	7813
2729	7354
4636	7815
5149	7295
5251	7817
5654	7819
6936	7516
1246	7362
4747	7652
4777	7364
4939	7319
3009	7564
4193	7339
5488	7477
5880	7237
150	7822
2869	7384
2209	7317
3210	7389
3756	7824
4712	7646
5073	7275
4784	7364
1534	7249
1713	7827
2848	7747
4276	7263
4319	7450
5879	7237
712	7366
5262	7219
5826	7829
6321	7569
7160	7831
173	7833
2757	7354
3828	7337
3953	7835
7162	7831
222	7837
4750	7652
5362	7372
330	7724
1802	7241
4646	7235
5069	7275
2746	7354
4049	7356
5188	7203
2694	7709
3273	7839
4102	7796
4253	7263
6245	7551
1183	7745
2823	7211
3049	7368
3465	7201
1683	7720
4050	7356
6915	7625
7073	7223
439	7842
731	7370
4782	7364
5714	7479
1674	7764
2659	7846
4413	7504
5196	7203
2277	7329
3193	7389
5769	7485
5882	7237
6526	7536
2875	7384
6916	7625
3884	7849
4690	7646
7138	7575
199	7813
1401	7401
5031	7529
5445	7851
5723	7479
1386	7757
1449	7249
2395	7473
2921	7331
5142	7295
5526	7579
621	7521
2038	7243
2695	7709
3433	7491
358	7289
1757	7407
1948	7225
2502	7699
3190	7389
218	7854
1906	7629
4128	7309
4239	7778
4397	7504
6529	7536
293	7713
4534	7413
1717	7827
4450	7527
7064	7223
809	7857
2155	7433
3517	7597
2048	7243
3837	7859
5191	7203
7048	7257
2822	7211
3008	7564
4446	7527
4748	7652
5138	7295
5675	7697
6742	7506
979	7649
1112	7393
3466	7201
5968	7429
1057	7861
1212	7863
2234	7317
3100	7378
3981	7215
4679	7646
2988	7435
3408	7333
5380	7372
6209	7551
6354	7562
2337	7327
3550	7661
3963	7577
7043	7257
1326	7601
3388	7807
6140	7868
6442	7772
753	7870
1374	7872
2070	7243
4403	7504
5470	7477
1180	7745
3082	7409
4365	7726
4381	7874
4539	7413
4771	7364
430	7842
1221	7877
1445	7249
2716	7354
6494	7247
90	7627
793	7879
1255	7362
3827	7337
4186	7339
6487	7247
2040	7243
3083	7409
3772	7461
6662	7280
171	7833
2273	7329
5277	7219
677	7881
1286	7539
6152	7730
2675	7665
4591	7395
6048	7883
928	7297
2523	7457
6222	7551
411	7495
2714	7354
4634	7815
7178	7831
45	7197
2568	7607
5250	7817
6011	7342
2068	7243
2859	7747
3995	7215
4542	7413
4916	7358
5934	7221
732	7370
2378	7473
5464	7477
6308	7887
1210	7644
1756	7407
2255	7329
3245	7890
3299	7213
5214	7892
5946	7221
1444	7249
2394	7473
2517	7457
4727	7284
5146	7295
3980	7215
5223	7892
5368	7372
781	7894
1917	7225
1666	7764
1806	7241
2339	7327
338	7465
1448	7249
5837	7514
6280	7896
254	7487
612	7521
5781	7898
6155	7730
190	7900
6121	7902
2330	7327
4055	7356
6843	7904
2144	7243
2344	7327
3472	7201
3563	7906
4513	7413
4979	7455
6538	7536
323	7908
996	7649
3241	7389
4312	7263
4402	7504
5024	7529
1314	7913
1698	7541
3470	7201
1895	7629
5094	7510
5598	7277
6519	7247
1798	7241
2058	7243
2629	7915
4974	7455
5833	7917
149	7822
724	7919
1177	7745
3202	7389
3378	7738
3858	7701
738	7921
4766	7364
5409	7323
6736	7531
6978	7923
144	7207
2184	7926
3137	7766
4985	7455
5026	7529
5791	7898
6059	7928
3361	7525
3879	7849
5270	7219
4786	7364
6333	7569
1103	7393
2034	7243
2253	7329
2821	7211
4264	7263
6714	7531
4070	7931
6027	7342
6712	7531
7119	7311
2560	7457
3591	7299
6150	7868
80	7936
209	7804
2207	7317
6369	7562
6528	7536
6935	7516
3006	7564
4485	7527
5587	7277
1002	7792
1659	7939
1953	7225
2870	7384
3945	7941
5853	7943
7066	7223
758	7870
1813	7241
4898	7386
6769	7945
7122	7311
726	7919
1605	7592
1705	7947
4158	7309
4313	7263
4718	7284
5259	7817
5597	7277
5852	7943
5937	7221
6478	7247
6918	7625
40	7951
1734	7785
1933	7225
1942	7225
3586	7299
4763	7364
754	7870
1047	7321
3096	7378
3664	7954
246	7956
2952	7610
3358	7958
1805	7241
5057	7960
6274	7689
202	7813
244	7963
1894	7629
2345	7327
2956	7610
3467	7201
7121	7311
536	7313
1941	7225
2812	7354
3079	7409
4647	7235
7132	7575
641	7497
3101	7378
3806	7683
4440	7504
4764	7364
4776	7364
5473	7477
5557	7512
6537	7536
6875	7965
7186	7967
4221	7448
4532	7413
6799	7706
882	7969
939	7297
4540	7413
4633	7815
5972	7429
6744	7506
465	7971
3580	7973
5851	7943
1667	7764
5579	7512
6267	7976
4772	7364
6202	7551
3588	7299
6530	7536
1403	7401
1582	7623
4658	7293
782	7978
2057	7243
7040	7774
684	7581
1939	7225
2204	7317
41	7951
3255	7621
5831	7917
1101	7393
2732	7354
3192	7389
3863	7701
4823	7273
2904	7259
4976	7455
2753	7354
5603	7277
6968	7265
1384	7757
3875	7701
4404	7504
1908	7225
3648	7982
3657	7670
3919	7809
645	7497
1463	7249
1684	7720
1960	7225
3745	7986
4054	7356
4512	7413
5092	7510
5658	7819
39	7951
383	7631
1453	7249
3196	7389
5271	7219
5305	7419
6788	7988
180	7990
3855	7992
5326	7255
6983	7923
7007	7774
5252	7817
5636	7439
2997	7728
3360	7525
3836	7859
1399	7401
1447	7249
3976	7215
4350	7994
5740	7479
7116	7311
2045	7243
6829	7549
7136	7575
1355	7291
2081	7243
4463	7527
6372	7562
6402	7562
713	7366
2987	7435
3410	7333
5876	7237
7072	7223
1176	7745
3189	7389
4622	7560
5075	7275
5500	7998
512	7783
535	8000
1053	7499
2719	7354
5517	7579
6825	7549
1545	7267
3306	8002
3983	7215
5471	7477
6956	7417
2892	7384
3860	7701
5180	7295
79	7936
2216	7317
3390	7807
4168	7229
5340	8004
7045	7257
7104	7742
2066	7243
4453	7527
6153	7730
806	8006
2569	7607
2750	7354
3722	7301
6874	7965
6360	7562
6572	7677
346	8008
377	7631
2333	7327
4068	7931
525	7555
558	7313
757	7870
2156	7433
3906	7227
51	7197
1258	7362
3754	7824
1624	7352
3330	7633
4262	7263
3310	7271
6555	7536
6912	7261
1856	7241
4595	7395
5789	7898
1290	7539
2075	7243
6955	7417
2601	7642
3469	7201
5508	8012
6310	7887
6457	7415
200	7813
702	7581
1065	7471
1462	7249
1920	7225
5416	7323
6004	7342
4161	7229
4678	7646
5713	7479
76	7936
379	7631
3365	7525
5782	7898
5815	7718
7098	7223
2141	7243
2745	7354
3050	7368
5774	8016
6156	7730
7151	7800
2840	7747
4749	7652
5101	7510
5346	8004
5468	7477
5890	7237
927	7297
1005	7792
1819	7241
2600	7642
4325	7450
6762	8018
92	7627
1451	7249
3721	7301
5216	7892
5266	7219
895	7282
1533	7249
1792	7241
4085	7382
880	7969
3812	7683
5997	8020
6415	7553
48	7197
49	7197
636	7521
2896	7259
4412	7504
1287	7539
4265	7263
4835	7475
4972	7455
6430	8023
299	7467
983	7649
1063	7471
4134	7309
5304	7419
1473	7249
2522	7457
537	7313
1425	7380
3264	7305
4770	7364
3686	7335
6976	7265
476	8027
4919	7358
6031	7545
1078	7397
1911	7225
5268	7219
2752	7354
685	7581
980	7649
1379	8029
1535	7249
1549	7267
4099	7796
4909	8031
5655	7819
913	8033
2177	7926
4511	7413
4969	7776
5522	7579
110	8036
522	7555
775	7209
777	7894
3755	7824
4451	7527
5184	7203
5941	7221
6253	7405
7075	7223
1475	7249
1720	7827
2918	7331
2950	7610
3746	7986
5076	7275
1353	7732
2901	7259
3208	7389
6251	7405
2692	7709
2844	7747
4769	7364
5590	7277
5825	7829
6652	7280
5143	7295
128	7205
678	7881
3081	7409
3271	7839
4180	7339
6895	7261
2183	7926
3453	7201
5987	8020
1392	7757
1469	7249
3881	7849
5854	7943
6480	7247
1079	7397
1820	7241
2676	7665
8	7573
444	7441
1083	7397
941	7297
2733	7354
3887	7849
7180	7967
485	8027
1345	7601
3674	7335
4908	8031
6086	7344
6710	7531
1084	7397
4261	7263
6073	8044
6182	7635
6439	8023
158	8047
3061	7459
2372	7473
3676	7335
4921	7358
5390	7287
6761	8018
155	8049
1814	7241
2571	7607
3212	7389
3793	8051
3954	7835
4827	7273
6189	7231
6740	7506
342	8008
1954	7225
2874	7384
1892	7629
2808	7354
3835	7859
5220	7892
6565	7677
135	7207
2465	7303
3667	7954
5049	7654
5494	7360
6088	7344
6105	7346
1432	7508
4082	7382
4519	7413
4935	7319
5263	7219
6223	7551
6616	7547
467	7971
2738	7354
5071	7275
6701	7531
6798	7706
7167	7831
5812	7718
2666	7269
3883	7849
4584	7413
4984	7455
5145	7295
767	7209
848	7749
3458	7201
4720	7284
4398	7504
4521	7413
4524	7413
7015	7774
4109	7796
4138	7309
4510	7413
1430	7508
5520	7579
5720	7479
6304	7887
4635	7815
6670	7280
1211	7863
2810	7354
3456	7201
6337	7348
6997	7493
3527	8053
4933	7319
6001	7342
6363	7562
605	7313
1108	7393
1578	7623
3173	7769
3838	7859
4768	7364
2080	7243
2186	7926
3305	8002
230	7325
795	7615
1745	8056
6299	8058
6536	7536
478	8027
843	7749
1707	7947
2203	7317
3516	7597
5626	7277
6339	7348
6778	7571
2943	7331
4915	7358
5247	7817
5599	7277
2241	7329
4358	7588
4682	7646
277	8062
5596	7277
6525	7536
213	7804
1288	7539
3194	7389
3907	7227
6917	7625
1812	7241
3412	7333
3718	7301
3889	7849
4975	7455
6079	8065
6532	7536
3822	7683
181	7990
898	7282
1961	7225
3085	7409
1465	7249
2487	7699
6717	7531
1220	7877
3201	7389
3524	7597
1940	7225
2841	7747
5822	7718
6206	7551
6655	7280
1143	7425
2807	7354
3716	7301
4775	7364
6137	7868
618	7521
2385	7473
3965	7577
6878	7965
931	7297
3283	7711
5027	7529
5848	7943
2173	7433
3562	7906
3846	7859
4393	7504
5435	8073
1888	7629
2051	7243
5637	7439
468	7971
2251	7329
3809	7683
5068	7275
6758	8075
2371	7473
2715	7354
4081	7382
6214	7551
6752	7444
539	7313
1060	8077
4673	7293
6787	7988
3994	7215
5343	8004
5449	7851
5504	8081
5711	8083
6599	7695
1677	8085
2642	7558
4001	7215
4003	7215
5369	7372
2341	7327
3535	7533
6871	7965
1007	7792
3051	7368
4686	7646
425	7842
556	7313
3639	8087
1461	7249
6170	8089
116	7421
1134	7425
2263	7329
2576	7607
3031	7583
3323	8091
5878	7237
260	8093
2424	7473
6665	7280
822	7376
2744	7354
3153	8095
3515	7597
4004	7215
5589	7277
6594	7695
755	7870
1315	7913
6937	7516
552	7313
911	8097
3032	7583
5345	8004
6493	7247
4408	7504
1733	7785
1795	7241
5219	7892
5718	7479
5849	7943
6353	7562
2578	7607
6598	7695
191	7900
2525	7457
2837	7211
6322	7569
264	8100
2269	7329
4840	7475
2175	7926
2633	7915
3742	7301
6977	7923
6220	7551
3804	7683
6138	7868
31	8104
5660	7819
2211	7317
4459	7527
4843	7475
5467	7477
6413	7553
6868	8106
1283	7362
1929	7225
4395	7504
4648	7235
3861	7701
6523	7536
429	7842
1184	7745
1566	7267
1637	7352
1675	8085
2713	7354
4685	7646
5218	7892
5387	7287
604	7313
1395	7762
3011	7564
3787	8051
5628	7277
1761	7407
2639	7558
4104	7796
4409	7504
6408	7553
474	8027
1385	7757
3047	7368
5649	8111
6287	7736
1249	7362
2826	7211
6705	7531
136	7207
2575	7607
1457	7249
1553	7267
3010	7564
6120	7902
6172	8089
423	7842
2927	7331
4107	7796
4597	7395
6495	7247
3149	8095
1937	7225
2392	7473
2562	7457
6786	7988
6844	7904
5807	7898
2381	7473
3363	7525
6483	7247
486	7452
6459	7415
6527	7536
33	8104
273	8114
814	8116
870	7749
1944	7225
2252	7329
3567	7906
6485	7247
6660	7280
105	8120
165	7640
836	7749
1331	7601
2235	7317
3063	7459
4773	7364
7185	7967
1808	7241
2432	7675
6567	7677
3004	7564
3757	7824
7099	7223
307	7374
1011	7792
1951	7225
1959	7225
4100	7796
4187	7339
4270	7263
1137	7425
3649	7982
881	7969
1483	7249
1618	7352
1799	7241
5217	7892
5856	7943
6800	7706
6860	8106
6991	7923
269	8124
3321	8091
5875	7237
65	7637
2866	7384
4779	7364
6221	7551
6628	7547
11	7573
1003	7792
2346	7327
2596	7642
3352	8126
5295	7219
5752	7485
6569	7677
6766	7945
2972	8130
3169	7769
3356	8126
3707	7301
4455	7527
378	7631
4066	7356
4076	8134
2182	7926
1912	7225
6204	7551
6950	7417
2382	7473
1242	7446
2483	7699
3711	7301
4741	7284
5703	8083
2019	7225
3457	7201
4938	7319
5507	8012
6203	7551
1759	7407
3058	7459
3714	7301
969	7297
2254	7329
3454	7201
3617	7307
5412	7323
919	8141
1719	7827
3151	8095
6840	7549
2065	7243
2268	7329
2902	7259
4362	7726
4583	7413
4603	7395
4992	7455
7	7573
324	7908
2160	7433
1110	7393
1930	7225
3195	7389
3629	7691
1880	8144
2172	7433
2867	7384
4528	7413
6666	7280
2329	7327
3206	7389
2052	7243
5131	7295
5405	7287
2516	7457
3280	7711
3974	7577
1245	7362
3944	7941
5093	7510
6349	7562
6757	8075
1350	7732
524	7555
1712	7827
1794	7241
2924	7331
5178	7295
6139	7868
6650	7547
7018	7774
6366	7562
833	7749
1030	8149
1714	7827
4051	7356
5593	7277
5659	7819
554	7313
1061	8077
6741	7506
7016	7774
6054	8151
691	7581
938	7297
1916	7225
4711	7646
5385	7287
5527	7579
2947	7610
3978	7215
5089	7510
5211	7203
7120	7311
1128	7425
2383	7473
3653	7670
4271	7263
4462	7527
5058	7960
5895	7237
6703	7531
2243	7329
4411	7504
1330	7601
6489	7247
1200	7644
4722	7284
4742	7284
3028	7583
3790	8051
3864	7701
3886	7849
4684	7646
1293	7539
3644	8153
3834	7859
4407	7504
5185	7203
6713	7531
6777	7571
6	7573
427	7842
1377	8029
5032	7529
5428	7323
5462	7477
6362	7562
6903	7261
844	7749
1013	7792
2064	7243
2176	7926
4936	7319
6066	7751
689	7581
1876	8144
2390	7473
2466	7303
3285	7711
5134	7295
871	7749
1131	7425
1479	7249
3188	7389
3758	7824
4515	7413
5532	7579
6406	7553
544	7313
564	7313
797	7615
2185	7926
2723	7354
3120	7672
3720	7301
4717	7284
5055	7960
6268	7976
6432	8023
1686	7720
2735	7354
5683	8156
6828	7549
516	7783
3398	7687
4757	7652
6046	7883
6181	7635
6364	7562
2755	7354
6856	8106
6000	7342
3925	7663
5582	7277
6880	7965
638	7497
4378	7874
5867	7943
3680	7335
3878	7849
5452	8160
1252	7362
2621	8162
6481	7247
3005	7564
4543	7413
4878	7599
5386	7287
838	7749
1743	8056
4088	7382
6896	7261
1354	7291
3139	7766
3185	7769
6570	7677
2845	7747
3319	7271
3641	8153
4600	7395
4959	7776
5225	7892
6979	7923
1402	7401
4882	7659
6030	7545
1136	7425
1236	7446
3966	7577
4940	7319
1006	7792
1554	7267
1643	7199
2050	7243
3263	7305
3851	7992
4126	7309
5028	7529
1010	7792
1349	7732
2529	7457
4040	7215
4260	7263
6034	7545
6183	7635
331	7724
3585	7299
1167	7619
3060	7459
4346	8168
114	7421
1077	7397
3240	7389
3459	7201
5970	7429
3882	7849
5591	7277
7006	7774
3322	8091
5020	7455
541	7313
849	7749
903	8170
3295	8172
4879	7659
4891	8174
5989	8020
6797	7706
2270	7329
5072	7275
5600	7277
6261	7405
6318	7569
3996	7215
5595	7277
225	8177
644	7497
2023	7225
2726	7354
3209	7389
5565	7512
5830	7917
530	8000
659	7755
2572	7607
4625	7560
4896	7386
2368	7327
5384	7287
159	8047
1435	7508
1934	7225
2825	7211
6002	7342
374	7631
5971	7429
6870	7965
1229	8181
3474	7201
4971	7455
20	7573
148	7704
2334	7327
2974	8130
5095	7510
2386	7473
2604	7642
5102	7510
5850	7943
6208	7551
6212	7551
490	7452
2641	7558
3673	7335
4920	7358
5192	7203
2154	7433
2740	7354
4344	8168
5832	7917
6142	7868
1135	7425
3602	7307
4890	8174
5023	7529
5556	7512
5745	7485
6898	7261
2953	7610
2975	8130
6776	7571
1956	7225
3509	7201
5363	7372
6663	7280
400	7631
5487	7477
6562	7677
611	7521
3679	7335
2142	7243
2272	7329
2511	7457
6657	7280
3064	7459
3409	7333
3703	7335
6784	7571
725	7919
817	7431
846	7749
3665	7954
6475	7247
284	8188
912	8033
1476	7249
1909	7225
1947	7225
2634	8190
6456	7415
977	7649
1537	7249
6982	7923
1310	7539
1359	7291
2976	8130
4238	7778
6078	8065
7166	7831
372	7631
1133	7425
1706	7947
3540	7533
4862	7693
2986	7435
4380	7874
6445	7772
2709	7354
3127	7722
3984	7215
5298	7419
6819	7706
6998	7493
289	8193
1328	7601
1797	7241
2056	7243
4188	7339
5627	7277
5927	7237
6842	7904
304	8195
447	7441
1045	7321
3533	8053
4255	7263
687	7581
2077	7243
6085	7344
7049	7257
2159	7433
4899	7386
5059	7960
5696	8198
1106	7393
4281	7263
4492	7217
4837	7475
1687	7720
5436	8073
6191	7231
6671	7280
6672	7280
7150	7800
3187	7389
6619	7547
445	7441
936	7297
4531	7413
6045	7883
1046	7321
2734	7354
4105	7796
5750	7485
6218	7551
428	7842
1107	7393
2598	7642
3551	7661
5056	7960
5303	7419
5682	8156
6213	7551
6852	7904
553	7313
3939	7251
4623	7560
5492	7360
840	7749
2264	7329
669	7740
2876	7384
2915	7259
2917	7331
1370	7872
1604	7592
3658	8203
1742	8056
3171	7769
5883	7237
6876	7965
1132	7425
1818	7241
1874	7315
2718	7354
4448	7527
4988	7455
1935	7225
3929	7595
368	7289
610	7521
1400	7401
2460	7303
3152	8095
3329	7633
4322	7450
5695	8198
752	7870
4724	7284
6058	7928
976	7649
3479	7201
4335	7253
7010	7774
352	7289
5025	7529
6649	7547
6801	7706
2274	7329
3296	8172
4443	7527
1758	7407
3839	7859
4047	7356
4164	7229
4342	7253
918	8141
3033	7583
1590	7403
1804	7241
551	7313
7159	7831
742	7921
2948	7610
3434	7491
3885	7849
3914	7809
6281	7896
6980	7923
784	7978
1237	7446
2485	7699
3600	7307
4655	7235
5272	7219
6873	7965
315	7239
1938	7225
5525	7579
568	7313
737	7921
2710	7354
4861	7693
5275	7219
679	7881
2512	7457
3432	7491
3621	7245
5933	7221
6288	7736
3982	7215
7113	7742
2391	7473
2864	7384
3154	8095
885	7969
6127	7656
1665	7764
3605	7307
3685	7335
1459	7249
2247	7329
2693	7709
4859	7693
5141	7295
635	7521
1073	7471
1484	7249
5528	7579
5784	7898
5942	7221
6827	7549
3538	7533
4518	7413
7106	7742
187	8212
831	7749
1111	7393
2842	7747
2865	7384
4621	7560
6716	7531
6743	7506
7021	7774
1921	7225
778	7894
2742	7354
6623	7547
460	7604
1138	7425
1219	7877
3619	7245
4083	7382
1715	7827
3857	7701
5344	8004
344	8008
2331	7327
67	7637
382	7631
1477	7249
1943	7225
2712	7354
4601	7395
5787	7898
3062	7459
6802	7706
1762	7407
5195	7203
2690	7709
3279	7711
3391	7807
3713	7301
4087	7382
1548	7267
2749	7354
3414	7333
7011	7774
257	7487
473	8027
2728	7354
5130	7295
6188	7231
1752	7407
1866	7315
2647	7558
4167	7229
5877	7237
6361	7562
2062	7243
6410	7553
2037	7243
4273	7263
4833	7273
4887	7659
5444	7851
5457	8217
5657	7819
3203	7389
6286	7736
1431	7508
2380	7473
3964	7577
4444	7527
5586	7277
6626	7547
310	7239
2043	7243
5044	7529
7164	7831
1730	7827
5779	7898
6855	8106
7063	7223
549	7313
4097	7382
710	7366
998	7523
1289	7539
3198	7389
4223	7448
4778	7364
3723	7301
3985	7215
4765	7364
4458	7527
5339	8004
6566	7677
884	7969
2214	7317
6351	7562
1035	8222
3683	7335
1163	7425
4254	7263
5213	7892
5294	7219
6824	7549
7014	7774
1356	7291
3473	7201
3766	7461
4182	7339
1316	7913
1368	7872
1619	7352
3791	8051
3888	7849
4343	8168
4392	7504
5048	7654
5414	7323
5813	7718
1175	7745
2754	7354
2900	7259
4523	7413
6169	8089
4129	7309
6822	7549
272	8114
1360	7291
2084	7243
5702	8083
6595	7695
841	7749
3366	7525
4243	7778
1855	7241
2618	8162
4691	7646
7184	7967
1949	7225
2983	7435
4406	7504
4533	7413
5091	7510
6614	7547
6629	7547
4179	7339
164	7640
2638	7558
3337	7437
3435	7491
4137	7309
6211	7551
1004	7792
1603	7592
2323	7329
3452	7201
3949	7941
4217	7448
4376	7874
4689	7646
6348	7562
3764	7824
5561	7512
5935	7221
6357	7562
924	8141
2347	7327
3204	7389
5365	7372
6113	8228
38	8104
2661	7846
5129	7295
380	7631
2531	7457
6859	8106
7117	7311
1810	7241
4280	7263
3341	7437
4489	7217
7133	7575
22	7489
3027	7583
3029	7583
3951	7835
7012	7774
267	7716
676	7881
1889	7629
1890	7629
2591	7607
3642	8153
5224	7892
5772	8016
1599	7592
3132	7411
4844	7475
920	8141
1369	7872
1807	7241
2630	7915
2839	7747
4321	7450
5986	8020
1796	7241
2944	7331
5126	7295
5443	7851
6167	8089
2574	7607
3048	7368
3463	7201
749	8231
1129	7425
3350	7437
4517	7413
7009	7774
1863	7315
3012	7564
3952	7835
4869	7693
5030	7529
2082	7243
3710	7301
6460	7415
6669	7280
835	7749
1680	7720
1716	7827
3578	7973
4074	8134
5999	7342
6367	7562
5564	7512
5697	8198
7183	7967
620	7521
1913	7225
5686	7612
847	7749
1085	7397
1376	8029
4275	7263
4490	7217
6938	7516
27	8235
3438	7491
3848	7992
5226	7892
5410	7323
5725	7479
6492	7247
6704	7531
1486	7249
5743	7485
109	8036
1036	8222
2441	7675
2898	7259
3415	7333
5325	7255
5838	7514
357	7289
4178	7339
6129	7656
1547	7267
4906	8031
660	7755
1186	7745
4447	7527
6091	7344
904	8170
1214	7863
3246	7890
940	7297
944	7297
3413	7333
3767	7461
4454	7527
7187	7967
3397	7687
6108	7346
802	7685
1291	7539
1932	7225
2519	7457
6770	8237
1697	7541
2743	7354
3254	7621
6273	7689
2697	7709
3849	7992
7149	7800
2619	8162
6446	7772
186	8212
766	7209
1443	7249
4721	7284
6486	7247
2863	7384
2872	7384
4399	7504
4410	7504
4514	7413
6335	7348
786	7978
917	8141
1767	7407
3455	7201
4841	7475
5656	7819
137	7207
1615	7592
2680	7665
4320	7450
5320	7255
3637	7469
5788	7898
6462	7415
4101	7796
5926	7237
1294	7539
2060	7243
2433	7675
4537	7413
5519	7579
1918	7225
1926	7225
2258	7329
2707	7709
2751	7354
4041	7215
2259	7329
3643	8153
4183	7339
6573	7677
1450	7249
1957	7225
1958	7225
2456	7675
4529	7413
5521	7579
6440	7772
226	8177
1332	7601
1571	7518
1580	7623
3314	7271
6535	7536
6794	7706
1168	7619
1763	7407
5147	7295
405	7495
2508	7457
4377	7874
6317	7569
6929	7625
907	8097
1075	7397
1800	7241
2033	7243
2035	7243
4069	7931
4257	7263
4596	7395
247	7956
326	8245
1282	7362
2374	7473
3167	7769
4108	7796
4486	7527
376	7631
748	8231
5391	7287
138	7207
475	8027
567	7313
929	7297
2462	7303
7044	7257
443	7441
968	7297
1764	7407
4599	7395
5814	7718
6297	8058
818	7431
1865	7315
2393	7473
3528	8053
5382	7287
5531	7579
6474	7247
2463	7303
883	7969
1034	8222
1181	7745
2455	7675
3080	7409
4522	7413
6899	7261
1740	7785
6857	8106
2467	7303
236	8248
477	8027
2955	7610
179	8250
545	7313
603	7313
643	7497
1012	7792
5742	7485
6957	7417
3554	7661
5524	7579
6846	7904
466	7971
1787	7407
504	8252
926	7297
1919	7225
3399	7687
5773	8016
238	8248
1768	7407
2205	7317
2561	7457
3607	7307
6708	7531
3411	7333
4222	7448
214	8254
978	7649
1406	7401
2022	7225
4525	7413
3677	7335
1419	8256
4337	7253
1642	7199
2049	7243
2660	7846
6106	7346
4216	7448
4987	7455
5839	7514
6063	8258
543	7313
690	7581
1569	7518
5840	7514
7079	7223
1711	7947
4860	7693
7070	7223
5453	8160
28	8235
3272	7839
3634	7469
2387	7473
3599	7307
5634	7439
2567	7607
2597	7642
5342	8004
5638	7439
614	7521
2678	7665
4889	8174
5360	7372
6171	8089
7135	7575
5389	7287
5648	8111
2922	7331
1923	7225
6035	7545
329	7724
1081	7397
2505	7457
5690	7790
5778	8016
6136	7868
61	7197
1243	7362
2039	7243
4266	7263
4662	7293
4688	7646
6356	7562
6947	7516
7068	7223
2213	7317
4493	7217
5744	7485
5885	7237
1931	7225
3960	7835
6103	7344
6370	7562
4664	7293
1811	7241
4185	7339
4598	7395
6709	7531
1467	7249
3118	7378
3464	7201
4220	7448
6531	7536
7163	7831
1182	7745
1213	7863
1418	8256
3270	7839
3312	7271
3769	7461
4932	7319
4960	7776
6285	7736
7061	7257
5273	7219
6711	7531
237	8248
1357	7291
686	7581
3477	7201
502	8252
2046	7243
4110	7796
4836	7475
2687	7665
3122	7672
3709	7301
3792	8051
5243	7892
104	8120
946	7297
1313	7913
2396	7473
3175	7769
4140	7309
4508	7413
6118	7902
1378	8029
6371	7562
6620	7547
6804	7706
239	8248
371	7631
2042	7243
3577	7973
4961	7776
1169	7619
3097	7378
5503	8081
6126	7902
6617	7547
2615	7642
3342	7437
5227	7892
886	7969
2145	7243
7161	7831
2206	7317
4645	7235
5137	7295
5140	7295
5417	7323
2819	7211
3104	7378
3170	7769
3281	7711
4123	7796
5706	8083
4457	7527
5716	7479
6920	7625
6995	7493
1455	7249
2342	7327
3856	7701
4449	7527
5103	7510
5633	7439
421	7495
3903	7849
4379	7874
5893	7237
1879	8144
3168	7769
6083	7344
6484	7247
6618	7547
356	7289
3155	8095
3382	7427
4241	7778
4977	7455
6667	7280
1472	7249
6012	7342
6654	7280
1254	7362
1922	7225
5650	8111
5694	8198
6119	7902
1936	7225
4103	7796
4460	7527
5704	8083
6441	7772
5123	7295
6324	7569
3379	7738
4237	7778
5060	7960
5120	7510
5824	7829
6008	7342
198	7813
2827	7211
1466	7249
2577	7607
3943	7941
5098	7510
6854	8106
9	7573
74	7936
5855	7943
5964	7221
942	7297
4993	7455
5661	7819
542	7313
3103	7378
4957	7776
6005	7342
3747	7986
4212	7339
5705	8083
5988	8020
6858	8106
32	8104
262	8276
705	8278
1751	7407
3460	7201
3579	7973
6600	7695
1227	8181
1441	7508
1460	7249
7182	7967
602	7313
2436	7675
1485	7249
2951	7610
4132	7309
4351	7994
4394	7504
4845	7475
5132	7295
5792	7898
6246	7551
2635	8190
4716	7284
355	7289
555	7313
2367	7327
4767	7364
5267	7219
5965	7221
217	7854
2809	7354
3921	7233
4983	7455
6090	7344
2178	7926
3666	7954
3678	7335
4536	7413
1487	7249
4075	8134
215	8254
531	8000
6659	7280
559	7313
3620	7245
6338	7348
6355	7562
6411	7553
1322	7601
2153	7433
4135	7309
6753	7444
2657	7558
6715	7531
2261	7329
3802	8051
566	7313
845	7749
945	7297
1179	7745
3788	8051
5088	7510
5872	7237
7130	7311
2157	7433
3248	7890
3606	7307
3741	7301
52	7197
75	7936
1718	7827
2570	7607
4825	7273
5790	7898
6072	8044
6275	7689
133	7207
157	8047
4981	7455
332	7724
2946	7610
5674	7697
3526	8053
4007	7215
5367	7372
5451	8160
6062	8258
1064	7471
3993	7215
1026	7792
2973	8130
5662	7819
5969	7429
6624	7547
529	8000
1809	7241
2055	7243
3073	8285
4251	7778
4357	7588
5786	7898
982	7649
1695	7720
3768	7461
5749	7485
6431	8023
6433	8023
6760	8018
7077	7223
5222	7892
5785	7898
5990	8020
6893	7965
78	7936
540	7313
1452	7249
2464	7303
4053	7356
6615	7547
408	7495
1164	7425
6966	7417
1915	7225
2818	7211
2949	7610
3702	7335
4396	7504
5529	7579
3675	7335
4680	7646
5244	7892
124	7421
5148	7295
5187	7203
409	7495
2152	7433
3604	7307
4136	7309
736	7921
5338	8004
5510	8012
6205	7551
6571	7677
6881	7965
1793	7241
2335	7327
2689	7709
4643	7815
6490	7247
7046	7257
2438	7675
7047	7257
1429	7380
1570	7518
1744	8056
2846	7747
3211	7389
3468	7201
3825	7337
4277	7263
5530	7579
6296	8058
271	8114
2338	7327
3928	7663
1086	7397
1228	8181
2036	7243
3102	7378
3997	7215
6219	7551
6309	7887
6359	7562
404	7495
514	7783
1248	7362
6611	7695
6621	7547
278	8062
4218	7448
4723	7284
6596	7695
875	7483
2275	7329
2524	7457
3999	7215
5358	8004
6461	7415
1325	7601
1470	7249
1601	7592
1685	7720
6320	7569
5874	7237
2679	7665
2208	7317
2669	7269
6653	7280
1891	7629
2041	7243
3430	7491
3962	7577
6656	7280
6793	7706
1080	7397
3437	7491
4761	7364
231	7325
2603	7642
2928	7331
442	7441
1037	8222
1321	7601
1803	7241
6482	7247
6556	7536
2620	8162
2926	7331
3771	7461
3789	8051
6006	7342
896	7282
1952	7225
2484	7699
2520	7457
5888	7237
7039	7774
7103	7742
656	7497
3862	7701
3712	7301
4456	7527
6250	7405
6488	7247
7067	7223
7181	7967
6914	7625
2429	7675
4189	7339
1141	7425
513	7783
2843	7747
4000	7215
5090	7510
5722	7479
6707	7531
459	7604
706	8278
2377	7473
3320	8091
4259	7263
4278	7263
671	7740
1082	7397
1644	7199
1946	7225
2506	7457
6217	7551
2240	7329
2725	7354
3810	7683
5193	7203
5319	7255
6845	7904
2437	7675
3405	7333
5881	7237
6803	7706
6981	7923
3510	7201
7069	7223
2748	7354
4989	7455
5248	7817
6771	8237
670	7740
6897	7261
3150	8095
3471	7201
3552	7661
5974	7429
4	8298
189	7900
5847	7943
619	7521
2515	7457
5393	7287
5299	7419
5323	7255
6298	8058
6612	7695
6949	7417
2644	7558
3427	7333
6695	7280
839	7749
1481	7249
1878	8144
3389	7807
4687	7646
4817	7364
6796	7706
3	7463
613	7521
3247	7890
4994	7455
64	7637
1044	8222
6401	7562
3172	7769
4400	7504
4973	7455
6187	7635
785	7978
825	7376
1127	7425
1480	7249
2389	7473
2920	7331
3353	8126
6568	7677
46	7197
1051	7499
1732	7785
2739	7354
4526	7413
6879	7965
2073	7243
2439	7675
2599	7642
3880	7849
3660	8203
4494	7217
2161	7433
3282	7711
3298	7213
3525	8053
4520	7413
5221	7892
5302	7419
5458	8217
6157	7730
5413	7323
2267	7329
5672	7819
5931	7221
5944	7221
2376	7473
3148	8095
248	7956
1581	7623
5249	7817
6443	7772
1657	7939
5509	8012
5128	7295
6007	7342
7017	7774
2202	7317
1038	8222
4345	8168
4785	7364
5125	7295
6114	8228
7107	7742
2461	7303
2513	7457
2617	8162
4632	7815
5321	7255
5747	7485
4624	7560
281	8062
1699	7541
2083	7243
6201	7231
2662	7846
3262	7305
3598	7299
4535	7413
6658	7280
1292	7539
91	7627
2691	7709
3034	7583
3205	7389
3988	7215
5383	7287
5940	7221
1552	7267
2257	7329
2262	7329
3311	7271
4491	7217
5366	7372
6700	7531
6877	7965
3553	7661
1008	7792
1142	7425
1464	7249
1877	8144
1955	7225
805	8006
3147	8095
3850	7992
4780	7364
7013	7774
118	7421
127	7205
666	8308
769	7209
1864	7315
2595	7642
6994	7493
4516	7413
4774	7364
6305	7887
6951	7417
172	7833
1297	7539
1858	7241
3436	7491
4263	7263
5552	7579
489	7452
1417	8256
2373	7473
4177	7339
6269	7976
830	7749
4663	7293
5896	7237
837	7749
4505	7217
4594	7395
4907	8031
6427	7553
1139	7425
2053	7243
2071	7243
5566	7512
5602	7277
343	8008
4592	7395
5316	7419
5886	7237
1235	7446
3932	7595
975	7649
1896	7629
2030	7243
2388	7473
2923	7331
4165	7229
4538	7413
5768	7485
5780	7898
6047	7883
6036	7545
6082	8065
6350	7562
359	7289
2899	7259
6661	7280
1358	7291
2646	7558
12	7573
298	7467
384	7631
1125	7393
2200	7926
6307	7887
373	7631
3000	7728
4900	7386
6872	7965
743	7667
1104	7393
1244	7362
1817	7241
5430	8315
2985	7435
5186	7203
5300	7419
5560	7512
832	7749
1130	7425
4367	7726
6306	7887
6564	7677
89	7627
933	7297
2059	7243
2674	7269
3146	8095
4256	7263
5555	7512
5632	7439
6563	7677
503	8252
1178	7745
2215	7317
4452	7527
6373	7562
6597	7695
7105	7742
2340	7327
3357	7958
6168	8089
615	7521
723	7919
4352	7994
424	7842
688	7581
1867	7315
2020	7225
2336	7327
2486	7699
3165	8095
3808	7683
4390	7874
4819	7364
908	8097
3770	7461
4617	7395
4872	7599
5096	7510
538	7313
609	7521
3077	8320
1109	7393
4219	7448
5472	7477
1543	7267
3992	7215
6534	7536
93	7627
783	7978
1202	7644
1295	7539
1544	7267
1945	7225
2423	7473
4127	7309
6664	7280
345	8008
2199	7926
4314	7263
5047	7654
812	8322
1029	8149
1550	7267
2078	7243
2756	7354
5189	7203
5341	8004
7078	7223
2072	7243
3877	7849
1625	7352
2180	7926
2727	7354
4677	7646
5945	7221
177	8250
258	8325
4991	7455
5364	7372
7019	7774
1755	7407
3144	7766
501	8252
646	7497
1260	7362
1620	7352
1645	7199
2238	7329
3811	7683
4986	7455
7165	7831
77	7936
303	8195
3942	7941
4006	7215
5074	7275
5754	7485
5783	7898
2217	7317
2507	7457
3197	7389
3659	8203
3786	8051
4005	7215
509	8328
2490	7699
3715	7301
5559	7512
842	7749
1928	7225
2999	7728
4495	7217
5324	7255
5594	7277
5892	7237
560	7313
970	7297
1256	7362
1257	7362
3476	7201
5347	8004
6358	7562
7158	7831
1656	7939
1676	8085
3338	7437
4676	7646
4881	7659
7020	7774
1664	7939
2061	7243
2521	7457
3026	7583
3074	8285
5127	7295
4139	7309
5501	7998
6009	7342
2244	7329
6158	7730
117	7421
426	7842
2741	7354
3569	7501
4048	7356
3099	7378
4364	7726
1924	7225
2246	7329
2489	7699
6458	7415
714	7366
2032	7243
2509	7457
3239	7389
126	7205
3340	7437
7147	7575
1658	7939
3539	7533
3719	7301
6900	7261
1105	7393
2179	7926
2871	7384
6263	8332
1434	7508
2248	7329
3931	7595
5215	7892
5515	8012
6954	7417
1424	7380
2271	7329
4917	7358
4982	7455
5461	7477
5751	7485
1482	7249
4166	7229
4326	7450
5318	7255
311	7239
4405	7504
6141	7868
824	7376
935	7297
5465	7477
6210	7551
2181	7926
4674	7646
6590	7677
6934	7516
1327	7601
3807	7683
4930	7358
4978	7455
6130	7656
1471	7249
1602	7592
1962	7225
3638	8087
3748	7986
5869	7237
6071	8044
6630	7547
291	8193
2459	7303
2510	7457
2518	7457
2528	7457
2530	7457
1950	7225
2140	7243
3570	7501
6826	7549
1458	7249
6524	7536
95	7627
704	8278
756	7870
2242	7329
4956	7776
6262	8332
6696	7280
2628	7915
3824	7337
4184	7339
4382	7874
6625	7547
3284	7711
3324	8091
6096	7344
1679	8085
3052	7368
7034	7774
3522	7597
4209	7339
5278	7219
204	7813
4544	7413
5731	7479
589	7313
1366	7291
5041	7529
874	7749
3440	7491
3640	8087
4018	7215
6765	8018
1998	7225
2446	7675
5567	7512
5699	8198
5348	8004
5962	7221
6429	7553
1421	8256
2772	7354
3163	8095
4149	7309
4875	7599
6134	7656
1558	7267
6542	7536
2964	7610
4696	7646
4864	7693
5976	7429
6548	7536
6748	7506
3671	7954
2327	7329
3495	7201
582	7313
1577	7518
4121	7796
5673	7819
6890	7965
131	7205
2132	7243
4876	7599
5177	7295
6330	7569
2608	7642
3234	7389
3416	7333
395	7631
1830	7241
2797	7354
3119	7378
242	8248
388	7631
1904	7629
2558	7457
4431	7504
4834	7273
5816	7718
6606	7695
6673	7280
2930	7331
3278	7839
3841	7859
3901	7849
5514	8012
1097	7397
1226	7877
3181	7769
5370	7372
5858	7943
448	7441
910	8097
2127	7243
3002	7728
5290	7219
6375	7562
3483	7201
3595	7299
5008	7455
1333	7601
1884	8144
6756	7444
7170	7831
98	7627
4805	7364
1499	7249
2222	7317
3738	7301
5902	7237
72	7637
1663	7939
3125	7672
3761	7824
5758	7485
1845	7241
2583	7607
3421	7333
4829	7273
5729	7479
1521	7249
2136	7243
3275	7839
2305	7329
3393	7807
4928	7358
5356	8004
5612	7277
2313	7329
140	7207
1223	7877
1562	7267
1736	7785
2590	7607
2857	7747
3872	7701
6104	7344
6242	7551
2670	7269
3947	7941
6374	7562
3251	7890
3972	7577
5287	7219
1655	7199
2312	7329
2838	7211
4671	7293
4808	7364
5957	7221
7084	7223
1041	8222
2685	7665
5379	7372
6403	7562
634	7521
3592	7299
3948	7941
4155	7309
362	7289
631	7521
4157	7309
4653	7235
141	7207
526	7555
2579	7607
2611	7642
2895	7384
4698	7646
170	7640
1263	7362
2017	7225
3566	7906
81	7936
119	7421
4009	7215
5639	7439
5909	7237
6884	7965
3443	7491
4153	7309
4372	7726
1606	7592
2190	7926
2832	7211
5001	7455
5917	7237
1824	7241
2110	7243
2426	7473
6687	7280
948	7297
1729	7827
3819	7683
3926	7663
5182	7295
517	7783
3023	7564
4023	7215
2298	7329
3277	7839
120	7421
492	7452
3480	7201
4387	7874
5950	7221
6376	7562
6639	7547
2500	7699
2761	7354
434	7842
482	8027
587	7313
1428	7380
5498	7360
5803	7898
6720	7531
4199	7339
5669	7819
6159	7730
7140	7575
56	7197
794	7879
855	7749
5245	7892
5604	7277
5929	7237
6810	7706
2120	7243
2167	7433
5297	7219
5864	7943
6816	7706
3654	7670
4758	7652
5033	7529
760	7870
4640	7815
26	7489
2171	7433
4813	7364
5606	7277
147	7704
588	7313
6604	7695
608	7313
698	7581
1269	7362
3955	7835
4368	7726
4422	7504
4435	7504
6015	7342
798	7615
1782	7407
5505	8081
6467	7415
417	7495
4885	7659
5374	7372
2149	7243
2399	7473
2478	7303
3694	7335
3873	7701
4038	7215
5978	7429
1881	8144
4752	7652
5052	7654
5254	7817
1056	7499
3530	8053
4145	7309
6039	7545
4738	7284
5629	7277
6265	8332
1241	7446
2126	7243
2539	7457
5174	7295
1770	7407
2166	7433
3018	7564
4501	7217
6449	7772
194	7900
4203	7339
5948	7221
6790	7988
2	7463
1145	7425
1607	7592
4466	7527
6773	8237
7032	7774
1790	7407
2556	7457
2995	7435
4848	7475
872	7749
1690	7720
2835	7211
2970	7610
6862	8106
361	7289
1651	7199
2854	7747
4057	7356
1529	7249
1789	7407
4894	8174
5232	7892
995	7649
1274	7362
3394	7807
3818	7683
5016	7455
5291	7219
6293	7736
6723	7531
1171	7619
1838	7241
2963	7610
3842	7859
6122	7902
6891	7965
1152	7425
2557	7457
3094	7409
693	7581
3020	7564
811	7857
2850	7747
3249	7890
5003	7455
5330	7255
652	7497
2979	8130
3404	7687
4995	7455
7035	7774
212	7804
964	7297
2941	7331
3019	7564
1631	7352
3447	7491
1749	8056
1843	7241
6233	7551
1113	7393
1828	7241
2097	7243
4952	7319
2361	7327
6404	7562
6633	7547
450	7441
5335	7255
5805	7898
6943	7516
494	7452
5117	7510
7154	7800
420	7495
1586	7623
1897	7629
2879	7384
2993	7435
3697	7335
4946	7319
628	7521
2221	7317
2281	7329
3042	7583
4905	7386
5899	7237
810	7857
1375	7872
3374	7525
3439	7491
4963	7776
5378	7372
5918	7237
2168	7433
3647	8153
4547	7413
1187	7745
3128	7722
5208	7203
121	7421
6055	8151
16	7573
1503	7249
2410	7473
6680	7280
958	7297
1502	7249
1710	7947
1887	8144
1907	7629
2419	7473
2805	7354
1309	7539
5038	7529
5045	7529
6763	8018
2109	7243
3501	7201
654	7497
2123	7243
2856	7747
6377	7562
1408	7401
6961	7417
1193	7745
1277	7362
3129	7722
3794	8051
4025	7215
4562	7413
5681	7697
2412	7473
3371	7525
4564	7413
6100	7344
1823	7241
2348	7327
2931	7331
3417	7333
5543	7579
5678	7697
7086	7223
1669	7764
2170	7433
1873	7315
3627	7245
4206	7339
5764	7485
5573	7512
6422	7553
122	7421
2673	7269
1965	7225
1093	7397
1337	7601
3937	7595
6423	7553
495	7452
852	7749
1058	7861
2015	7225
2836	7211
3892	7849
3918	7809
347	8008
1311	7539
1437	7508
1230	8181
2554	7457
4093	7382
4852	7475
153	7822
3301	7213
1576	7518
3564	7906
6473	7415
6577	7677
390	7631
1518	7249
6024	7342
256	7487
1688	7720
2966	7610
4172	7229
6866	8106
160	8047
3521	7597
4244	7778
5423	7323
1541	7249
5547	7579
6904	7261
3071	7459
69	7637
3558	7661
5568	7512
5630	7277
435	7842
2778	7354
3780	7461
5804	7898
6069	7751
6266	8332
6851	7904
401	7631
2233	7317
2553	7457
3402	7687
4482	7527
1272	7362
2133	7243
3487	7201
3898	7849
4925	7358
6447	7772
2328	7329
2409	7473
3066	7459
6699	7280
7081	7223
850	7749
6522	7247
7100	7223
25	7489
867	7749
3359	7958
5482	7477
5484	7477
1271	7362
2791	7354
6146	7868
6907	7261
3871	7701
4415	7504
6037	7545
449	7441
2003	7225
4670	7293
5438	8073
5844	7514
1629	7352
2189	7926
3156	8095
4821	7364
6747	7506
6939	7516
220	7854
2762	7354
2990	7435
4548	7413
4729	7284
280	8062
733	7370
2128	7243
5004	7455
5802	7898
7005	7493
7194	7967
14	7573
694	7581
804	7685
3488	7201
1021	7792
2968	7610
3520	7597
4302	7263
4576	7413
5106	7510
2817	7354
6498	7247
957	7297
1991	7225
2853	7747
4442	7504
5429	7323
471	7971
2404	7473
1977	7225
3737	7301
2665	7846
4114	7796
5668	7819
6013	7342
2891	7384
3108	7378
5237	7892
5949	7221
1027	7792
4201	7339
7155	7800
1995	7225
3230	7389
4615	7395
3910	7227
2607	7642
4308	7263
4639	7815
5228	7892
6132	7656
909	8097
3971	7577
4017	7215
5913	7237
1649	7199
3292	7711
4036	7215
4609	7395
175	7833
275	8114
2103	7243
3001	7728
4578	7413
4695	7646
4707	7646
5017	7455
5735	7479
6805	7706
2002	7225
3157	8095
5537	7579
2187	7926
3491	7201
4150	7309
5495	7360
6437	8023
7024	7774
1527	7249
6145	7868
6378	7562
7189	7967
2889	7384
3326	8091
6613	7695
4386	7874
4612	7395
5231	7892
2096	7243
1781	7407
2138	7243
2945	7331
5486	7477
6076	8044
6726	7531
1276	7362
3226	7389
4477	7527
3821	7683
6808	7706
3076	8285
4385	7874
5109	7510
720	7366
6847	7904
1341	7601
2280	7329
6194	7231
6750	7506
223	7837
360	7289
3367	7525
4011	7215
6889	7965
853	7749
889	7969
3113	7378
6688	7280
6815	7706
1092	7397
2315	7329
4470	7527
4699	7646
5439	8073
1636	7352
2418	7473
5014	7455
6021	7342
1885	8144
5712	8083
6454	7772
6501	7247
1119	7393
3184	7769
5110	7510
2482	7303
3250	7890
6785	7571
348	8008
5431	8315
6313	7887
3689	7335
3817	7683
3854	7992
3021	7564
4560	7413
4753	7652
1507	7249
1515	7249
1882	8144
2780	7354
4565	7413
6389	7562
7036	7774
496	7452
1511	7249
3114	7378
1118	7393
1319	7913
5313	7419
1396	7762
1990	7225
5256	7817
5756	7485
2091	7243
4060	7356
5158	7295
6383	7562
7059	7257
1001	7523
3847	7859
4214	7339
2681	7665
3091	7409
1280	7362
1587	7623
1696	7720
2548	7457
2777	7354
3235	7389
4064	7356
97	7627
4285	7263
6718	7531
2303	7329
3759	7824
922	8141
1025	7792
3630	7691
5485	7477
6540	7536
703	7581
746	7667
947	7297
1861	7241
4012	7215
7087	7223
7153	7800
2775	7354
4236	7448
5907	7237
6346	7348
2012	7225
2586	7607
3844	7859
4575	7413
5009	7455
997	7649
2763	7354
3056	7368
6725	7531
6811	7706
6927	7625
7001	7493
1652	7199
2111	7243
3612	7307
4849	7475
5007	7455
5293	7219
5670	7819
5900	7237
6327	7569
6733	7531
7003	7493
851	7749
1771	7407
4563	7413
5979	7429
7028	7774
2400	7473
2422	7473
3346	7437
4115	7796
4292	7263
5757	7485
367	7289
1096	7397
1750	8056
1773	7407
6746	7506
6328	7569
29	8235
623	7521
2013	7225
2349	7327
3180	7769
4555	7413
5512	8012
5685	8156
6017	7342
6109	7346
2398	7473
2584	7607
3490	7201
3831	7337
4497	7217
697	7581
747	7667
789	7978
2319	7329
3730	7301
4173	7229
5476	7477
6300	8058
2124	7243
2148	7243
3795	8051
4015	7215
4479	7527
4484	7527
6094	7344
6728	7531
6768	7945
227	8177
431	7842
1017	7792
1442	7508
2147	7243
2908	7259
5616	7277
7156	7800
4230	7448
4287	7263
4389	7874
321	7239
901	7282
86	7936
1298	7539
3373	7525
3650	7982
3799	8051
4309	7263
5866	7943
6149	7868
3109	7378
3830	7337
5765	7485
6097	7344
4300	7263
5170	7295
6341	7348
249	7956
2201	7926
2593	7607
4152	7309
5726	7479
6329	7569
5679	7697
6841	7549
243	8248
4744	7284
5167	7295
6504	7247
519	7783
808	8006
2448	7675
3221	7389
3328	8091
5610	7277
960	7297
1538	7249
7169	7831
1540	7249
2027	7225
7094	7223
2196	7926
4931	7358
3303	7213
4146	7309
4626	7560
662	7755
1306	7539
4331	7450
6234	7551
1335	7601
2287	7329
740	7921
1505	7249
4822	7364
6958	7417
1120	7393
1371	7872
3505	7201
5201	7203
5397	7287
5859	7943
1114	7393
7082	7223
893	7969
1299	7539
1491	7249
2107	7243
3866	7701
6232	7551
6850	7904
761	7870
2088	7243
2971	7610
7148	7575
1513	7249
2228	7317
2293	7329
3401	7687
5077	7275
5080	7275
5994	8020
7129	7311
596	7313
954	7297
1410	7401
4480	7527
1162	7425
3182	7769
3781	7461
3801	8051
4039	7215
5199	7203
5204	7203
3690	7335
5460	8217
6110	7346
7030	7774
2624	8162
3823	7683
4289	7263
6295	7736
6781	7571
787	7978
792	7978
2594	7607
6053	7883
6697	7280
7177	7831
637	7521
961	7297
4361	7588
6294	7736
4714	7646
6948	7516
102	7627
287	7590
1531	7249
1561	7267
1567	7267
2025	7225
2815	7354
3843	7859
4391	7874
6179	8089
432	7842
6759	8075
6885	7965
1837	7241
2306	7329
2942	7331
5622	7277
288	7590
1312	7539
2542	7457
4029	7215
5308	7419
1525	7249
1974	7225
3700	7335
3783	7461
6224	7551
1165	7425
3025	7564
1833	7241
4159	7309
5426	7323
5759	7485
1278	7362
1522	7249
1840	7241
2004	7225
2286	7329
4371	7726
6792	7988
3294	7711
3752	7986
4119	7796
6693	7280
168	7640
455	7441
2476	7303
2800	7354
2814	7354
2005	7225
3419	7333
3572	7501
3618	7307
3687	7335
6806	7706
279	8062
891	7969
2397	7473
2782	7354
5617	7277
759	7870
2408	7473
3089	7409
4702	7646
2353	7327
2887	7384
2937	7331
3307	8002
4298	7263
6061	7928
350	8008
2913	7259
3782	7461
3968	7577
103	7627
5150	7295
1592	7403
4950	7319
916	8033
1055	7499
1703	7541
1987	7225
2292	7329
5279	7219
5331	7255
2121	7243
2129	7243
2449	7675
3513	7201
4847	7475
5483	7477
129	7205
296	7713
894	7969
1509	7249
4111	7796
4854	7475
5539	7579
6500	7247
6681	7280
718	7366
479	8027
3327	8091
3403	7687
4735	7284
6751	7506
7053	7257
696	7581
1273	7362
1318	7913
7041	7774
53	7197
1783	7407
2094	7243
4071	7931
4428	7504
4968	7776
6029	7342
221	7854
4605	7395
5980	7429
176	7833
799	7615
1613	7592
3507	7201
4079	8134
6543	7536
6645	7547
661	7755
1633	7352
1748	8056
3225	7389
3289	7711
3946	7941
4708	7646
5288	7219
5843	7514
6176	8089
2475	7303
6941	7516
335	7724
3176	7769
4021	7215
4793	7364
5821	7718
1039	8222
1414	7401
1967	7225
2447	7675
2538	7457
6552	7536
259	8325
3696	7335
4571	7413
4855	7475
5903	7237
6640	7547
4569	7413
6098	7344
510	8328
2230	7317
3090	7409
6174	8089
6610	7695
192	7900
1851	7241
3218	7389
5820	7718
6075	8044
622	7521
1898	7629
1999	7225
5776	8016
5513	8012
1383	8029
1966	7225
3428	7333
3548	7533
4340	7253
6160	7730
2357	7327
4124	7796
4416	7504
991	7649
2403	7473
3596	7299
4796	7364
4245	7778
4299	7263
1373	7872
4809	7364
5169	7295
5607	7277
5770	7485
1739	7785
3448	7491
3626	7245
6513	7247
819	7431
1365	7291
734	7370
2637	8190
2708	7709
3302	7213
6165	7730
152	7822
469	7971
857	7749
4019	7215
6928	7625
2420	7473
6517	7247
333	7724
1489	7249
1584	7623
2457	7675
2792	7354
5395	7287
6123	7902
1161	7425
1506	7249
5861	7943
2105	7243
3067	7459
4353	7994
5054	7654
6057	8151
6303	8058
6468	7415
7096	7223
807	8006
990	7649
1147	7425
2093	7243
826	7376
2783	7354
2907	7259
5738	7479
5817	7718
1832	7241
2308	7329
1900	7629
4810	7364
5166	7295
5448	7851
6384	7562
657	7497
700	7581
6184	7635
6291	7736
5963	7221
6583	7677
770	7209
4229	7448
5309	7419
5328	7255
5550	7579
261	8093
2223	7317
6038	7545
7090	7223
274	8114
316	7239
3744	7301
3762	7824
4316	7263
4469	7527
5624	7277
577	7313
1524	7249
3354	8126
4472	7527
2090	7243
3636	7469
5619	7277
1627	7352
2445	7675
4147	7309
4884	7659
6020	7342
7127	7311
100	7627
3381	7738
4061	7356
5497	7360
6631	7547
6992	7923
2830	7211
3343	7437
4226	7448
4500	7217
4614	7395
4886	7659
5292	7219
5489	7477
5490	7477
1883	8144
4305	7263
4474	7527
2085	7243
2366	7327
2787	7354
5734	7479
5795	7898
632	7521
1088	7397
5575	7512
1148	7425
2472	7303
4743	7284
292	8193
1728	7827
5951	7221
7033	7774
1351	7732
3344	7437
3594	7299
4318	7263
5151	7295
5	8298
195	7900
391	7631
868	7749
2405	7473
2550	7457
6235	7551
389	7631
3111	7378
4706	7646
7085	7223
2163	7433
6196	7231
318	7239
1780	7407
2804	7354
4580	7413
6077	8044
1344	7601
2026	7225
5314	7419
6465	7415
188	8212
276	8114
1494	7249
1597	7403
4334	7450
5078	7275
5651	8111
3040	7583
3486	7201
3933	7595
3969	7577
6729	7531
3581	7973
6809	7706
518	7783
915	8033
2134	7243
386	7631
949	7297
5296	7219
99	7627
1647	7199
3003	7728
3934	7595
2365	7327
5693	7790
4355	7994
5796	7898
480	8027
771	7209
1232	8181
4828	7273
5377	7372
6946	7516
143	7207
707	8278
2089	7243
2654	7558
3624	7245
4713	7646
5310	7419
327	8245
511	8328
4475	7527
5798	7898
6195	7231
6435	8023
629	7521
892	7969
1157	7425
1407	7401
3222	7389
4607	7395
6277	7689
6894	7965
6926	7625
55	7197
600	7313
1614	7592
2356	7327
4499	7217
43	7951
4117	7796
4419	7504
4966	7776
5819	7718
4502	7217
5538	7579
6070	7751
1594	7403
2218	7317
2220	7317
2549	7457
2664	7846
3325	8091
5441	7585
5625	7277
6229	7551
6602	7695
3347	7437
4160	7309
6738	7531
336	7724
1380	8029
4225	7448
4709	7646
7128	7311
4384	7874
2227	7317
4072	7931
4116	7796
4478	7527
7173	7831
2359	7327
4228	7448
4250	7778
6544	7536
396	7631
1573	7518
1975	7225
4613	7395
3220	7389
211	7804
1575	7518
2585	7607
3304	7213
5121	7510
4812	7364
3258	7621
3493	7201
739	7921
4929	7358
6312	7887
1190	7745
2098	7243
3698	7335
3797	8051
3897	7849
4672	7293
2860	7747
5236	7892
169	7640
1208	7644
3224	7389
3559	7661
4730	7284
780	7894
1390	7757
4198	7339
5181	7295
6247	7551
2362	7327
2939	7331
815	8116
4020	7215
1126	7393
4170	7229
5375	7372
6735	7531
877	7483
1831	7241
2001	7225
3269	7305
6228	7551
6514	7247
6791	7988
6972	7265
4078	8134
5613	7277
6591	7677
59	7197
6325	7569
3785	7461
4043	7215
993	7649
1692	7720
2151	7243
2934	7331
3625	7245
1827	7241
3651	7982
5553	7579
5760	7485
6271	7976
6749	7506
879	7483
3611	7307
6731	7531
2877	7384
3874	7701
6186	7635
674	7740
3368	7525
4200	7339
2589	7607
3162	8095
3186	7769
5064	7960
4174	7229
6883	7965
183	7990
235	7325
472	7971
3345	7437
2169	7433
2544	7457
4282	7263
6990	7923
532	8000
952	7297
962	7297
3699	7335
6243	7551
1216	7863
2102	7243
4417	7504
5911	7237
6508	7247
337	7724
2994	7435
4022	7215
5115	7510
5502	7998
6395	7562
594	7313
3959	7835
4710	7646
4888	7659
4902	7386
2938	7331
3268	7305
3380	7738
5197	7203
5961	7221
1585	7623
4556	7413
5253	7817
5407	7287
6755	7444
2454	7675
4816	7364
4953	7319
5183	7295
5818	7718
1303	7539
3917	7809
207	7813
415	7495
7112	7742
3870	7701
3832	7337
3845	7859
132	7205
1630	7352
3106	7378
6068	7751
6554	7536
433	7842
4120	7796
6178	8089
6382	7562
1829	7241
3213	7389
3778	7461
2631	7915
4373	7726
4577	7413
626	7521
3308	8002
6259	7405
6343	7348
6589	7677
985	7649
2653	7558
4923	7358
5327	7255
5548	7579
1068	7471
1825	7241
233	7325
4286	7263
4949	7319
193	7900
861	7749
2700	7709
3133	7411
4799	7364
5609	7277
5983	7429
2352	7327
4341	7253
4506	7217
6861	8106
2114	7243
3865	7701
4151	7309
4795	7364
5767	7485
6316	7887
54	7197
156	8049
500	7391
790	7978
1672	7764
4339	7253
5349	8004
6270	7976
6278	7689
1660	7939
1678	8085
2219	7317
6101	7344
6772	8237
422	7495
2307	7329
2625	8162
2884	7384
3920	7809
4802	7364
3057	7368
4911	8031
5455	8160
5608	7277
2146	7243
3315	7271
6347	7348
2314	7329
2351	7327
182	7990
863	7749
4010	7215
5400	7287
6166	7730
6198	7231
966	7297
2137	7243
4375	7726
2188	7926
3503	7201
5857	7943
6419	7553
1174	7619
2118	7243
2767	7354
3424	7333
7110	7742
820	7431
2663	7846
2813	7354
3967	7577
6789	7988
6886	7965
1281	7362
2771	7354
6018	7342
1098	7397
4794	7364
6345	7348
862	7749
1994	7225
4329	7450
452	7441
599	7313
3136	7411
5333	7255
2453	7675
708	8278
3896	7849
4425	7504
6507	7247
6863	8106
680	7881
2011	7225
3259	7621
5689	7612
6685	7280
2532	7457
2535	7457
3219	7389
3902	7849
4208	7339
4288	7263
7089	7223
856	7749
1519	7249
5116	7510
5239	7892
6503	7247
68	7637
2683	7665
2962	7610
3178	7769
4629	7560
6767	7945
457	7441
3941	7251
4232	7448
5755	7485
3309	8002
6578	7677
2100	7243
2552	7457
3940	7251
5084	7275
3609	7307
5542	7579
6764	8018
653	7497
1340	7601
5246	7892
1416	7401
1530	7249
1784	7407
4610	7395
2967	7610
4503	7217
6641	7547
675	7740
1616	7592
4550	7413
3238	7389
5307	7419
44	7951
2008	7225
4948	7319
6502	7247
579	7313
1523	7249
3243	7389
3451	7491
5062	7960
5908	7237
956	7297
3236	7389
412	7495
860	7749
3143	7766
5104	7510
5991	8020
6144	7868
6151	7868
1981	7225
4210	7339
6041	7545
305	8195
905	8170
6418	7553
1777	7407
5398	7287
6074	8044
1173	7619
3734	7301
7062	7257
1689	7720
6698	7280
21	7573
2112	7243
4589	7413
5904	7237
2290	7329
4330	7450
5478	7477
6869	8106
6905	7261
4024	7215
219	7854
6065	8258
6231	7551
1062	8077
1224	7877
5357	8004
6244	7551
96	7627
2636	8190
3916	7809
4579	7413
5545	7579
6258	7405
4429	7504
575	7313
3701	7335
5644	7439
7097	7223
2297	7329
2612	7642
4616	7395
5794	7898
6727	7531
1542	7249
1826	7241
82	7936
2320	7329
7143	7575
1722	7827
3384	7427
3450	7491
5260	7817
5446	7851
6424	7553
5372	7372
6973	7265
1071	7471
2016	7225
5741	7479
2499	7699
5156	7295
606	7313
1069	7471
3777	7461
6963	7417
4347	8168
5800	7898
1835	7241
4154	7309
4332	7450
6448	7772
7095	7223
6452	7772
989	7649
3158	8095
5311	7419
1159	7425
1302	7539
2360	7327
6582	7677
578	7313
683	7881
2610	7642
3731	7301
4924	7358
5018	7455
6635	7547
3392	7807
5061	7960
5108	7510
3484	7201
4464	7527
5652	8111
5834	7917
1338	7601
1848	7241
2802	7354
4913	8031
6557	7536
2198	7926
206	7813
1215	7863
3740	7301
4030	7215
4062	7356
6102	7344
453	7441
2959	7610
3336	7633
4215	7339
5006	7455
5021	7455
6892	7965
1268	7362
2450	7675
3796	8051
3813	7683
1490	7249
6636	7547
7109	7742
709	8278
741	7921
2886	7384
5005	7455
5157	7295
2650	7558
5355	8004
1723	7827
1901	7629
1199	7745
1980	7225
2086	7243
2536	7457
2789	7354
3692	7335
3693	7335
3905	7849
701	7581
717	7366
1850	7241
4284	7263
5039	7529
499	7391
890	7969
1146	7425
3529	8053
6853	7904
6882	7965
6677	7280
2318	7329
2799	7354
5153	7295
7101	7223
2671	7269
5709	8083
413	7495
2364	7327
6028	7342
6093	7344
6133	7656
1160	7425
4996	7455
1117	7393
1650	7199
4570	7413
4943	7319
6301	8058
112	8036
3075	8285
5516	8012
7124	7311
633	7521
4202	7339
5578	7512
6730	7531
6924	7625
454	7441
878	7483
1488	7249
1670	7764
1775	7407
3584	7973
5240	7892
19	7573
1195	7745
3732	7301
4998	7455
5577	7512
858	7749
899	7282
1849	7241
5835	7917
6674	7280
2279	7329
3014	7564
4122	7796
4473	7527
2225	7317
2229	7317
764	7870
854	7749
2232	7317
4067	7356
5175	7295
5665	7819
6163	7730
2302	7329
2881	7384
1493	7249
5172	7295
1222	7877
4801	7364
5206	7203
6164	7730
6974	7265
1121	7393
1972	7225
3145	7766
2781	7354
5777	8016
6960	7417
534	8000
699	7581
1520	7249
2587	7607
2764	7354
3482	7201
3661	8203
4056	7356
4483	7527
4999	7455
6436	8023
36	8104
963	7297
4619	7395
6783	7571
2498	7699
4026	7215
5198	7203
5993	8020
4089	7382
4291	7263
5317	7419
5953	7221
203	7813
719	7366
1153	7425
2769	7354
5701	8198
7083	7223
7108	7742
1785	7407
3911	7227
3975	7577
4955	7319
5546	7579
6056	8151
570	7313
1218	7863
1610	7592
2796	7354
4587	7413
3124	7672
3957	7835
5958	7221
6392	7562
6466	7415
6585	7677
4588	7413
5063	7960
5289	7219
57	7197
1264	7362
6398	7562
6314	7887
6732	7531
6820	7706
598	7313
673	7740
727	7919
4294	7263
4303	7263
167	7640
1347	7601
4065	7356
5329	7255
6988	7923
1609	7592
4868	7693
5036	7529
6821	7706
1122	7393
1191	7745
1611	7592
1997	7225
3893	7849
263	8276
1772	7407
2355	7327
4328	7450
1123	7393
2310	7329
3613	7307
3899	7849
5421	7323
5667	7819
216	8254
290	8193
624	7521
2427	7473
5337	7255
145	7207
5053	7654
6051	7883
1155	7425
1708	7947
3500	7201
4338	7253
1741	7785
2790	7354
4545	7413
5732	7479
6332	7569
111	8036
745	7667
1971	7225
2095	7243
2626	8162
5480	7477
2795	7354
5162	7295
5863	7943
5966	7221
71	7637
887	7969
3760	7824
6965	7417
7111	7742
7142	7575
197	7811
925	8141
1206	7644
3743	7301
4732	7284
6964	7417
1196	7745
3736	7301
5700	8198
6675	7280
6910	7261
7023	7774
3688	7335
3705	7335
5499	7360
6734	7531
2174	7433
3349	7437
7000	7493
1776	7407
4740	7284
6835	7549
1702	7541
3036	7583
4144	7309
4311	7263
4434	7504
5202	7203
5775	8016
6911	7261
967	7297
1693	7720
4927	7358
5396	7287
5955	7221
6586	7677
470	7971
1556	7267
3891	7849
4028	7215
5928	7237
1539	7249
2888	7384
2977	8130
3141	7766
3502	7201
4247	7778
4914	8031
5160	7295
5496	7360
5809	7898
3227	7389
3504	7201
6044	7545
334	7724
2494	7699
2581	7607
2991	7435
4467	7527
4628	7560
6684	7280
6686	7280
70	7637
800	7615
1557	7267
1738	7785
4851	7475
5022	7455
3214	7389
3610	7307
4700	7646
6334	7569
1993	7225
1262	7362
3370	7525
5450	7851
5646	7439
6807	7706
655	7497
1308	7539
1059	7861
3779	7461
4693	7646
5580	7512
6239	7551
6311	7887
387	7631
4557	7413
4586	7413
5394	7287
1979	7225
2473	7303
2458	7675
2534	7457
2878	7384
3506	7201
4118	7796
88	7936
1495	7249
2890	7384
3055	7368
5615	7277
30	8235
627	7521
2104	7243
3242	7389
4175	7229
107	8120
1391	7757
4846	7475
5285	7219
5901	7237
7002	7493
1087	7397
3876	7701
5010	7455
5282	7219
85	7936
716	7366
1070	7471
4652	7235
5534	7579
6080	8065
349	8008
419	7495
3445	7491
4637	7815
6962	7417
108	8120
1238	7446
2296	7329
5234	7892
1635	7352
3489	7201
3546	7533
6644	7547
2442	7675
729	7919
2627	8162
4552	7413
5707	8083
7193	7967
1014	7792
4233	7448
5967	7221
5977	7429
6417	7553
3423	7333
4252	7778
4420	7504
7029	7774
1074	7471
2609	7642
1024	7792
1049	7321
3267	7305
3444	7491
4967	7776
2285	7329
2935	7331
4733	7284
5434	7794
6290	7736
2165	7433
3372	7525
3820	7683
462	7604
3519	7597
5051	7654
581	7313
1727	7827
1847	7241
3288	7711
4631	7560
4736	7284
1393	7757
1992	7225
2116	7243
3668	7954
6391	7562
6399	7562
6434	8023
6550	7536
625	7521
1054	7499
1336	7601
2501	7699
4504	7217
4903	7386
5956	7221
5960	7221
325	7908
1512	7249
2981	8130
4091	7382
4553	7413
6678	7280
5535	7579
7145	7575
300	7467
309	7374
3291	7711
4815	7364
5280	7219
142	7207
2326	7329
2559	7457
3252	7890
2533	7457
4113	7796
5212	7203
5354	8004
3545	7533
3814	7683
1510	7249
1662	7939
1721	7827
1984	7225
2816	7354
4865	7693
5915	7237
6463	7415
6831	7549
774	7209
1704	7541
4669	7293
5161	7295
7176	7831
1209	7644
5164	7295
6052	7883
3494	7201
437	7842
1774	7407
2912	7259
3265	7305
4947	7319
6837	7549
6930	7625
2849	7747
4315	7263
4317	7263
4901	7386
5433	7794
6135	7656
3593	7299
6839	7549
7092	7223
4666	7293
5454	8160
7123	7311
773	7209
5447	7851
5642	7439
5708	8083
5761	7485
5954	7221
3229	7389
4705	7646
528	7555
7172	7831
1307	7539
3973	7577
4073	7931
5897	7237
3725	7301
1217	7863
2545	7457
2803	7354
5898	7237
888	7969
1266	7362
1839	7241
1846	7241
4574	7413
5922	7237
245	7963
2882	7384
4058	7356
5013	7455
6719	7531
7025	7774
1267	7362
2014	7225
3334	7633
3632	7691
3704	7335
4143	7309
4877	7599
5762	7485
6549	7536
2768	7354
3749	7986
5399	7287
7027	7774
7179	7831
1564	7267
2125	7243
2961	7610
5424	7323
113	8036
5203	7203
5647	7439
464	7604
4077	8134
6238	7551
6944	7516
3217	7389
4014	7215
5163	7295
6575	7677
1285	7362
4297	7263
3485	7201
5666	7819
763	7870
1028	7792
4701	7646
2451	7675
3950	7941
5173	7295
5422	7323
6019	7342
1317	7913
2606	7642
3418	7333
4295	7263
6813	7706
681	7881
722	7366
1501	7249
2894	7384
4487	7527
4650	7235
3257	7621
4830	7273
5576	7512
5728	7479
397	7631
950	7297
3123	7672
5549	7579
250	7956
1905	7629
2996	7435
3183	7769
6393	7562
7004	7493
906	8170
2469	7303
5065	7960
5692	7790
6387	7562
6505	7247
130	7205
234	7325
2656	7558
3276	7839
3936	7595
2411	7473
2833	7211
2414	7473
2684	7665
4306	7263
5797	7898
2672	7269
3635	7469
4348	8168
106	8120
1628	7352
1985	7225
5868	7943
5474	7477
6679	7280
2224	7317
2407	7473
2555	7457
3387	7427
4811	7364
6116	8228
6984	7923
7042	7774
1844	7241
3376	7525
3927	7663
5087	7275
5284	7219
6515	7247
484	8027
4032	7215
4737	7284
5959	7221
162	8047
5373	7372
163	8047
483	8027
17	7573
571	7313
1284	7362
3935	7595
5914	7237
87	7936
1033	8149
1836	7241
2162	7433
2537	7457
4035	7215
5845	7514
6248	7551
953	7297
270	8124
394	7631
2698	7709
2760	7354
6516	7247
2406	7473
3426	7333
5671	7819
6124	7902
6331	7569
232	7325
3556	7661
4465	7527
7190	7967
154	7822
393	7631
585	7313
576	7313
2000	7225
2765	7354
3095	7409
5506	8081
4296	7263
6064	8258
6175	8089
776	7209
2652	7558
3088	7409
3776	7461
3833	7337
4204	7339
5425	7323
5663	7819
3355	8126
3868	7701
4354	7994
4997	7455
1976	7225
3054	7368
1648	7199
2958	7610
5229	7892
5230	7892
1154	7425
3159	8095
6147	7868
224	7837
4234	7448
5846	7514
6601	7695
1197	7745
2443	7675
4572	7413
4893	8174
5611	7277
3739	7301
4731	7284
6255	7405
6117	8228
2704	7709
5419	7323
6683	7280
2785	7354
5456	8160
84	7936
1048	7321
1726	7827
2028	7225
2497	7699
4044	7215
6405	7562
7060	7257
1769	7407
5067	7960
2916	7259
4307	7263
4863	7693
6081	8065
3166	8095
4853	7475
6016	7342
762	7870
1352	7732
3765	7824
6721	7531
3038	7583
251	7956
4171	7229
4249	7778
5000	7455
5799	7898
506	8252
1869	7315
2197	7926
2289	7329
4333	7450
6453	7772
6558	7536
6605	7695
6942	7516
1409	7401
1903	7629
2547	7457
2829	7211
3333	7633
3662	8203
4481	7527
6923	7625
7056	7257
7131	7311
601	7313
827	7376
3070	7459
3532	8053
5334	7255
6315	7887
6342	7348
2358	7327
6344	7348
2622	8162
2774	7354
4573	7413
58	7197
959	7297
2288	7329
2543	7457
3733	7301
4870	7693
5034	7529
5621	7277
6521	7247
3228	7389
3753	7986
6450	7772
6647	7547
3544	7533
4692	7646
416	7495
507	8252
2793	7354
3043	7583
3422	7333
5737	7479
5842	7514
5912	7237
586	7313
1413	7401
1595	7403
2428	7473
6607	7695
6987	7923
572	7313
584	7313
6199	7231
6584	7677
351	8008
591	7313
648	7497
5332	7255
6547	7536
6782	7571
3274	7839
5152	7295
6200	7231
2108	7243
3318	7271
4437	7504
463	7604
4567	7413
1240	7446
1362	7291
5042	7529
5437	8073
2957	7610
3216	7389
4125	7796
6646	7547
6945	7516
751	8231
1116	7393
1189	7745
185	7423
2236	7317
5112	7510
5710	8083
6648	7547
1265	7362
1504	7249
2195	7926
5040	7529
5640	7439
5923	7237
695	7581
3615	7307
4951	7319
2703	7709
5727	7479
6264	8332
6425	7553
320	7239
592	7313
2705	7709
3134	7411
6471	7415
3829	7337
4293	7263
4850	7475
5982	7429
1526	7249
3542	7533
6906	7261
3420	7333
4867	7693
6541	7536
1233	8181
3107	7378
4194	7339
5823	7718
4644	7815
5401	7287
2282	7329
2471	7303
3446	7491
6496	7247
6967	7417
283	7753
1094	7397
2029	7225
7088	7223
1583	7623
1859	7241
3041	7583
6284	7896
6913	7261
268	7716
1124	7393
3065	7459
3140	7766
4094	7382
4169	7229
6546	7536
4965	7776
5165	7295
1725	7827
4112	7796
6510	7247
3583	7973
4665	7293
297	7713
2834	7211
3904	7849
4148	7309
4383	7874
1661	7939
2479	7303
4045	7215
6587	7677
4418	7504
5998	8020
803	7685
2632	7915
3815	7683
4656	7235
923	8141
3560	7661
3853	7992
4033	7215
5920	7237
6888	7965
988	7649
1205	7644
1305	7539
4654	7235
2828	7211
4310	7263
6397	7562
295	7713
3441	7491
2444	7675
5620	7277
2006	7225
7031	7774
7093	7223
864	7749
1996	7225
6014	7342
1089	7397
1090	7397
1398	7399
6040	7545
6634	7547
62	7197
1868	7315
1982	7225
2503	7699
3093	7409
5037	7529
319	7239
2492	7699
2770	7354
3695	7335
3958	7835
6940	7516
18	7573
965	7297
2130	7243
6691	7280
7026	7774
178	8250
2087	7243
5995	8020
366	7289
414	7495
1151	7425
2291	7329
2776	7354
3970	7577
5827	7829
6276	7689
3492	7201
5352	8004
987	7649
4642	7815
4964	7776
5002	7455
5736	7479
1019	7792
3233	7389
5623	7277
5985	7429
5992	8020
151	7822
2226	7317
5554	7579
6050	7883
35	8104
174	7833
865	7749
1031	8149
5205	7203
301	7467
1438	7508
2688	7665
3576	7501
4205	7339
4427	7504
4704	7646
2855	7747
5286	7219
1786	7407
1870	7315
2910	7259
7192	7967
1158	7425
3597	7299
5085	7275
5574	7512
5614	7277
6426	7553
6908	7261
1634	7352
1653	7199
5916	7237
6887	7965
1420	8256
2541	7457
4551	7413
4559	7413
1166	7425
5862	7943
6690	7280
4608	7395
3045	7583
3351	7437
4611	7395
5572	7512
5860	7943
1532	7249
4561	7413
4756	7652
828	7376
1559	7267
1973	7225
5209	7203
1043	8222
1342	7601
2616	7642
3726	7301
4566	7413
791	7978
1875	7315
2759	7354
3110	7378
1207	7644
3087	7409
1022	7792
1852	7241
3561	7661
4803	7364
2932	7331
3142	7766
3614	7307
5312	7419
3800	8051
4424	7504
5418	7323
6095	7344
6099	7344
5105	7510
1100	7397
1638	7352
1841	7241
2363	7327
4468	7527
4791	7364
2614	7642
2686	7665
4627	7560
6637	7547
73	7637
1040	8222
1343	7601
1516	7249
265	8100
1492	7249
4471	7527
5536	7579
3039	7583
2301	7329
3316	7271
4092	7382
1986	7225
4789	7364
859	7749
1871	7315
2099	7243
3215	7389
4895	8174
210	7804
1517	7249
4798	7364
6848	7904
24	7489
385	7631
682	7881
1339	7601
1608	7592
2960	7610
6421	7553
6580	7677
1018	7792
1514	7249
2982	8130
1497	7249
4926	7358
4970	7776
6131	7656
3053	7368
5043	7529
5235	7892
5921	7237
2115	7243
3923	7233
1095	7397
1301	7539
2452	7675
4433	7504
4739	7284
5353	8004
1565	7267
3037	7583
3135	7411
4037	7215
4421	7504
6438	8023
3068	7459
6588	7677
569	7313
2131	7243
6111	7346
6581	7677
2119	7243
4016	7215
4641	7815
6909	7261
1983	7225
3645	8153
365	7289
1192	7745
2936	7331
3112	7378
5176	7295
6226	7551
3317	7271
3803	8051
4059	7356
4703	7646
4944	7319
5643	7439
873	7749
994	7649
3750	7986
4027	7215
5571	7512
4356	7994
527	7555
2283	7329
4063	7356
6025	7342
1988	7225
5618	7277
6237	7551
6989	7923
3022	7564
3115	7378
3956	7835
4857	7475
5081	7275
5111	7510
6775	8237
7058	7257
788	7978
2369	7327
5653	8111
6162	7730
2354	7327
3511	7201
6925	7625
914	8033
2101	7243
3287	7711
1389	7757
1978	7225
2299	7329
5281	7219
6722	7531
986	7649
2164	7433
2237	7317
3616	7307
6921	7625
668	8308
1902	7629
2933	7331
3655	7670
1427	7380
1853	7241
2092	7243
2546	7457
2858	7747
3017	7564
3481	7201
4142	7309
593	7313
6386	7562
6814	7706
2317	7329
3729	7301
6022	7342
34	8104
779	7894
1572	7518
4667	7293
5664	7819
6469	7415
6999	7493
1032	8149
5540	7579
5763	7485
5865	7943
6197	7231
573	7313
664	7350
4207	7339
6230	7551
6553	7536
595	7313
5238	7892
7168	7831
7195	7967
1701	7541
3256	7621
3728	7301
6283	7896
7080	7223
1737	7785
5359	8004
5996	8020
6609	7695
1361	7291
3555	7661
6638	7547
6643	7547
322	7239
3425	7333
5645	7439
3232	7389
3631	7691
5698	8198
6381	7562
451	7441
590	7313
2540	7457
4304	7263
4554	7413
4751	7652
13	7573
2773	7354
4034	7215
5952	7221
6379	7562
491	7452
1440	7508
4962	7776
973	7297
3223	7389
4820	7364
6326	7569
2911	7259
3369	7525
4441	7504
5924	7237
306	8195
1963	7225
3523	7597
3763	7824
4248	7778
1334	7601
2682	7665
2766	7354
3775	7461
4832	7273
900	7282
1968	7225
2024	7225
3237	7389
7125	7311
533	8000
1563	7267
3816	7683
4301	7263
4728	7284
6115	8228
6292	7736
3497	7201
3582	7973
4606	7395
4883	7659
6603	7695
6682	7280
2699	7709
5371	7372
6257	7405
1854	7241
4031	7215
4476	7527
4668	7293
6241	7551
6812	7706
5255	7817
5403	7287
2415	7473
3663	8203
5171	7295
1020	7792
4098	7382
4581	7413
363	7289
921	8141
1372	7872
6509	7247
6545	7536
1275	7362
2194	7926
2421	7473
5011	7455
2788	7354
3691	7335
2284	7329
5113	7510
2370	7327
2658	7558
3852	7992
6240	7551
650	7497
1381	8029
42	7951
2309	7329
2495	7699
5910	7237
5919	7237
3573	7501
4327	7450
5947	7221
7141	7575
60	7197
1150	7425
3499	7201
5906	7237
6225	7551
992	7649
1000	7523
2992	7435
3890	7849
7139	7575
7174	7831
4290	7263
4432	7504
4734	7284
5079	7275
5257	7817
1091	7397
2113	7243
3840	7859
4090	7382
5677	7697
2122	7243
5168	7295
5981	7429
6539	7536
6959	7417
580	7313
667	8308
730	7919
2193	7926
2295	7329
6608	7695
2192	7926
3035	7583
5154	7295
139	7207
2009	7225
2794	7354
4754	7652
1382	8029
1439	7508
4369	7726
4488	7527
6511	7247
398	7631
1560	7267
1872	7315
2880	7384
1989	7225
2605	7642
7091	7223
3286	7711
4196	7339
4651	7235
6185	7635
6256	7405
7054	7257
228	8177
2649	7558
6416	7553
1194	7745
2416	7473
3116	7378
3574	7501
5481	7477
2563	7457
2980	8130
4498	7217
5771	7485
1270	7362
2588	7607
5688	7612
6177	8089
6836	7549
6849	7904
6865	8106
6512	7247
6642	7547
436	7842
1239	7446
3385	7427
4430	7504
5241	7892
6651	7547
83	7936
1842	7241
2106	7243
2139	7243
2564	7457
2701	7709
7037	7774
1747	8056
2851	7747
6420	7553
5107	7510
5442	7585
6833	7549
521	7783
607	7313
1860	7241
4945	7319
5233	7892
7055	7257
123	7421
2402	7473
3669	7954
1172	7619
2831	7211
3646	8153
5459	8217
7052	7257
3751	7986
6227	7551
6579	7677
1834	7241
2477	7303
5541	7579
6975	7265
869	7749
1363	7291
4283	7263
4792	7364
7191	7967
1496	7249
3015	7564
3900	7849
6632	7547
4195	7339
4231	7448
6042	7545
6689	7280
399	7631
1498	7249
3016	7564
4549	7413
5680	7697
2565	7457
5605	7277
6576	7677
7175	7831
1188	7745
5155	7295
5905	7237
2885	7384
3069	7459
5569	7512
1042	8222
5404	7287
1426	7380
1671	7764
4227	7448
4604	7395
6676	7280
2706	7709
2779	7354
1632	7352
2150	7243
4095	7382
6023	7342
6497	7247
1015	7792
2702	7709
6774	8237
3442	7491
4806	7364
2010	7225
3498	7201
3543	7533
4620	7395
4694	7646
101	7627
4349	8168
4423	7504
5258	7817
728	7919
3894	7849
5315	7419
5381	7372
6026	7342
7144	7575
205	7813
866	7749
6724	7531
6780	7571
341	7465
2623	8162
2906	7259
6148	7868
583	7313
1574	7518
2798	7354
6049	7883
750	8231
951	7297
1225	7877
2806	7354
5242	7892
6272	7976
1304	7539
1969	7225
6838	7549
15	7573
2294	7329
5406	7287
5479	7477
5570	7512
37	8104
5766	7485
5828	7829
6060	7928
6112	7346
6867	8106
7171	7831
4080	8134
6282	7896
2007	7225
161	8047
1388	7757
1411	7401
2417	7473
2758	7354
3266	7305
4910	8031
6470	7415
6551	7536
1422	8256
2311	7329
2940	7331
4096	7382
5012	7455
240	8248
972	7297
2493	7699
2852	7747
4370	7726
4568	7413
6143	7868
418	7495
1115	7393
2883	7384
6302	8058
6396	7562
6692	7280
508	8252
2470	7303
3177	7769
3534	8053
7038	7774
647	7497
971	7297
2304	7329
2401	7473
3623	7245
4912	8031
2580	7607
3735	7301
5376	7372
5427	7323
597	7313
1709	7947
2582	7607
5801	7898
6260	7405
2648	7558
3078	8320
5544	7579
721	7366
3496	7201
3895	7849
5283	7219
5930	7237
493	7452
1555	7267
2978	8130
3867	7701
6394	7562
1964	7225
2496	7699
6380	7562
665	7350
1016	7792
1023	7792
5511	8012
6499	7247
829	7376
2325	7329
2651	7558
3869	7701
6173	8089
813	8322
955	7297
2117	7243
4360	7588
4788	7364
4904	7386
505	8252
772	7209
1156	7425
1436	7508
2786	7354
4246	7778
4804	7364
4800	7364
7188	7967
1899	7629
4892	8174
5159	7295
5806	7898
7146	7575
1300	7539
3160	8095
3656	7670
4546	7413
4697	7646
5083	7275
241	8248
3557	7661
1412	7401
3092	7409
3727	7301
3913	7227
5829	7829
6985	7923
6986	7923
7114	7742
1593	7403
3297	8172
4156	7309
5420	7323
438	7842
1612	7592
2965	7610
4388	7874
5066	7960
5082	7275
5200	7203
5350	8004
5475	7477
5730	7479
5733	7479
7057	7257
481	8027
1691	7720
2801	7354
4807	7364
6385	7562
440	7842
2784	7354
3244	7389
255	7487
1279	7362
392	7631
574	7313
1970	7225
2316	7329
4013	7215
1072	7471
1528	7249
1779	7407
2191	7926
3541	7533
3565	7906
6864	8106
1746	8056
4211	7339
5351	8004
5581	7512
6832	7549
4176	7229
5641	7439
1886	8144
3335	7633
3912	7227
3395	7807
6236	7551
649	7497
1149	7425
6922	7625
2474	7303
5015	7455
5808	7898
317	7239
630	7521
2135	7243
2413	7473
4638	7815
6161	7730
6834	7549
7157	7800
2613	7642
3161	8095
4197	7339
4558	7413
4814	7364
6388	7562
6464	7415
1231	8181
2655	7558
5402	7287
6817	7706
1364	7291
1673	7764
1724	7827
2350	7327
4436	7504
651	7497
1320	7913
2909	7259
3179	7769
3608	7307
6390	7562
3348	7437
3798	8051
4426	7504
6451	7772
364	7289
2231	7317
5793	7898
1500	7249
1731	7827
1778	7407
5477	7477
1694	7720
2914	7259
3164	8095
3231	7389
4831	7273
5836	7917
6739	7531
340	7465
520	7783
3575	7501
402	7631
3512	7201
3724	7301
4008	7215
4790	7364
5118	7510
5207	7203
285	8188
1508	7249
5035	7529
6125	7902
3531	8053
5119	7510
4797	7364
5114	7510
2300	7329
3290	7711
4755	7652
6506	7247
2551	7457
3670	7954
4866	7693
5684	8156
7126	7311
