593	2
5967	4
594	2
5968	4
84	8
595	2
5969	4
1644	12
415	2
596	2
5970	4
85	8
5798	4
597	2
5971	4
1910	21
598	2
5972	4
3219	25
86	8
2766	28
3484	30
599	2
5973	4
1479	34
5558	36
1645	12
416	2
600	2
5974	4
87	8
5799	4
1	8
5718	45
601	2
5975	4
1328	49
3030	51
602	2
3119	54
5976	4
88	8
603	2
5977	4
2046	60
1646	12
1911	21
417	2
604	2
2893	66
5978	4
3220	25
3607	10549
89	8
2767	28
5800	4
2272	75
3349	77
605	2
3485	30
5979	4
606	2
5980	4
1480	34
2689	85
2964	87
90	8
5559	36
607	2
2417	92
2549	94
5981	4
1598	12
1647	12
418	2
608	2
1836	9565
5033	103
5982	4
3709	20951
91	8
5801	4
2	8
609	2
5983	4
1413	113
5719	45
1912	21
610	2
5984	4
3221	25
1329	49
92	8
2768	28
611	2
5985	4
2628	125
1648	12
3486	30
3031	51
419	2
612	2
3120	54
5986	4
93	8
613	7203
5802	4
5987	4
3846	138
2335	9815
1481	34
614	2
5988	4
5560	36
2047	60
615	2
5989	4
94	8
1880	21
3427	151
1649	12
1913	21
420	2
616	2
2737	28
2894	66
3190	25
5990	4
3222	25
3608	13537
2115	163
617	2
5991	4
95	8
2769	28
5803	4
3	8
2273	75
3350	77
3457	30
618	7203
3487	30
5992	4
5720	45
2511	178
619	2
5993	4
96	8
1650	12
1454	34
421	7203
620	2
5994	4
1330	49
2470	9583
4998	9719
5534	36
621	2
5995	4
1482	34
2690	85
2965	87
97	8
3032	51
5804	4
1914	21
5561	36
622	2
2418	92
2550	94
3121	54
5996	4
3223	25
1599	12
623	7203
5997	4
1651	12
5082	214
98	8
2770	28
422	2
624	2
1837	101
5034	103
5998	4
3488	30
3817	224
4227	21097
625	7203
5999	4
3710	9568
99	8
5805	4
4	8
626	2
6000	4
1414	113
2048	60
627	2
6001	4
1652	12
5721	45
1915	21
100	8
423	2
628	2
2895	66
4675	14207
4830	249
5462	251
5699	45
6002	4
1483	34
3224	25
3609	10549
629	2
5562	36
6003	4
1331	49
101	8
1310	49
1580	264
2223	9600
2601	268
2771	28
3012	51
5806	4
630	2
6004	4
2274	75
3351	77
2629	125
631	7203
1653	12
3489	30
6005	4
3033	51
102	8
424	2
632	7203
3102	54
3122	54
3922	9605
6006	4
633	2
6007	4
1916	21
103	8
634	2
5807	4
6008	4
3847	138
2030	60
2371	300
4698	302
4975	304
5137	306
5485	308
5	8
3225	25
1654	12
635	2
6009	4
2336	7237
1484	34
2691	85
2966	87
425	2
636	2
5722	45
6010	4
104	8
2772	28
5563	36
637	2
2419	92
2551	94
3942	329
4904	331
6011	4
3490	30
2049	60
1600	12
638	2
6012	4
105	8
5808	4
1881	21
3428	151
1655	12
639	2
1332	49
6013	4
1917	21
426	2
640	2
1838	101
2258	75
2391	352
2738	28
2879	66
2896	66
3191	25
3335	77
3593	12647
3669	360
3781	362
4852	9751
4886	11315
5035	103
6014	4
106	8
3226	25
3610	10549
641	2
3034	51
6015	4
2116	163
642	2
3123	54
6016	4
3711	49778
107	8
2773	28
5809	4
1656	12
6	8
643	2
6017	4
1485	34
2275	75
3352	77
1415	113
2161	392
2205	12712
2245	7285
3458	30
3686	9780
3798	12716
3883	403
4000	9641
4178	12851
5564	36
427	2
644	2
3491	30
6018	4
108	8
5723	45
645	2
6019	4
1918	21
2512	178
646	2
6020	4
109	8
1657	12
5810	4
3227	25
647	2
6021	4
1455	34
2146	429
2405	92
2537	94
2677	85
2952	87
3407	435
3985	437
428	2
648	2
6022	4
1333	49
110	8
2774	28
649	2
2050	60
6023	4
2471	189
4999	9719
5535	36
650	7203
6024	4
2630	125
1486	34
2692	85
2967	87
1658	12
3492	30
111	8
3035	51
5811	4
651	2
1919	21
6025	4
5565	36
7	8
429	2
652	2
1825	101
2183	9654
2420	92
2552	94
2897	66
3124	54
3754	15882
3767	13045
4270	12734
5022	103
5156	483
5504	485
5523	9665
6026	4
112	8
653	2
3228	25
3611	35577
6027	4
1601	12
5724	45
654	2
6028	4
1659	12
5083	214
113	8
655	7203
2775	28
5812	4
6029	4
3848	138
430	2
656	7203
1839	9565
2276	75
3353	77
5036	103
6030	4
1920	21
657	7203
3493	30
6031	4
114	8
1403	113
2337	7237
3699	9568
3818	9588
4156	9669
4228	21097
5357	35663
1487	34
1334	49
658	2
6032	4
1660	12
5566	36
3712	106
659	2
6033	4
3229	25
115	8
5813	4
8	8
431	2
660	2
6034	4
1416	113
2051	60
3036	51
661	2
6035	4
116	8
2776	28
1882	21
3429	151
662	2
3125	54
6036	4
1661	12
5725	45
1921	21
663	2
6037	4
117	8
5814	4
3494	30
432	2
664	2
2496	566
2619	125
2666	569
2739	28
2898	66
3192	25
3909	9676
4074	576
4676	23457
4717	9680
4780	14940
4816	13000
4831	10066
4869	9686
5114	588
5342	590
5433	9691
5463	251
5700	45
6038	4
665	2
1488	34
2693	85
2968	87
6039	4
3230	25
3612	9555
118	8
666	2
5567	36
6040	4
1662	12
2117	163
667	2
2421	92
2553	94
6041	4
1335	49
119	8
1311	49
1581	264
2224	35613
2602	268
2777	28
3013	51
5815	4
433	2
668	2
6042	4
9	8
1602	12
1922	21
2277	75
3354	77
669	2
6043	4
3459	30
2631	125
120	8
670	2
1663	12
3495	30
6044	4
3037	51
671	2
6045	4
5726	45
3231	25
121	8
2052	60
2513	178
5816	4
434	2
672	2
1840	101
2327	7237
3103	54
3126	54
3419	151
3838	138
3923	9605
4523	15236
4755	19237
4953	9700
5037	103
5125	665
6046	4
1489	34
673	2
6047	4
5568	36
122	8
1664	12
2778	28
674	2
6048	4
1923	21
1456	34
675	2
6049	4
3713	106
123	8
435	2
676	2
2899	66
5817	4
6050	4
3849	138
3496	30
1336	49
2031	60
2372	300
4699	9610
4976	304
5138	306
5486	308
10	8
677	2
6051	4
3232	25
3613	10549
1417	113
1665	12
678	2
6052	4
124	8
2472	189
5000	9719
5536	36
679	2
6053	4
2338	7237
1490	34
2694	85
2969	87
436	2
680	2
5727	45
6054	4
125	8
2779	28
3038	51
5818	4
1924	21
5569	36
681	2
6055	4
2278	75
3355	77
1666	12
682	2
2108	163
2422	92
2554	9562
3127	54
3943	329
3958	737
4042	12772
4532	10042
4771	743
4905	331
4991	191
5385	12781
6056	4
126	8
683	2
3497	30
6057	4
2053	60
3233	25
1603	12
437	2
684	2
6058	4
127	8
5819	4
1883	21
3430	151
685	2
6059	4
11	8
1667	12
5084	214
686	2
1337	49
6060	4
1925	21
128	8
2780	28
1491	34
687	2
6061	4
438	2
688	2
1841	9565
2259	75
2392	352
2740	28
2880	66
2900	66
3193	25
3336	77
3594	35577
3670	360
3782	12707
4853	9627
4887	15597
5038	103
6062	4
5570	36
129	8
5820	4
5728	45
689	2
2632	125
6063	4
1668	12
3498	30
3234	25
3614	10549
690	2
3039	51
6064	4
3819	224
4229	12678
130	8
691	2
6065	4
2118	163
439	2
692	2
3128	54
6066	4
3714	106
1926	21
131	8
2781	28
5821	4
693	7203
6067	4
1669	12
12	8
694	2
6068	4
1492	34
2695	85
2970	87
2279	75
3356	77
1418	113
2054	60
2162	392
2195	12833
2206	9632
2246	9634
2464	9583
2505	178
3460	30
3687	9636
3799	9782
3811	224
3884	7289
4001	9641
4014	28587
4094	852
4125	13230
4133	856
4179	12851
4262	859
4634	18521
4808	9802
4965	865
5301	867
5451	12863
132	8
695	2
6069	4
1338	49
5571	36
3235	25
440	2
696	2
3499	30
6070	4
133	8
697	2
2423	92
2555	94
5822	4
6071	4
1670	12
3850	138
5729	45
698	2
6072	4
1927	21
2514	178
699	2
6073	4
134	8
1604	12
2782	28
3040	51
441	2
700	2
2901	66
4677	14207
4832	10066
5464	251
5701	45
6074	4
701	2
2339	7237
6075	4
135	8
1671	12
5823	4
1493	34
3236	25
3615	10549
702	2
3129	54
6076	4
1457	34
13	8
3500	30
2147	429
2406	92
2538	94
2678	85
2953	87
3408	435
3986	9651
703	2
5572	36
6077	4
136	8
442	2
704	2
1842	9565
5039	103
6078	4
1928	21
1339	49
705	2
6079	4
1672	12
137	8
1312	49
1582	264
2225	12687
2603	268
2783	28
3014	51
5824	4
706	2
2055	60
6080	4
5730	45
707	2
6081	4
2280	75
2473	9583
3357	77
5001	9719
5537	36
138	8
3237	25
443	2
708	2
1884	21
3431	151
6082	4
2633	125
1494	34
2696	85
2971	87
3715	12825
709	2
1673	12
3501	30
6083	4
139	8
3041	51
5825	4
710	2
1929	21
6084	4
5573	36
14	8
711	2
6085	4
140	8
1419	113
2784	28
444	2
712	2
1826	9565
2184	9654
2218	12687
2424	92
2556	94
2596	268
2741	28
2902	66
3104	54
3130	54
3194	25
3755	9839
3768	478
3924	288
3969	1008
4026	1010
4035	12904
4051	15767
4057	12908
4142	1018
4222	12678
4271	23653
4352	1022
4383	12915
4484	10351
4490	15778
4626	1030
4670	14207
4728	1033
4764	1035
4825	10066
5023	103
5077	214
5106	1040
5157	483
5378	13456
5443	9883
5457	251
5505	485
5524	7309
6086	4
1674	12
713	2
6087	4
141	8
5826	4
714	2
3238	25
3616	10549
6088	4
1340	49
1605	12
715	2
6089	4
5731	45
3502	30
142	8
1930	21
445	2
716	2
2119	163
6090	4
1495	34
1675	12
717	2
6091	4
5085	214
2056	60
5574	36
143	8
718	2
2785	28
5827	4
6092	4
3851	138
2032	60
2373	300
4700	302
4977	304
5139	306
5487	308
719	2
6093	4
3042	51
15	8
446	2
720	2
1843	9565
2281	75
3358	77
5040	103
6094	4
144	8
3239	25
3461	30
1676	12
721	2
6095	4
1931	21
722	2
3131	54
3503	30
6096	4
145	8
5828	4
1404	113
2340	7237
3700	15988
3820	224
4157	12950
4230	226
5358	9898
723	2
6097	4
1496	34
2697	85
2972	87
1341	49
447	2
724	2
2903	66
5732	45
6098	4
146	8
2786	28
1677	12
725	2
2515	178
6099	4
5575	36
3716	12658
726	7203
6100	4
3240	25
3617	9555
147	8
5829	4
727	2
2425	92
2557	94
3944	329
4906	14248
6101	4
1932	21
2634	125
16	8
448	2
728	2
6102	4
148	8
1678	12
3504	30
1420	113
2057	60
729	2
6103	4
3043	51
1606	12
730	2
1458	34
6104	4
149	8
2787	28
5830	4
1497	34
731	2
6105	4
1885	21
3432	151
449	2
732	2
3132	54
6106	4
3241	25
1679	12
5576	36
150	8
2282	75
3359	77
5733	45
733	2
1342	49
6107	4
1933	21
734	2
6108	4
151	8
5831	4
735	2
3505	30
6109	4
450	2
736	2
1306	1203
1576	264
1844	9565
2201	12712
2241	9634
2260	75
2367	300
2387	352
2393	352
2474	9583
2497	566
2620	125
2667	569
2742	28
2881	66
2904	66
3195	25
3337	77
3595	13537
3665	360
3671	360
3783	12707
3879	403
3897	1227
3902	1229
3910	9676
3918	9605
3975	1233
4021	1235
4063	1237
4075	9678
4116	40093
4148	1242
4205	33485
4283	12977
4325	12979
4330	12981
4582	10606
4587	16940
4606	21232
4611	23712
4659	1260
4665	1262
4678	14207
4694	302
4718	12749
4746	21239
4781	9682
4790	26285
4817	583
4833	26364
4854	9627
4870	9686
4888	9629
4900	331
4934	9959
4971	304
5002	191
5041	103
5115	588
5133	306
5257	1285
5262	1287
5335	13624
5343	590
5368	1292
5434	9691
5465	251
5481	308
5538	36
5693	1298
5702	45
6110	4
1680	12
17	8
152	8
2788	28
737	2
6111	4
738	2
1498	34
2698	85
2973	87
6112	4
3242	25
3618	10549
153	8
739	2
3044	51
5832	4
6113	4
1934	21
3852	138
451	2
740	2
5577	36
6114	4
1681	12
2058	60
2120	163
741	2
6115	4
154	8
3506	30
5734	45
742	2
2426	92
2558	94
3133	54
6116	4
3717	12825
1343	49
743	2
6117	4
155	8
1313	49
1583	264
2226	9600
2604	268
2789	28
3015	51
5833	4
452	2
744	2
6118	4
1682	12
3243	25
2341	7237
18	8
745	2
1607	12
6119	4
156	8
1499	34
1935	21
2283	75
3360	77
1421	113
746	2
6120	4
2163	392
2207	12712
2247	9634
3462	30
3688	9636
3800	21114
3885	403
4002	9641
4180	407
747	2
6121	4
2635	125
157	8
5578	36
5834	4
453	2
748	2
1683	12
2905	66
3507	30
6122	4
5086	214
3045	51
749	2
6123	4
158	8
2790	28
750	2
6124	4
5735	45
3244	25
3619	10549
751	2
6125	4
1936	21
159	8
2059	60
2516	178
5835	4
1344	49
1684	12
454	2
752	2
1845	9565
2328	9815
3105	54
3134	54
3420	151
3839	138
3925	15762
4524	18653
4756	660
4954	9700
5042	103
5126	665
6126	4
1500	34
2699	85
2974	87
753	2
6127	4
19	8
160	8
754	2
6128	4
1886	21
3433	151
3508	30
5579	36
755	2
6129	4
3821	224
4231	21097
161	8
1685	12
2791	28
5836	4
455	2
756	2
6130	4
3245	25
757	2
2427	92
2559	94
6131	4
1937	21
1459	34
162	8
2148	429
2407	92
2539	9562
2679	85
2954	87
3409	435
3987	437
758	2
6132	4
2284	75
3361	77
3046	51
759	2
3718	12658
6133	4
5736	45
1686	12
1501	34
163	8
456	2
760	2
2743	28
2906	66
3196	25
5837	4
6134	4
1608	12
3853	138
761	2
3509	30
6135	4
1345	49
2033	60
2374	300
4701	302
4978	304
5140	306
5488	308
20	8
762	2
3135	54
6136	4
164	8
2792	28
5580	36
3246	25
3620	10549
763	2
1422	113
2060	60
6137	4
1938	21
1687	12
457	2
764	2
6138	4
165	8
5838	4
2475	9583
5003	191
5539	36
765	2
6139	4
2121	163
766	2
6140	4
166	8
2342	7237
2636	125
767	2
6141	4
1502	34
2700	85
2975	87
1688	12
3510	30
458	2
768	2
1846	9565
5043	103
5737	45
6142	4
167	8
2793	28
3047	51
5839	4
3247	25
769	2
1939	21
6143	4
5581	36
770	2
6144	4
21	8
168	8
1346	49
771	2
6145	4
2285	75
3362	77
1689	12
3463	30
459	2
772	2
1827	9565
2109	163
2143	429
2158	392
2180	12729
2185	12729
2428	92
2560	94
2907	66
3136	54
3404	435
3683	9636
3751	9839
3756	9839
3769	478
3778	28744
3795	401
3906	9676
3939	329
3945	329
3959	737
3982	437
3997	9641
4043	13056
4068	1585
4071	576
4089	1588
4121	1590
4153	18689
4175	13811
4214	23776
4272	9660
4318	61824
4341	7586
4375	13070
4426	15106
4457	15108
4470	1607
4502	10040
4533	9713
4540	13079
4565	22206
4591	1616
4620	64180
4652	1620
4679	247
4714	9680
4734	15926
4738	1626
4772	743
4795	71045
4802	1631
4834	10066
4849	9627
4866	10069
4883	10071
4907	331
4922	10074
4930	10076
4941	13109
4944	1644
4948	1646
4992	191
5024	103
5153	483
5158	483
5167	1652
5223	7621
5238	14370
5245	1658
5249	1660
5253	10095
5290	1664
5296	1666
5307	14418
5316	1670
5320	1672
5326	1674
5339	9689
5354	526
5373	13134
5386	7349
5400	1681
5428	13138
5466	251
5501	485
5506	485
5525	17807
5654	1689
5658	1691
5675	15972
5689	1695
5703	45
6146	4
169	8
5840	4
773	2
6147	4
774	2
3511	30
6148	4
2061	60
1503	34
170	8
2794	28
1940	21
775	2
3248	25
3621	70
6149	4
1690	12
1609	12
3719	12658
460	7203
776	2
6150	4
171	8
5738	45
5841	4
777	2
5582	36
6151	4
1887	21
3434	151
778	2
6152	4
2517	178
3048	51
172	8
22	8
779	2
6153	4
1691	12
5087	214
461	2
780	2
1347	49
6154	4
1423	113
3512	30
1941	21
173	8
781	2
1314	49
1584	264
2227	12687
2605	268
2795	28
3016	51
5842	4
6155	4
3249	25
1504	34
2701	85
2976	87
3854	10162
782	2
3137	54
6156	4
783	2
6157	4
174	8
1692	12
462	2
784	2
1847	9565
2261	75
2286	75
2394	352
2744	28
2882	66
2908	66
3197	25
3338	77
3363	77
3596	10549
3672	360
3784	12707
4855	9627
4889	9629
5044	103
6158	4
5583	36
785	2
6159	4
175	8
1460	34
5843	4
5739	45
2062	60
786	2
2637	125
6160	4
1942	21
787	2
1693	12
2429	92
2561	9562
3513	30
6161	4
3250	25
3622	10549
176	8
2796	28
23	8
463	2
788	2
3049	51
6162	4
1405	113
2343	9815
3701	12658
3822	224
4158	13062
4232	9590
5359	526
789	2
6163	4
1505	34
177	8
1348	49
5844	4
790	2
6164	4
2122	163
1610	12
1694	12
791	2
6165	4
178	8
5584	36
464	2
792	2
3106	54
3138	54
3926	15762
6166	4
3720	12658
1943	21
793	2
6167	4
3251	25
3514	30
179	8
2476	9775
2797	28
5004	191
5540	36
5845	4
794	2
6168	4
5740	45
1695	12
795	2
6169	4
180	8
24	8
465	2
796	2
2909	66
6170	4
1506	34
2702	85
2977	87
2287	75
3364	77
797	2
6171	4
1424	113
2063	60
2164	392
2196	12833
2208	12712
2248	9634
2465	9583
2506	178
3464	30
3689	9780
3801	401
3812	9760
3886	403
4003	9641
4015	9789
4095	28589
4126	854
4134	856
4181	407
4263	859
4635	20362
4809	9802
4966	865
5302	18846
5452	12863
181	8
3050	51
5846	4
798	2
6172	4
1944	21
1696	12
1349	49
799	2
6173	4
5585	36
3252	25
3623	10549
182	8
2798	28
466	2
800	2
1848	9565
3515	30
5045	103
6174	4
1888	21
3435	151
801	2
6175	4
183	8
802	2
2430	92
2562	9992
3139	54
5847	4
6176	4
1697	12
803	2
3855	138
6177	4
5741	45
2034	60
2375	300
4702	302
4979	9612
5141	306
5489	308
1507	34
467	2
804	2
6178	4
184	8
1945	21
25	8
2518	178
805	2
6179	4
2638	125
3253	25
806	2
6180	4
185	8
1611	12
2799	28
5848	4
1698	12
3516	30
5586	36
807	2
6181	4
3051	51
468	2
808	2
2498	566
2621	125
2668	569
2745	28
2910	66
3198	25
3911	574
4076	576
4680	9592
4719	579
4782	14940
4818	583
4835	13099
4871	9686
5116	10644
5344	590
5435	9691
5467	251
5704	45
6182	4
1350	49
186	8
2064	60
809	2
6183	4
3721	12658
2288	75
3365	77
810	2
2344	7237
6184	4
1946	21
187	8
1699	12
5849	4
811	2
1508	34
2703	85
2978	87
6185	4
5088	214
3254	25
3624	10549
469	2
812	2
3140	54
5742	45
6186	4
188	8
2800	28
1461	34
26	8
813	2
3517	30
6187	4
2149	429
2408	92
2540	10496
2680	85
2955	87
3410	435
3988	9651
814	2
5587	36
6188	4
1425	113
1700	12
189	8
5850	4
815	2
6189	4
2123	163
470	2
816	2
1849	101
5046	103
6190	4
1947	21
190	8
817	2
2431	92
2563	94
3946	329
4908	9617
6191	4
3052	51
1351	49
3255	25
818	7203
6192	4
1701	12
1509	34
191	8
1315	49
1585	264
2228	12687
2606	268
2801	28
3017	51
5851	4
819	2
6193	4
3518	30
471	2
820	2
2065	60
2911	66
6194	4
5743	45
192	8
3823	224
4233	12678
821	2
6195	4
5588	36
27	8
1612	12
822	2
3141	54
6196	4
1702	12
1948	21
2289	75
2477	9775
3366	77
5005	191
5541	36
193	8
823	2
5852	4
6197	4
3465	30
3256	25
3625	10549
472	2
824	2
1889	21
3436	151
6198	4
3856	138
2639	125
825	2
6199	4
194	8
2802	28
1510	34
2704	85
2979	87
3722	12658
826	2
1703	12
3519	30
6200	4
827	7203
1352	49
6201	4
195	8
3053	51
5853	4
473	2
828	2
1949	21
6202	4
5589	36
829	2
6203	4
196	8
5744	45
1704	12
3257	25
28	8
830	2
6204	4
831	2
6205	4
197	8
1426	113
2066	60
2519	178
2803	28
5854	4
2345	7237
474	2
832	7203
1828	9565
1850	9565
2178	28936
2186	12729
2219	9600
2262	75
2329	7237
2395	352
2432	92
2494	566
2564	94
2597	268
2664	569
2746	28
2883	66
2912	66
3107	54
3142	54
3199	25
3339	77
3421	151
3597	10549
3673	360
3757	9839
3765	26325
3770	21282
3785	28744
3840	138
3927	16036
3965	2181
3967	1008
3970	1008
3979	2185
4027	12902
4032	2188
4036	12904
4040	13056
4049	28955
4052	7454
4058	11897
4083	13292
4092	852
4101	13295
4106	2200
4112	2202
4131	856
4143	1018
4167	2206
4170	2208
4173	18904
4191	2212
4194	36131
4196	20288
4202	54995
4210	16130
4223	12678
4258	20294
4260	61967
4268	17641
4273	13862
4296	18916
4307	18918
4310	16141
4313	26562
4336	20306
4339	18925
4353	1022
4358	2241
4361	2243
4370	31403
4378	13338
4381	18934
4384	12915
4395	20319
4399	26576
4404	13346
4410	24024
4431	10341
4450	11962
4454	10345
4465	10347
4481	14888
4485	1026
4491	9866
4500	10355
4513	10357
4516	10359
4521	25398
4525	9696
4543	10363
4546	10365
4548	13368
4551	38532
4562	13372
4579	17694
4594	57409
4596	36181
4601	2295
4624	1030
4627	12920
4632	21813
4641	18974
4644	2302
4650	2304
4655	13391
4657	9945
4671	14207
4726	9871
4729	1033
4743	10398
4751	7853
4753	660
4757	15238
4765	1035
4769	743
4778	14940
4799	2321
4806	31325
4814	583
4826	10066
4856	31203
4879	2327
4881	12017
4890	11315
4919	2332
4951	9700
4955	9700
4961	2336
4963	865
5025	103
5047	103
5078	214
5104	9878
5107	1040
5112	588
5123	665
5127	665
5159	483
5179	43328
5187	25463
5195	2352
5198	41634
5209	27387
5212	19016
5214	10439
5217	13441
5241	13443
5273	10445
5279	10447
5281	10449
5287	10451
5293	2374
5299	12861
5311	2377
5332	2379
5351	19030
5379	1043
5383	12781
5394	16262
5397	27929
5404	2389
5406	13464
5409	24123
5422	10475
5425	7908
5431	9691
5444	9883
5458	251
5507	485
5519	2403
5521	9665
5526	11592
5661	2407
5663	2409
5668	10486
5681	10488
5697	2415
6206	4
3520	30
1511	34
833	2
6207	4
198	8
1705	12
1950	21
834	2
6208	4
835	2
6209	4
2290	75
3367	77
199	8
5855	4
475	2
836	2
3258	25
3626	10549
6210	4
5590	36
1353	49
1613	12
837	2
3054	51
6211	4
200	8
1706	12
2804	28
838	2
6212	4
5745	45
29	8
839	2
3521	30
6213	4
201	8
1951	21
5856	4
476	2
840	2
2124	163
6214	4
1512	34
2705	85
2980	87
1462	34
841	2
6215	4
1707	12
202	8
842	2
3143	54
6216	4
3259	25
5089	214
3723	106
2067	60
843	2
6217	4
5591	36
203	8
477	2
844	2
2805	28
2913	66
4681	9592
4836	10066
5468	251
5705	45
5857	4
6218	4
2640	125
845	2
6219	4
3857	138
1708	12
3522	30
1952	21
1354	49
2035	60
2376	300
4703	302
4980	12944
5142	306
5490	308
846	2
6220	4
204	8
3055	51
30	8
847	2
2433	92
2565	94
6221	4
1890	21
3437	151
5746	45
1513	34
478	2
848	2
1851	9565
2291	75
3368	77
5048	103
6222	4
205	8
3260	25
3627	10549
5858	4
1427	113
849	2
2165	392
2209	9632
2249	9634
3466	30
3690	10695
3802	9782
3887	7289
4004	9641
4182	407
6223	4
1709	12
850	2
6224	4
206	8
2806	28
851	2
5592	36
6225	4
2478	9583
5006	191
5542	36
1953	21
479	2
852	2
3144	54
3523	30
6226	4
1614	12
207	8
5859	4
853	7203
6227	4
1710	12
1406	113
2346	7237
3702	106
3824	224
4159	13062
4234	12678
5360	526
854	2
6228	4
2068	60
3261	25
208	8
1514	34
2706	85
2981	87
855	2
6229	4
1355	49
31	8
480	2
856	2
2747	28
2914	66
3200	25
5747	45
6230	4
209	8
1316	49
1586	264
2229	9600
2607	268
2807	28
3018	51
3056	51
5860	4
857	2
6231	4
1711	12
1954	21
858	2
2520	178
6232	4
5593	36
3524	30
210	8
859	2
6233	4
3724	12658
481	2
860	2
6234	4
3262	25
3628	12647
211	8
2292	75
3369	77
5861	4
861	2
6235	4
1712	12
862	2
2110	163
2434	92
2566	10496
3145	54
3947	329
3960	737
4044	13056
4534	9713
4773	743
4909	13492
4993	191
5387	7349
6236	4
1515	34
212	8
2808	28
863	2
6237	4
1955	21
2641	125
32	8
482	2
864	2
1852	9565
5049	103
6238	4
1356	49
2125	163
5748	45
213	8
865	2
1713	12
3525	30
5862	4
6239	4
1428	113
2069	60
5594	36
866	2
6240	4
3858	138
3057	51
3263	25
867	2
6241	4
214	8
1615	12
483	2
868	2
1463	34
2915	66
6242	4
2150	429
2409	92
2541	10496
2681	85
2956	87
3411	435
3989	9651
1714	12
869	2
6243	4
215	8
2809	28
5863	4
1956	21
1516	34
2707	85
2982	87
870	2
6244	4
1891	21
3438	151
871	2
6245	4
216	8
3526	30
484	2
872	2
3108	54
3146	54
3928	37656
6246	4
33	8
3264	25
3629	10549
1715	12
873	2
6247	4
5595	36
217	8
5864	4
2293	75
3370	77
5749	45
5090	214
874	2
1357	49
6248	4
3467	30
875	2
6249	4
1957	21
2347	9815
218	8
2810	28
3725	12658
485	2
876	2
6250	4
3058	51
1517	34
1716	12
877	2
2070	60
2435	92
2567	10496
6251	4
219	8
5865	4
878	2
3527	30
6252	4
3265	25
879	2
6253	4
220	8
486	2
880	2
1307	1203
1577	264
1853	9565
2202	12712
2242	9634
2263	75
2368	300
2388	352
2396	352
2479	189
2499	10229
2622	125
2669	569
2748	28
2884	66
2916	66
3201	25
3340	77
3598	10549
3666	360
3674	360
3786	12707
3880	403
3898	18077
3903	1229
3912	9915
3919	16520
3976	1233
4022	12969
4064	1237
4077	16552
4117	1240
4149	7510
4206	13579
4284	12977
4326	12979
4331	20709
4583	10606
4588	10608
4607	9941
4612	1258
4660	1260
4666	10615
4682	14207
4695	302
4720	579
4747	24243
4783	10625
4791	13605
4819	32683
4837	10066
4857	9627
4872	7324
4891	9629
4901	9617
4935	1278
4972	304
5007	191
5050	103
5117	588
5134	306
5258	13010
5263	13622
5336	1289
5345	590
5369	1292
5436	9691
5469	251
5482	308
5543	36
5694	1298
5706	45
6254	4
1717	12
5596	36
34	8
881	2
6255	4
1958	21
221	8
2811	28
5866	4
882	2
3147	54
6256	4
5750	45
1429	113
1616	12
883	2
2642	125
6257	4
1358	49
222	8
487	2
884	2
1518	34
2708	85
2983	87
6258	4
1718	12
3528	30
2521	9777
3266	25
3630	10549
885	2
6259	4
223	8
886	2
3059	51
5867	4
6260	4
3825	15477
4235	16421
2294	75
3371	77
887	2
1959	21
6261	4
3859	138
488	2
888	2
5597	36
6262	4
224	8
2036	60
2377	300
2812	28
4704	302
4981	304
5143	306
5491	308
1719	12
2071	60
889	2
6263	4
35	8
2126	163
890	2
6264	4
225	8
5868	4
3267	25
891	2
3529	30
6265	4
5751	45
1519	34
489	2
892	2
1829	9565
2187	12729
2436	92
2568	9992
2917	66
3148	54
3758	9839
3771	478
4274	9660
5026	103
5160	483
5508	485
5527	11592
6266	4
226	8
1720	12
3726	12658
1359	49
1960	21
893	2
6267	4
1892	21
3439	151
894	2
6268	4
227	8
1317	49
1587	264
2230	12687
2608	268
2813	28
3019	51
5869	4
895	2
6269	4
5598	36
1464	34
3060	51
490	2
896	2
1854	9565
5051	103
6270	4
1721	12
228	8
897	2
3268	25
3631	10549
6271	4
2348	9815
3530	30
36	8
898	2
1617	12
6272	4
229	8
1520	34
2709	85
2984	87
5870	4
1961	21
899	2
6273	4
2295	75
3372	77
1430	113
2072	60
491	2
900	2
5752	45
6274	4
1722	12
2166	392
2197	12833
2210	9632
2250	9634
2466	9775
2507	9777
3468	30
3691	10695
3803	13666
3813	15477
3888	403
4005	9787
4016	9789
4096	13228
4127	24314
4135	856
4183	24317
4264	23925
4636	12855
4810	14943
4967	865
5303	12861
5453	12863
230	8
2814	28
901	2
6275	4
902	2
3149	54
6276	4
1360	49
2643	125
231	8
5599	36
5871	4
903	2
6277	4
3269	25
492	2
904	2
1723	12
2749	28
2918	66
3202	25
3531	30
6278	4
1962	21
232	8
905	2
5091	214
6279	4
3061	51
1521	34
906	2
6280	4
37	8
233	8
907	2
2437	92
2569	9992
2815	28
3948	329
4910	14248
5872	4
6281	4
1724	12
493	2
908	2
6282	4
3860	138
2480	189
5008	9719
5544	36
5753	45
909	2
6283	4
234	8
3270	25
3632	10549
3727	9568
910	2
6284	4
5600	36
3532	30
1963	21
911	2
6285	4
235	8
2073	60
2522	9777
5873	4
1361	49
1725	12
494	2
912	2
1855	9565
2296	75
2330	9815
3109	54
3150	54
3373	77
3422	151
3841	138
3929	16520
4526	9696
4758	31689
4956	9700
5052	103
5128	665
6286	4
913	2
6287	4
1522	34
2710	85
2985	87
236	8
1618	12
2816	28
914	2
6288	4
2127	163
38	8
915	2
6289	4
3271	25
237	8
3062	51
5874	4
1726	12
495	2
916	2
2919	66
4683	14207
4838	10631
5470	251
5707	45
6290	4
1964	21
1893	21
3440	151
1431	113
917	2
3533	30
6291	4
238	8
5601	36
5754	45
918	2
6292	4
919	2
1407	113
2349	7237
3703	9568
3826	224
4160	24334
4236	12678
5361	526
6293	4
239	8
1727	12
2817	28
5875	4
496	2
920	2
6294	4
1523	34
921	2
1362	49
6295	4
3272	25
3633	12647
240	8
2644	125
922	2
2438	92
2570	9562
3151	54
6296	4
1965	21
2074	60
923	2
6297	4
1465	34
39	8
1728	12
3534	30
241	8
2151	429
2410	92
2542	9992
2682	85
2957	87
3412	435
3990	437
5876	4
497	7203
924	2
6298	4
2297	75
3374	77
925	2
5602	36
6299	4
3063	51
242	8
2818	28
926	2
3728	9568
6300	4
3469	30
5755	45
927	2
6301	4
1729	12
3273	25
1524	34
2711	85
2986	87
243	8
498	2
928	2
1856	101
2264	75
2397	352
2750	28
2885	66
2920	66
3203	25
3341	77
3599	10549
3675	360
3787	362
4858	9751
4892	11315
5053	103
5877	4
6302	4
1966	21
1619	12
929	2
6303	4
3861	138
930	2
3535	30
6304	4
244	8
1363	49
2037	60
2378	300
4705	302
4982	17373
5144	306
5492	308
931	2
6305	4
1730	12
40	8
499	2
932	2
3152	54
6306	4
245	8
1318	49
1588	264
2231	12687
2609	268
2819	28
3020	51
5878	4
5603	36
933	2
6307	4
3274	25
3634	70
934	7203
1432	113
2075	60
6308	4
1967	21
246	8
935	2
3064	51
6309	4
1525	34
1731	12
5756	45
500	2
936	2
6310	4
5092	214
247	8
5879	4
3536	30
937	2
2439	92
2571	9992
6311	4
2298	75
2481	189
3375	77
5009	191
5545	36
2523	178
938	2
6312	4
248	8
2820	28
939	2
6313	4
1732	12
2128	163
3275	25
1364	49
5604	36
501	2
940	2
1894	21
2921	66
3441	151
6314	4
1968	21
41	8
249	8
5880	4
2350	9815
941	2
6315	4
2645	125
942	2
3153	54
6316	4
1526	34
2712	85
2987	87
250	8
3729	13545
943	2
1733	12
3537	30
6317	4
1620	12
502	7203
944	2
1857	9565
5054	103
5757	45
6318	4
251	8
2821	28
3065	51
5881	4
945	2
6319	4
2076	60
3276	25
3635	13537
946	2
1969	21
6320	4
252	8
1734	12
947	2
6321	4
5605	36
503	2
948	2
6322	4
42	8
253	8
949	2
5882	4
6323	4
1365	49
3538	30
1527	34
950	2
6324	4
2299	75
3376	77
3862	138
1466	34
1735	12
951	2
6325	4
254	8
1433	113
2822	28
3827	224
4237	12678
2167	392
2211	12712
2251	9634
3470	30
3692	10695
3804	12716
3889	403
4006	9641
4184	18518
1970	21
3277	25
504	2
952	2
1305	1203
1830	9565
2111	163
2144	429
2159	392
2174	13704
2175	13706
2176	10744
2177	14782
2181	12729
2188	12729
2194	12833
2220	266
2440	92
2500	566
2572	10496
2598	10686
2623	125
2670	569
2675	10757
2676	10757
2751	28
2922	66
3110	54
3154	54
3204	25
3405	435
3684	9636
3752	10673
3759	10673
3772	12732
3779	12707
3796	15506
3896	9911
3901	1229
3907	16517
3913	16517
3930	15434
3940	329
3949	9708
3957	11780
3961	11780
3971	1008
3974	16529
3981	10785
3983	9651
3998	9787
4013	9789
4020	1235
4025	9847
4028	12902
4031	13284
4034	12904
4037	13286
4045	739
4053	15767
4056	11897
4059	9853
4062	1237
4067	1585
4069	73874
4072	576
4078	12156
4085	10806
4086	53015
4087	10809
4088	19318
4090	1588
4100	13295
4103	13774
4104	3454
4105	16567
4108	55371
4109	13782
4110	13784
4111	10282
4114	10827
4115	1240
4120	10831
4122	10831
4124	24423
4139	10836
4140	19335
4141	10839
4144	56194
4147	7510
4152	10844
4154	13803
4166	38896
4169	38898
4172	29385
4176	10854
4193	3484
4198	57771
4199	19352
4200	26961
4201	48379
4204	55401
4209	10867
4212	29399
4213	62454
4215	16620
4217	19366
4218	21947
4219	13836
4220	13838
4221	16630
4224	24468
4248	34184
4249	16636
4250	3516
4251	16638
4252	3519
4253	60114
4254	60116
4255	24482
4256	24484
4257	55426
4275	17641
4281	16655
4282	16657
4287	19397
4288	29431
4289	48418
4290	53091
4291	10918
4292	13877
4293	21981
4294	64817
4295	16674
4298	16676
4299	16678
4300	16680
4301	16682
4302	24514
4303	10937
4304	29450
4305	69394
4306	8254
4309	16693
4312	53109
4315	19434
4316	16699
4317	19436
4319	27040
4321	60160
4322	50776
4323	10957
4324	10959
4329	20709
4334	19449
4335	69413
4338	16717
4342	16719
4344	31876
4345	8276
4346	16725
4347	3594
4348	19463
4349	55474
4350	16731
4351	53853
4354	50797
4357	16736
4360	2243
4363	16740
4364	31890
4365	34266
4366	27070
4367	62543
4368	34271
4369	19481
4372	74005
4373	55491
4374	20530
4376	23781
4380	50817
4385	12915
4388	19492
4389	39009
4390	13976
4391	48496
4392	36642
4393	31918
4394	24591
4397	71725
4398	29520
4401	50831
4402	16782
4403	2255
4406	43773
4407	67173
4408	41400
4409	16792
4412	46154
4413	60226
4414	11042
4415	24614
4416	11046
4417	31942
4418	24619
4419	11052
4420	55535
4421	11056
4422	16809
4423	24626
4424	11062
4425	10035
4427	10035
4429	11066
4430	11066
4433	11069
4434	11071
4435	11073
4436	11075
4437	11077
4438	55553
4439	11081
4440	11083
4441	34340
4442	3703
4443	24644
4444	24646
4445	16835
4446	27151
4447	27153
4448	3716
4449	34351
4452	16845
4453	46193
4456	10037
4458	10037
4460	3726
4461	11110
4462	11112
4463	14064
4464	11115
4467	11117
4468	8374
4469	3738
4471	1607
4473	16859
4474	3743
4475	16862
4476	11129
4477	16865
4478	11133
4479	11133
4480	10349
4483	9864
4486	24031
4489	18570
4492	19601
4495	14090
4496	11141
4497	14093
4498	11146
4499	10355
4503	10040
4505	22168
4506	11152
4507	24692
4508	11156
4509	32010
4510	32010
4511	11161
4512	11163
4515	11165
4518	11167
4519	11169
4520	11169
4531	9713
4535	10042
4539	36742
4541	10044
4545	50942
4550	32024
4553	24710
4554	11180
4555	27218
4556	11183
4557	11186
4558	19640
4559	67267
4560	16918
4561	16920
4564	27228
4566	22206
4568	11199
4569	29633
4570	34417
4571	19657
4572	48627
4573	50970
4574	16933
4575	16933
4576	14154
4577	11215
4578	50977
4581	10606
4586	16940
4592	10048
4598	27249
4599	3840
4600	2295
4603	3843
4604	3845
4605	19685
4610	18101
4615	32070
4616	3849
4617	14176
4618	22239
4619	1618
4621	34443
4623	53312
4628	19699
4631	3860
4640	2300
4643	22251
4646	43919
4647	16977
4648	16979
4649	14924
4653	1620
4663	11262
4664	43927
4669	16989
4672	14207
4684	14207
4715	16994
4721	12749
4730	1033
4733	1624
4735	15926
4737	39194
4739	11277
4741	11280
4742	3886
4745	29690
4750	7853
4763	1035
4766	1035
4774	743
4784	14228
4789	1270
4794	43953
4796	36835
4798	2321
4801	24798
4803	1631
4805	11303
4820	25440
4827	10066
4839	10066
4850	31618
4867	9686
4873	11310
4878	17036
4884	11315
4911	14248
4921	10074
4923	10074
4925	11320
4926	11320
4927	11323
4928	11325
4929	11325
4931	10076
4933	9959
4938	11330
4939	11330
4940	10078
4942	10078
4945	1644
4947	1646
4949	11336
4994	191
5027	103
5079	214
5108	9878
5111	3936
5118	19785
5154	483
5161	483
5168	1652
5170	3942
5171	3944
5172	3946
5173	3948
5174	39250
5175	32154
5176	34525
5177	74237
5178	60440
5181	17080
5182	17082
5183	19806
5184	3965
5185	3967
5186	2350
5189	3970
5190	17094
5191	19816
5192	32173
5193	14310
5194	14312
5197	32177
5200	44021
5201	3985
5202	3987
5203	27378
5204	58126
5205	3993
5206	29781
5207	17120
5208	27387
5211	41646
5216	17126
5219	17128
5220	17130
5221	17132
5222	4007
5224	36925
5226	4011
5227	32200
5228	17140
5229	4016
5230	11429
5231	17145
5232	19856
5233	11435
5234	4026
5235	24911
5236	11441
5237	17156
5239	14370
5243	14372
5244	17943
5246	1658
5248	55815
5250	1660
5252	17169
5254	1662
5256	11458
5261	53451
5266	4046
5267	11463
5268	48807
5269	24937
5270	24937
5271	11470
5272	11470
5275	14400
5276	17190
5277	17192
5278	13446
5283	4065
5284	19892
5285	11484
5286	11486
5289	1664
5291	1664
5295	24953
5297	24953
5308	1668
5310	11494
5313	4079
5314	24959
5315	1670
5317	1670
5319	1672
5321	17956
5323	11504
5324	29852
5325	17958
5327	14435
5329	14438
5330	53485
5331	44102
5334	14444
5340	11517
5346	590
5353	17237
5355	9898
5367	9971
5372	15161
5374	39378
5376	11529
5377	15789
5380	58206
5388	14706
5392	22459
5393	27470
5396	29876
5399	39392
5401	39392
5403	2389
5408	44128
5411	14475
5412	11549
5413	11551
5414	25009
5415	4130
5416	11557
5417	44136
5418	11561
5419	4138
5420	11565
5421	11567
5424	11569
5427	10119
5429	13138
5437	9691
5442	9883
5445	1045
5448	11576
5449	14503
5450	12863
5459	251
5471	251
5502	485
5509	485
5515	11585
5516	11587
5517	11589
5518	2403
5528	7309
5655	1689
5657	1691
5659	1691
5665	11597
5666	8684
5667	25041
5670	19982
5671	4178
5672	4180
5673	4180
5674	25047
5676	67530
5678	11613
5679	44175
5680	37049
5683	4192
5684	11621
5685	11621
5686	11624
5687	4199
5688	1695
5690	1695
5692	1298
5708	45
6326	4
5758	45
953	2
6327	4
255	8
5883	4
954	2
6328	4
3066	51
5606	36
1736	12
955	2
6329	4
256	8
505	2
956	2
3539	30
6330	4
2077	60
957	2
1528	34
2713	85
2988	87
6331	4
257	8
2823	28
5884	4
43	8
1971	21
958	2
3278	25
3636	10549
6332	4
1366	49
1737	12
959	2
6333	4
1621	12
3730	13545
258	8
506	2
960	2
1858	9565
5055	103
6334	4
2646	125
961	2
6335	4
259	8
5759	45
5885	4
962	2
3155	54
5607	36
6336	4
1738	12
3540	30
2351	7237
963	2
6337	4
1895	21
2300	75
3377	77
3442	151
260	8
1972	21
2824	28
507	2
964	2
2129	163
2923	66
6338	4
3279	25
1529	34
2524	10148
3067	51
965	2
6339	4
261	8
5886	4
44	8
966	2
6340	4
1739	12
2482	189
5010	9719
5546	36
967	2
2441	92
2573	9992
6341	4
5093	11862
262	8
508	2
968	2
1367	49
6342	4
1434	113
2078	60
969	2
3541	30
6343	4
5608	36
1973	21
263	8
970	2
1319	49
1589	264
2232	12687
2610	10686
2825	28
3021	51
5887	4
6344	4
3280	25
3637	10549
1740	12
5760	45
971	2
6345	4
1530	34
2714	85
2989	87
3863	138
509	2
972	2
3156	54
6346	4
264	8
2038	60
2379	300
4706	302
4983	17373
5145	306
5493	308
973	2
6347	4
974	2
6348	4
265	8
1741	12
3068	51
5888	4
45	8
1622	12
975	2
6349	4
1974	21
3542	30
510	2
976	2
1859	9565
2265	75
2301	75
2398	352
2752	28
2886	66
2924	66
3205	25
3342	77
3378	77
3600	10549
3676	360
3788	362
4859	9627
4893	11315
5056	103
6350	4
3731	10557
266	8
2826	28
3281	25
5609	36
977	2
6351	4
1368	49
3471	30
978	2
6352	4
1742	12
267	8
1467	34
5889	4
1531	34
979	2
6353	4
2152	429
2411	92
2543	9992
2683	85
2958	87
3413	435
3991	9651
5761	45
2079	60
511	2
980	7203
2647	125
6354	4
268	8
981	2
6355	4
1975	21
982	2
1743	12
2442	92
2574	10496
3157	54
3543	30
6356	4
3282	25
3638	10549
269	8
2827	28
5890	4
46	8
983	2
6357	4
512	2
984	2
3069	51
6358	4
5610	36
1408	113
2352	7237
3704	106
3828	15477
4161	29288
4238	21097
5362	526
270	8
985	2
6359	4
1435	113
1744	12
986	2
6360	4
1532	34
2715	85
2990	87
1896	21
3443	151
271	8
1369	49
5891	4
987	2
6361	4
1976	21
513	2
988	2
2925	66
4685	16991
4840	10066
5472	251
5709	45
5762	45
6362	4
3283	25
3544	13512
2130	163
2302	10551
3379	77
272	8
2828	28
989	2
6363	4
1623	12
1745	12
990	2
6364	4
273	8
991	2
2080	60
2525	178
5892	4
6365	4
47	8
5611	36
514	2
992	2
1860	101
2331	9815
3111	54
3158	54
3423	151
3842	138
3931	24378
4527	9696
4759	660
4957	12324
5057	103
5129	665
6366	4
3732	106
3864	138
993	2
6367	4
274	8
1977	21
1533	34
1746	12
3070	51
994	2
6368	4
3284	25
3639	10549
995	2
3545	30
6369	4
275	8
2483	9775
2829	28
5011	19779
5547	36
5893	4
515	2
996	2
6370	4
1370	49
5763	45
997	2
2443	92
2575	9992
3950	329
4912	9617
6371	4
276	8
1747	12
998	2
6372	4
5094	214
999	2
5612	36
6373	4
1978	21
277	8
2648	125
5894	4
48	8
516	2
1000	2
2753	28
2926	66
3206	25
6374	4
3285	25
1534	34
2716	85
2991	87
1001	2
6375	4
278	8
1748	12
2830	28
3546	30
2303	75
3380	77
1002	2
3159	54
6376	4
1436	113
2081	60
1003	2
6377	4
2168	392
2198	12833
2212	12712
2252	9634
2467	189
2508	178
3472	30
3693	10695
3805	15506
3814	224
3890	403
4007	9787
4017	9789
4097	852
4128	24423
4136	856
4185	407
4265	20100
4637	16462
4811	13237
4968	865
5304	12861
5454	12863
279	8
3071	51
5895	4
517	2
1004	2
6378	4
1005	2
1979	21
6379	4
1624	12
1749	12
1371	49
5764	45
280	8
1006	2
1468	34
6380	4
2353	7237
5613	36
3286	25
3640	10549
1007	2
6381	4
281	8
1320	49
1590	264
2233	12687
2611	10686
2831	28
3022	51
5896	4
518	2
1008	2
1861	9565
3547	30
5058	103
6382	4
1535	34
49	8
1009	2
6383	4
1750	12
3733	10557
1897	21
3444	151
282	8
1010	2
6384	4
1980	21
1011	2
6385	4
283	8
519	2
1012	2
1831	9565
2189	12729
2444	92
2576	9992
2927	66
3160	54
3760	15882
3773	478
4276	17641
5028	103
5162	483
5510	485
5529	11592
5897	4
6386	4
3287	25
1013	2
6387	4
1751	12
3072	51
2131	163
2082	60
5614	36
1014	2
3865	138
6388	4
284	8
2832	28
2304	75
3381	77
5765	45
3548	30
1015	2
1372	49
2039	60
2380	300
4707	302
4984	304
5146	306
5494	308
6389	4
1536	34
2717	85
2992	87
520	2
1016	2
6390	4
285	8
5898	4
1981	21
50	8
1017	7203
6391	4
1752	12
3829	28439
4239	226
2526	10148
1018	2
6392	4
286	8
2649	125
1019	2
3288	25
3641	10549
6393	4
1437	113
521	2
1020	2
6394	4
287	8
1625	12
2833	28
5899	4
1021	2
1753	12
3549	30
6395	4
5615	36
1022	2
3161	54
6396	4
288	8
1537	34
1982	21
1023	2
6397	4
3073	51
5766	45
522	2
1024	7203
1308	1203
1578	264
1862	9565
2203	12712
2243	9634
2266	75
2369	300
2389	352
2399	352
2484	189
2501	21847
2624	10514
2671	569
2754	28
2887	66
2928	66
3207	25
3343	77
3601	10549
3667	360
3677	360
3789	12707
3881	403
3899	18077
3904	1229
3914	9676
3920	15434
3977	16529
4023	12969
4065	1237
4079	576
4118	13788
4150	21727
4207	13579
4285	12977
4327	48453
4332	16711
4584	10606
4589	16940
4608	9941
4613	19152
4661	9945
4667	43927
4686	14207
4696	302
4722	12749
4748	43943
4785	13603
4792	1270
4821	13000
4841	10066
4860	9751
4874	9686
4894	11315
4902	9617
4936	9959
4973	12291
5012	191
5059	103
5119	10644
5135	306
5259	24260
5264	1287
5337	24264
5347	11517
5370	9971
5438	9691
5473	251
5483	308
5548	36
5695	1298
5710	45
6398	4
1373	49
289	8
5900	4
1754	12
1025	2
6399	4
3289	25
2083	60
51	8
1026	2
6400	4
3734	12658
290	8
2834	28
1027	2
2445	92
2577	10496
6401	4
2305	75
3382	77
3550	30
523	2
1028	2
2354	7237
6402	4
1983	21
5616	36
291	8
1755	12
5901	4
3473	30
1029	2
6403	4
1030	2
1538	34
2718	85
2993	87
6404	4
5095	214
292	8
1031	2
6405	4
3290	25
3642	70
524	2
1032	2
3112	54
3162	54
3932	288
5767	45
6406	4
1756	12
1898	21
3445	151
293	8
1033	2
2835	28
3074	51
5902	4
6407	4
1469	34
1374	49
52	8
1034	2
3551	30
6408	4
2153	429
2412	92
2544	10496
2684	85
2959	87
3414	435
3992	9651
1984	21
1035	2
6409	4
294	8
3866	138
1626	12
525	2
1036	2
2929	66
5617	36
6410	4
1438	113
1757	12
2084	60
1037	2
6411	4
295	8
5903	4
1539	34
3291	25
1038	2
6412	4
2650	10514
2132	163
1039	2
6413	4
296	8
2836	28
526	2
1040	2
1863	9565
2306	75
3383	77
5060	103
6414	4
1985	21
1758	12
3552	30
5768	45
1041	2
6415	4
297	8
5904	4
1042	2
2112	163
2446	92
2578	9992
3163	54
3951	16522
3962	11780
4046	13056
4536	20155
4775	743
4913	14248
4995	12212
5389	39603
6416	4
53	8
3075	51
3735	106
1043	2
6417	4
1375	49
3292	25
3643	10549
5618	36
298	8
527	2
1044	2
6418	4
2527	10148
1759	12
1540	34
2719	85
2994	87
1045	2
6419	4
299	8
1321	49
1591	264
2234	12687
2612	10686
2837	28
3023	51
5905	4
1046	2
6420	4
1986	21
1047	2
3553	30
6421	4
300	8
528	2
1048	2
2085	60
2755	28
2930	66
3208	25
6422	4
1760	12
1049	2
6423	4
3293	25
5769	45
301	8
1409	113
2355	7237
3705	10557
3830	15477
4162	24433
4240	12678
5363	526
5906	4
1050	2
6424	4
5619	36
54	8
1051	2
1627	12
6425	4
302	8
1541	34
2838	28
529	2
1052	2
3164	54
6426	4
1761	12
1987	21
1376	49
3076	51
2307	75
2485	189
3384	77
5013	191
5549	36
1053	2
6427	4
3554	11812
1439	113
303	8
1054	2
5907	4
6428	4
2169	392
2213	12712
2253	9634
3474	13512
3694	10695
3806	10697
3891	7289
4008	9787
4186	10854
1055	2
6429	4
3294	25
3644	10549
530	2
1056	2
1864	101
1899	21
3446	151
5061	11846
6430	4
304	8
1762	12
3867	138
1057	2
2447	92
2579	9992
6431	4
2040	60
2381	300
4708	17371
4985	9612
5147	306
5495	308
2651	125
1058	2
6432	4
1988	21
305	8
2839	28
5620	36
5908	4
5770	45
1059	2
6433	4
1542	34
2720	85
2995	87
2086	60
55	8
3736	10557
531	2
1060	2
1763	12
2931	66
3555	30
4687	14207
4842	10066
5474	251
5711	45
6434	4
306	8
1061	2
6435	4
1470	34
5096	214
3295	25
1062	2
1377	49
3165	54
6436	4
307	8
3077	51
5909	4
1063	2
6437	4
2133	163
1764	12
532	2
1064	2
1989	21
6438	4
308	8
2840	28
1065	2
6439	4
2308	75
3385	77
5621	36
1066	2
6440	4
1628	12
1543	34
3556	30
309	8
5910	4
1067	2
6441	4
5771	45
1765	12
3296	25
3645	10549
56	8
533	2
1068	2
6442	4
310	8
1069	2
6443	4
1990	21
1070	2
6444	4
311	8
1440	113
2087	60
2528	178
2841	28
5911	4
1071	2
6445	4
1378	49
2356	7237
1766	12
534	2
1072	2
1832	9565
1865	9565
2179	17575
2190	12729
2221	12687
2267	10551
2332	9815
2400	352
2448	92
2495	21847
2580	94
2599	268
2665	569
2756	28
2888	66
2932	66
3113	54
3166	54
3209	25
3344	77
3424	151
3602	70
3678	360
3761	9839
3766	10675
3774	12732
3790	7278
3843	18002
3933	15762
3966	10259
3968	16527
3972	1008
3980	17605
4029	12902
4033	14811
4038	26215
4041	13056
4050	13757
4054	9851
4060	14817
4084	13292
4093	14820
4102	13295
4107	2200
4113	10282
4132	11725
4145	1018
4168	10848
4171	2208
4174	20283
4192	17627
4195	17629
4197	17631
4203	19356
4211	13312
4225	226
4259	20294
4261	12853
4269	15488
4277	42069
4297	72380
4308	18918
4311	38497
4314	49193
4337	16715
4340	13925
4355	14860
4359	17658
4362	16151
4371	32623
4379	11949
4382	12915
4386	18934
4396	63250
4400	22828
4405	22830
4411	32634
4432	10341
4451	56236
4455	32639
4466	10347
4482	10349
4487	10351
4493	25393
4501	30252
4514	10357
4517	13361
4522	9696
4528	9696
4544	13365
4547	10365
4549	56255
4552	14904
4563	27854
4580	16187
4595	22858
4597	32658
4602	14914
4625	18572
4629	56267
4633	17703
4642	13386
4645	11250
4651	25419
4656	14926
4658	1260
4673	14207
4727	1033
4731	1033
4744	14932
4752	13398
4754	15238
4760	660
4767	1035
4770	11290
4779	24245
4800	24073
4807	37406
4815	583
4828	26364
4861	15690
4880	17036
4882	12017
4895	11315
4920	10415
4952	17740
4958	9700
4962	65607
4964	12469
5029	103
5062	103
5080	214
5105	9878
5109	9878
5113	10644
5124	12326
5130	12326
5163	483
5180	46918
5188	20408
5196	2352
5199	42162
5210	20412
5213	42166
5215	20416
5218	14979
5242	13443
5274	2366
5280	13446
5282	10449
5288	10451
5294	2374
5300	867
5312	11494
5333	56327
5352	19030
5381	1043
5384	15660
5395	16262
5398	30342
5405	39840
5407	15004
5410	15006
5423	10475
5426	10477
5432	9691
5446	9883
5460	251
5511	485
5520	2403
5522	21361
5530	17807
5662	2407
5664	2409
5669	12085
5682	12087
5698	10490
6446	4
3078	51
312	8
1073	2
3557	30
5622	36
6447	4
1544	34
2721	85
2996	87
3297	25
1074	2
6448	4
313	8
1075	2
5912	4
6449	4
1767	12
1991	21
535	2
1076	2
5772	45
6450	4
3737	9568
57	8
1077	2
2652	10514
6451	4
314	8
2842	28
3868	18002
1078	2
6452	4
2309	10551
3386	77
1079	2
6453	4
315	8
1900	21
3447	151
5913	4
1768	12
3558	30
536	2
1080	2
3298	25
3646	10549
6454	4
3475	11812
5623	36
1379	49
1081	2
6455	4
1545	34
316	8
1629	12
2486	189
5014	191
5550	36
1992	21
1082	2
3079	51
3167	54
6456	4
2088	60
3831	18027
4241	21097
1083	2
6457	4
317	8
1322	49
1592	264
1769	12
2235	12687
2613	10686
2843	28
3024	51
5914	4
537	2
1084	2
2933	66
6458	4
5773	45
58	8
1085	2
6459	4
318	8
1086	2
3559	30
6460	4
3299	25
1087	2
2449	92
2581	9992
3952	16522
4914	13492
6461	4
1770	12
319	8
1993	21
5915	4
5624	36
1441	113
538	2
1088	2
1866	9565
2134	163
5063	103
6462	4
1546	34
2722	85
2997	87
1471	34
1089	2
6463	4
320	8
2154	429
2413	92
2545	9992
2685	85
2844	28
2960	87
3415	435
3993	16533
1090	2
6464	4
1380	49
1091	2
6465	4
1771	12
2310	75
3387	77
321	8
3080	51
5916	4
539	2
1092	2
3168	54
6466	4
3300	25
3647	10549
3560	30
5097	214
1093	2
3738	10557
6467	4
2357	9815
59	8
1994	21
2089	60
5774	45
322	8
1094	2
6468	4
1095	2
6469	4
1772	12
5625	36
1547	34
323	8
540	2
1096	2
2502	566
2625	10514
2672	569
2757	28
2845	28
2934	66
3210	25
3915	16517
4080	10803
4688	11856
4723	12749
4786	10625
4822	13000
4843	10066
4875	12203
5120	588
5348	11517
5439	592
5475	251
5712	45
5917	4
6470	4
2653	125
1630	12
1097	2
6471	4
2529	178
1098	2
6472	4
324	8
3301	25
3869	18002
1099	2
1773	12
3561	30
6473	4
1995	21
1381	49
2041	60
2382	300
4709	20045
4986	17373
5148	306
5496	308
541	2
1100	2
6474	4
325	8
5918	4
1101	2
6475	4
3081	51
60	8
1102	2
2450	10494
2582	10496
3169	54
6476	4
326	8
2846	28
1901	21
3448	151
5775	45
5626	36
1774	12
1103	2
1548	34
2723	85
2998	87
6477	4
542	2
1104	2
1867	9565
2311	75
3388	77
5064	103
6478	4
327	8
3302	25
3648	10549
5919	4
1105	2
1442	113
2090	60
6479	4
1996	21
3562	11812
1106	2
2170	392
2199	12833
2214	12712
2254	9634
2468	9583
2509	10148
3476	30
3695	10695
3807	12716
3815	15477
3892	403
4009	9787
4018	9789
4098	17422
4129	24314
4137	11725
4187	407
4266	44468
4638	21813
4812	23268
4969	865
5305	49284
5455	12863
6480	4
328	8
1775	12
1107	2
6481	4
543	2
1108	2
2935	66
6482	4
329	8
2847	28
5920	4
1109	2
1382	49
6483	4
3739	10557
1110	2
5627	36
6484	4
1549	34
2487	189
5015	191
5551	36
61	8
3303	25
330	8
1776	12
1111	2
6485	4
1997	21
5776	45
3082	51
544	2
1112	2
3114	54
3170	54
3563	30
3934	9843
6486	4
1631	12
331	8
2135	163
5921	4
1113	2
6487	4
1114	2
6488	4
1777	12
332	8
2848	28
1115	2
6489	4
1410	113
2358	9815
3706	10557
3832	18027
4163	12950
4242	12678
5364	9898
2654	125
545	2
1116	2
6490	4
1472	34
2091	60
3304	25
3649	10549
2312	10551
3389	77
333	8
1117	2
2451	20148
2583	9992
5922	4
6491	4
1998	21
5628	36
1550	34
2724	85
2999	87
1118	2
6492	4
1383	49
1778	12
3564	30
62	8
1119	2
6493	4
334	8
3870	138
546	2
1120	2
1868	9565
2268	75
2401	352
2758	28
2889	66
2936	66
3211	25
3345	77
3603	10549
3679	360
3791	362
4862	17032
4896	17038
5065	103
5777	45
6494	4
1121	7203
6495	4
335	8
1323	49
1593	264
2236	9600
2614	10686
2849	28
3025	51
3083	51
5923	4
1122	2
3171	54
6496	4
1443	113
1779	12
3305	25
1123	2
1999	21
6497	4
336	8
547	2
1124	2
2530	10148
6498	4
5098	214
5629	36
1551	34
1125	2
3565	11812
6499	4
337	8
5924	4
1902	21
3449	151
1126	2
6500	4
1780	12
3740	9568
1127	2
6501	4
63	8
338	8
1632	12
2850	28
1384	49
2092	60
548	2
1128	2
6502	4
3306	25
3650	10549
5778	45
2000	21
1129	2
6503	4
339	8
2313	75
3390	77
5925	4
1130	2
6504	4
1781	12
1131	2
3084	51
6505	4
3566	30
340	8
3477	30
549	2
1132	2
1833	9565
2113	163
2145	429
2160	392
2182	12729
2191	12729
2452	92
2584	9992
2937	66
3172	54
3406	435
3685	10695
3753	10673
3762	10673
3775	478
3780	7278
3797	12716
3908	17873
3941	329
3953	329
3963	9710
3984	15500
3999	9787
4047	13056
4070	16549
4073	15035
4091	63418
4123	19331
4155	12162
4177	407
4216	10026
4278	9660
4320	44668
4343	7586
4377	30432
4428	20532
4459	13074
4472	1607
4504	12176
4537	9713
4542	16903
4567	17905
4593	15117
4622	20544
4654	14200
4689	20227
4716	12749
4736	13092
4740	1626
4776	743
4797	47049
4804	61098
4844	19165
4851	9627
4868	10069
4885	9629
4915	13492
4924	10074
4932	10076
4943	10078
4946	1644
4950	1646
4996	19779
5030	11846
5155	483
5164	483
5169	1652
5225	58781
5240	23061
5247	15950
5251	1660
5255	14381
5292	14412
5298	17951
5309	1668
5318	12231
5322	1672
5328	1674
5341	11517
5356	526
5375	37584
5390	12781
5402	1681
5430	12247
5476	251
5503	485
5512	485
5531	19973
5656	1689
5660	1691
5677	70350
5691	1695
5713	45
6506	4
1552	34
2725	85
3000	87
5630	36
1133	2
6507	4
341	8
2851	28
5926	4
1134	2
6508	4
1782	12
2001	21
3307	25
1135	2
6509	4
2655	125
342	8
64	8
550	2
1136	2
1869	9565
5066	103
6510	4
1137	2
2359	9815
6511	4
1385	49
2136	163
5779	45
343	8
1138	2
1783	12
3567	11812
5927	4
6512	4
1139	2
6513	4
1444	113
2093	60
2488	189
5016	19779
5552	36
1553	34
5631	36
551	2
1140	2
6514	4
344	8
2852	28
3871	18002
2002	21
3085	51
1141	2
3308	25
3651	12647
6515	4
1784	12
2042	60
2383	300
4710	12289
4987	304
5149	306
5497	308
1142	2
3173	54
6516	4
345	8
5928	4
2314	10551
3391	77
1633	12
1143	2
6517	4
3741	9568
552	2
1144	2
1473	34
2759	28
2938	66
3212	25
6518	4
346	8
65	8
3568	30
1145	2
2155	429
2414	92
2546	9992
2686	85
2961	87
3416	435
3994	47017
6519	4
1785	12
1146	2
6520	4
347	8
2853	28
5780	45
5929	4
1386	49
2003	21
1554	34
2726	85
3001	87
1147	2
2453	92
2585	9992
5632	36
6521	4
3309	25
3833	44780
4243	12678
553	2
1148	2
6522	4
348	8
1903	21
3450	151
1149	2
6523	4
1786	12
1150	2
6524	4
349	8
2094	60
2531	10148
3086	51
5930	4
1151	2
3569	30
6525	4
554	2
1152	2
1870	9565
2333	9815
3115	54
3174	54
3425	151
3844	18002
3935	18037
4529	9696
4761	61201
4959	9700
5067	11846
5131	665
6526	4
2004	21
350	8
2854	28
66	8
1153	2
6527	4
3310	25
3652	10549
1787	12
1154	2
6528	4
1555	34
5633	36
2656	10514
351	8
5931	4
1155	2
6529	4
2315	75
3392	77
5781	45
5099	214
555	2
1156	2
1387	49
2939	66
6530	4
1445	113
352	8
1157	2
6531	4
2171	392
2215	12712
2255	9634
3478	30
3696	10695
3808	9782
3893	18050
4010	12151
4188	407
1788	12
3570	30
1158	2
6532	4
1634	12
2005	21
2360	7237
353	8
1159	2
1324	49
1594	264
2237	12687
2615	10686
2855	28
3026	51
5932	4
6533	4
3311	25
3742	10557
556	2
1160	2
6534	4
3087	51
1161	2
6535	4
354	8
1556	34
1789	12
2727	85
3002	87
67	8
3872	18002
5634	36
1162	2
2095	60
2454	15379
2586	94
3175	54
6536	4
2137	163
1163	2
6537	4
355	8
5933	4
557	2
1164	2
3571	30
5782	45
6538	4
2006	21
1165	2
6539	4
356	8
1790	12
2856	28
1388	49
3312	25
3653	13537
1166	2
6540	4
1167	2
6541	4
357	8
5934	4
558	2
1168	2
1309	1203
1579	264
1871	9565
2204	12712
2244	9634
2269	10551
2316	10551
2370	300
2390	352
2402	352
2489	9775
2503	15452
2626	125
2673	569
2760	28
2890	66
2940	66
3213	25
3346	77
3393	77
3604	10549
3668	360
3680	12622
3792	362
3882	403
3900	1227
3905	24374
3916	9915
3921	288
3978	1233
4024	1235
4066	12368
4081	16552
4119	24419
4151	19142
4208	15287
4286	44839
4328	23197
4333	1250
4585	10606
4590	23201
4609	14169
4614	15298
4662	1260
4668	1262
4690	19156
4697	17371
4724	579
4749	22273
4787	14940
4793	1270
4823	583
4845	10066
4863	12201
4876	9686
4897	366
4903	9617
4937	9959
4974	17373
5017	191
5068	103
5121	19785
5136	306
5260	18121
5265	13622
5338	1289
5349	590
5371	9971
5440	9691
5477	251
5484	308
5553	36
5696	1298
5714	45
6542	4
1557	34
1169	2
6543	4
1791	12
5635	36
358	8
68	8
1170	2
6544	4
2007	21
3088	51
3572	30
1171	2
6545	4
3313	25
359	8
1474	34
2857	28
5935	4
559	2
1172	2
1904	21
3176	54
3451	151
6546	4
5783	45
1173	2
6547	4
1792	12
1446	113
1635	12
2096	60
360	8
1174	2
2657	10514
6548	4
1389	49
1175	2
6549	4
361	8
5936	4
560	2
1176	2
1558	34
2728	85
3003	87
6550	4
2008	21
3743	9568
5636	36
1177	2
1793	12
2455	15379
2587	9562
3573	11812
3954	9708
4916	9617
6551	4
2532	10148
3314	25
3654	10549
362	8
2858	28
1178	2
6552	4
69	8
1179	2
6553	4
363	8
561	2
1180	7203
2941	66
3089	51
5937	4
6554	4
1411	113
2361	7237
3707	10557
3834	9588
4164	19244
4244	12678
5365	526
2317	10551
3394	77
1794	12
1181	2
6555	4
5784	45
1182	2
2009	21
3177	54
6556	4
364	8
3873	138
1183	2
6557	4
3479	30
1559	34
3574	30
3315	25
562	2
1184	2
1872	9565
5069	103
5637	36
6558	4
365	8
1390	49
2043	60
2384	300
2859	28
4711	302
4988	304
5150	306
5498	308
5938	4
1795	12
2097	60
1185	2
6559	4
1186	2
6560	4
366	8
5100	214
70	8
1187	2
6561	4
2138	163
2010	21
563	2
1188	2
6562	4
367	8
5939	4
1636	12
1796	12
1189	2
6563	4
3090	51
3316	25
3655	12647
1190	2
3575	30
6564	4
5785	45
368	8
1447	113
2860	28
1560	34
2729	85
3004	87
1191	2
6565	4
5638	36
564	2
1192	2
1834	101
2192	12729
2222	12687
2456	10494
2588	9992
2600	10686
2761	28
2942	66
3116	54
3178	54
3214	25
3763	15882
3776	18288
3936	288
3973	10261
4030	12902
4039	26215
4055	9851
4061	14817
4146	12910
4226	21097
4279	9660
4356	14860
4387	18145
4488	20759
4494	1028
4630	18970
4674	20227
4732	17714
4768	1035
4829	17029
5031	11846
5081	17571
5110	1040
5165	483
5382	1043
5447	9883
5461	251
5513	485
5532	11592
6566	4
369	8
1797	12
5940	4
1193	2
6567	4
3744	9568
2658	125
1391	49
2318	10551
3395	77
2011	21
1194	2
6568	4
370	8
1195	7203
6569	4
1905	21
3452	151
71	8
3317	25
565	2
1196	2
6570	4
2098	60
1798	12
3576	30
371	8
1325	49
1595	264
2238	12687
2490	189
2616	10686
2861	28
3027	51
5018	12212
5554	36
5941	4
1197	2
6571	4
1561	34
1198	2
6572	4
5639	36
372	8
1199	2
6573	4
1475	34
5786	45
3091	51
2012	21
566	2
1200	2
1873	9565
5070	103
6574	4
2156	429
2415	92
2547	9992
2687	85
2962	87
3417	435
3995	9651
1799	12
373	8
1201	2
5942	4
6575	4
1202	2
3179	54
3318	25
3656	10549
6576	4
2362	9815
1203	2
1392	49
3577	13512
6577	4
374	8
2862	28
2533	178
3874	138
72	8
567	2
1204	2
1637	12
2943	66
4691	14207
4846	25610
5478	251
5715	45
6578	4
1800	12
1205	2
6579	4
375	8
1562	34
2730	85
3005	87
5943	4
2013	21
1206	2
6580	4
5640	36
2319	10551
3396	77
1207	2
2457	92
2589	9992
6581	4
376	8
1448	113
2099	60
568	2
1208	2
5787	45
6582	4
3319	25
1801	12
2172	392
2200	79651
2216	12712
2256	9634
2469	189
2510	10148
3480	30
3697	10695
3809	15506
3816	10662
3894	18050
4011	9787
4019	9789
4099	17615
4130	13230
4138	12461
4189	407
4267	859
4639	42529
4813	14943
4970	865
5306	15373
5456	9807
1209	2
6583	4
377	8
2863	28
3092	51
5944	4
3578	11812
3745	10557
1210	2
6584	4
1211	2
6585	4
378	8
2014	21
569	2
1212	2
2139	163
3180	54
6586	4
1802	12
1393	49
73	8
1563	34
2659	10514
1213	7203
6587	4
3835	224
4245	21097
379	8
5641	36
5945	4
1214	2
6588	4
3320	25
3657	10549
1215	2
6589	4
380	8
2864	28
570	2
1216	2
1803	12
1874	9565
2270	10551
2403	352
2762	28
2891	66
2944	66
3215	25
3347	77
3579	11812
3605	10549
3681	360
3793	10770
4864	15690
4898	11315
5071	103
6590	4
5788	45
1217	2
6591	4
2015	21
381	8
5946	4
1218	2
5101	214
6592	4
1906	21
3453	151
1219	2
2100	60
6593	4
2320	10551
3093	51
3397	77
1638	12
1564	34
2731	85
3006	87
382	8
1804	12
571	2
1220	2
6594	4
3321	25
74	8
1221	2
5642	36
6595	4
1394	49
383	8
1222	2
2114	163
2458	20148
2590	10496
2865	28
3181	54
3955	9708
3964	737
4048	739
4538	49628
4777	12486
4917	36851
4997	191
5391	25856
5947	4
6596	4
3580	13512
1223	2
6597	4
2016	21
1805	12
572	2
1224	2
6598	4
384	8
2363	9815
1449	113
1225	2
3875	10162
6599	4
2491	189
5019	191
5555	36
5789	45
1226	2
6600	4
385	8
5948	4
3322	25
3658	10549
2044	60
2385	300
4712	302
4989	9612
5151	306
5499	308
3746	15988
1476	34
1227	2
6601	4
1565	34
1806	12
573	2
1228	2
2945	66
6602	4
386	8
2866	28
5643	36
1229	2
3094	51
3581	30
6603	4
2017	21
75	8
1230	2
6604	4
387	8
2101	60
2534	178
5949	4
1231	2
6605	4
1395	49
1807	12
574	2
1232	2
1875	9565
2321	75
2334	7237
3117	54
3182	54
3398	77
3426	151
3845	18002
3937	9843
4530	15236
4762	660
4960	662
5072	18240
5132	13027
6606	4
2660	125
388	8
3323	25
1233	2
6607	4
1234	2
6608	4
1566	34
2732	85
3007	87
5790	45
3481	30
389	8
1326	49
1596	264
1639	12
2239	12687
2617	268
2867	28
3028	51
5950	4
1235	2
6609	4
2018	21
1808	12
3582	11812
5644	36
575	2
1236	2
6610	4
390	8
2140	163
1237	2
2459	20148
2591	94
6611	4
76	8
1238	2
6612	4
3324	25
3659	10549
391	8
3095	51
5951	4
1239	2
6613	4
1809	12
576	2
1240	2
2504	15452
2627	125
2674	569
2763	28
2946	66
3216	25
3917	9915
4082	9923
4692	14207
4725	19718
4788	9682
4824	31614
4847	10066
4877	19753
5122	588
5350	590
5441	15469
5479	251
5716	45
6614	4
1396	49
392	8
2868	28
1241	2
2019	21
6615	4
1907	21
3454	151
1567	34
1450	113
2102	60
1242	2
3183	54
3583	30
6616	4
393	8
1243	2
5952	4
6617	4
5645	36
5791	45
1810	12
3747	106
577	2
1244	2
6618	4
3325	25
2322	75
3399	77
1245	2
6619	4
394	8
1246	2
1412	113
2364	7237
3708	12658
3836	9588
4165	12950
4246	61421
5366	526
6620	4
3876	10162
77	8
2020	21
1247	2
6621	4
395	8
1811	12
2869	28
5953	4
578	2
1248	2
1876	9565
5073	103
6622	4
3584	30
3096	51
1249	2
1568	34
2733	85
3008	87
6623	4
396	8
5102	214
1640	12
1250	7203
1397	49
6624	4
5646	36
3326	25
3660	10549
1251	2
6625	4
1812	12
397	8
5954	4
2661	10514
579	2
1252	2
1835	9565
2193	12729
2460	92
2592	10496
2947	66
3184	54
3764	9839
3777	478
4280	13648
5032	18240
5166	483
5514	485
5533	9665
5792	45
6626	4
2021	21
1253	2
6627	4
2103	60
398	8
2870	28
1254	2
6628	4
1477	34
2492	9775
5020	19779
5556	36
78	8
1255	2
1813	12
3585	30
6629	4
399	8
2157	429
2416	92
2548	9562
2688	85
2963	87
3418	435
3996	15500
5955	4
580	2
1256	2
6630	4
1569	34
3327	25
1257	2
2535	10660
6631	4
2323	75
3400	77
400	8
1258	2
5647	36
6632	4
3097	51
2022	21
1451	113
1814	12
1259	2
6633	4
1398	49
401	8
2871	28
5956	4
581	2
1260	7203
3748	10557
6634	4
2173	392
2217	7283
2257	9634
3482	30
3698	10695
3810	401
3895	403
4012	9787
4190	407
5793	45
1261	2
6635	4
3586	11812
2141	163
402	8
1262	2
3185	54
6636	4
1815	12
1263	2
3328	25
3661	10549
6637	4
79	8
1570	34
2734	85
3009	87
403	8
582	2
1264	2
1877	9565
2271	75
2404	352
2764	28
2892	66
2948	66
3217	25
3348	77
3606	13537
3682	12622
3794	27999
4865	9751
4899	24252
5074	103
5957	4
6638	4
2023	21
2104	60
1908	21
3455	151
1265	2
6639	4
1641	12
5648	36
1266	2
6640	4
404	8
2872	28
1816	12
1267	2
2461	92
2593	94
3956	9708
4918	331
6641	4
3877	138
2365	9815
583	2
1268	2
3587	11812
405	8
3098	51
5958	4
1399	49
2045	60
2386	300
4713	302
4990	20222
5152	306
5500	308
1269	2
3329	25
5794	45
1270	2
406	8
2324	75
3401	77
2024	21
1817	12
1571	34
1271	2
2662	125
80	8
584	2
1272	2
3118	54
3186	54
3938	9843
407	8
1327	49
1597	264
2240	12687
2618	268
2873	28
3029	51
5959	4
5649	36
1273	2
1274	2
408	8
1818	12
3588	30
1275	2
3330	25
3662	10549
585	2
1276	2
1452	113
2105	60
2949	66
4693	10617
4848	37862
5480	251
5717	45
2025	21
409	8
5960	4
3749	106
1277	2
1278	2
3099	51
1400	49
1572	34
2735	85
3010	87
1819	12
5795	45
410	8
2874	28
3837	18278
4247	12678
1279	2
586	2
1280	2
1878	9565
5075	103
5650	36
81	8
1642	12
5103	214
411	8
5961	4
1281	2
3589	30
3331	25
1282	2
1478	34
2462	92
2594	10496
3187	54
1820	12
2026	21
412	8
1283	2
2325	75
2493	189
3402	77
5021	9719
5557	36
2536	178
587	2
1284	2
413	8
1285	2
2875	28
5962	4
1573	34
3483	30
1286	2
1821	12
2142	163
1287	2
414	8
5796	45
2106	60
3332	25
3663	10549
3590	30
1401	49
5651	36
3100	51
588	2
1288	2
1909	21
2765	28
2950	66
3218	25
3456	151
2027	21
3878	138
82	8
1289	2
5963	4
2366	7237
1290	2
1822	12
2663	125
1291	2
2876	28
589	2
1292	2
3188	54
1574	34
2736	85
3011	87
1293	7203
1453	113
3750	9568
5964	4
3333	25
1294	2
1823	12
3591	30
2028	21
1295	2
5652	36
1643	12
590	2
1296	2
1879	9565
2326	75
3403	77
5076	103
5797	45
1297	2
1402	49
2463	92
2595	94
83	8
2877	28
3101	51
5965	4
1824	12
1298	2
2107	60
1299	2
3334	25
3664	10549
591	2
1300	2
2029	21
2951	66
1575	34
3592	11812
1301	2
5966	4
1302	2
3189	54
5653	36
1303	2
2878	28
592	2
1304	2
