id	type	origin	dest	dtime	vot
26	121	1	5	1	3.4853561560607953
4	121	1	5	13	21.688581692563883
35	121	1	5	21	4.86977531663428
21	121	1	5	25	47.46973605907038
8	121	1	5	36	11.783967948994675
16	121	1	5	79	25.711532854043863
23	121	1	5	101	11.189966485973866
24	121	1	5	155	2.8581669786001545
25	121	1	5	170	6.106539882185638
9	121	1	5	234	3.412492709201221
19	121	1	5	236	21.711330534191376
10	121	1	5	251	10.681607066719884
42	121	1	5	274	10.042515940054143
37	121	1	5	282	22.056836343615835
39	121	1	5	283	10.625568258749478
15	121	1	5	287	12.907133232649832
27	121	1	5	300	1.2284632953315824
18	121	1	5	377	6.2900798019262645
2	121	1	5	379	15.918114280496873
1	121	1	5	389	17.050873036960876
12	121	1	5	415	31.79838574192041
22	121	1	5	431	25.328416365405964
13	121	1	5	437	32.262071131583895
38	121	1	5	437	0.4461974879553524
32	121	1	5	472	4.395580119883733
41	121	1	5	492	5.105285658360791
33	121	1	5	505	6.404727790398734
20	121	1	5	535	7.662563558026827
29	121	1	5	562	16.872122001534056
14	121	1	5	565	20.525798454662496
30	121	1	5	571	42.8248954920562
31	121	1	5	605	38.783567870643836
34	121	1	5	646	92.49037465789749
17	121	1	5	745	7.262034096291404
43	121	1	5	771	74.15739225472137
40	121	1	5	784	36.10430413603879
28	121	1	5	785	0.9670576118997007
3	121	1	5	792	9.469431915183009
6	121	1	5	799	14.540141575230582
11	121	1	5	802	103.5808076902391
5	121	1	5	824	32.94024940127484
36	121	1	5	834	43.3097430932532
7	121	1	5	846	27.62922183802941
61	121	1	5	954	3.8281272381620166
49	121	1	5	964	1.5102909862417286
57	121	1	5	964	4.609119490247315
71	121	1	5	977	27.423293278666243
70	121	1	5	1005	18.324902315793558
86	121	1	5	1025	26.109062355683182
87	121	1	5	1034	7.01570695416668
78	121	1	5	1049	11.896595462305257
65	121	1	5	1103	6.801038811178646
73	121	1	5	1131	15.164606012857519
79	121	1	5	1156	2.2840504094401757
54	121	1	5	1168	25.799210317579156
77	121	1	5	1228	81.44058901263712
80	121	1	5	1244	12.081455875871892
82	121	1	5	1254	25.295142041009374
47	121	1	5	1256	14.949879776530203
44	121	1	5	1292	17.808487137220684
58	121	1	5	1292	0.6272821505754275
74	121	1	5	1297	39.719088514893244
68	121	1	5	1320	39.09961009129801
62	121	1	5	1345	22.0215541000611
76	121	1	5	1360	37.451626182166926
66	121	1	5	1362	1.2662659196401433
84	121	1	5	1366	10.01189849015779
45	121	1	5	1402	21.227423192063398
52	121	1	5	1433	19.86634370923209
64	121	1	5	1439	17.238459722835575
81	121	1	5	1440	55.43716169946655
69	121	1	5	1451	55.39480500396854
75	121	1	5	1463	10.969296962915013
50	121	1	5	1517	46.07928976387213
51	121	1	5	1524	18.689913971125225
46	121	1	5	1575	32.61902688398486
59	121	1	5	1582	12.011301000400929
67	121	1	5	1638	25.97052242911718
55	121	1	5	1667	3.059816942267581
72	121	1	5	1668	14.345480382909077
85	121	1	5	1696	11.94568548917926
48	121	1	5	1711	5.709703353014268
53	121	1	5	1722	7.497865630167448
83	121	1	5	1723	2.588330431406199
56	121	1	5	1732	10.770568617250916
60	121	1	5	1734	11.72319936075224
63	121	1	5	1736	18.062810133568405
102	121	1	5	1804	66.2451619528915
118	121	1	5	1842	41.35859659654389
108	121	1	5	1889	0.8633805050004093
122	121	1	5	1935	12.98901255535084
96	121	1	5	1965	4.46734620575321
99	121	1	5	1997	5.865744280093245
100	121	1	5	2096	111.83732172212652
127	121	1	5	2113	81.22679419833352
88	121	1	5	2117	28.02071954329948
128	121	1	5	2117	2.2433096577867953
126	121	1	5	2131	4.21480640560058
109	121	1	5	2133	8.774930443414313
113	121	1	5	2149	10.466295071715702
110	121	1	5	2155	1.5531037075388425
111	121	1	5	2190	30.596979622592546
89	121	1	5	2209	4.42006034885807
123	121	1	5	2248	60.95157219370805
117	121	1	5	2270	17.583629213868615
97	121	1	5	2274	7.968486126263306
104	121	1	5	2300	3.033902150688857
130	121	1	5	2308	12.318039720912122
94	121	1	5	2327	34.34402994766104
124	121	1	5	2330	77.31005397051686
93	121	1	5	2345	20.82653338277584
103	121	1	5	2367	26.656738820731153
91	121	1	5	2376	21.421111518407468
129	121	1	5	2397	17.62921551512039
120	121	1	5	2409	3.523237546433204
119	121	1	5	2412	1.4791883747957786
95	121	1	5	2425	4.271400576019094
121	121	1	5	2450	29.51260135540194
115	121	1	5	2506	20.195461375423786
114	121	1	5	2512	26.87068659259633
92	121	1	5	2553	23.646441884924137
101	121	1	5	2556	37.9191702343742
106	121	1	5	2558	105.26839292196834
116	121	1	5	2558	7.284866570689252
98	121	1	5	2574	26.41185280743534
90	121	1	5	2575	23.129098652693596
125	121	1	5	2602	123.06947101228864
107	121	1	5	2636	16.183371168347048
105	121	1	5	2682	2.3285200516923665
112	121	1	5	2694	79.45349355498372
166	121	1	5	2724	13.145523663099869
135	121	1	5	2764	64.03557871705233
152	121	1	5	2764	17.68069149096398
133	121	1	5	2801	25.511307270927233
164	121	1	5	2847	17.153370532523887
140	121	1	5	2885	21.486031474127373
139	121	1	5	2901	0.22309737253817066
145	121	1	5	2914	16.12831769062824
142	121	1	5	2951	4.002965710156945
163	121	1	5	2982	32.15748757727253
172	121	1	5	3000	9.914333397410143
141	121	1	5	3029	34.272867032451266
131	121	1	5	3036	6.5271901939484644
154	121	1	5	3046	23.34524373255927
150	121	1	5	3065	43.183210978427994
155	121	1	5	3070	80.95578959766425
171	121	1	5	3081	9.124242377502707
156	121	1	5	3094	15.313372204014055
161	121	1	5	3110	35.90268800202616
136	121	1	5	3125	2.0669028548343538
153	121	1	5	3130	29.97703993513953
149	121	1	5	3141	15.068004264783182
148	121	1	5	3174	2.0725960108722554
143	121	1	5	3207	10.46573298488739
173	121	1	5	3231	17.74278174816743
138	121	1	5	3237	61.66848652967317
168	121	1	5	3275	13.32915546326261
147	121	1	5	3303	60.1631637624047
169	121	1	5	3317	32.70413252861387
165	121	1	5	3319	27.485537154455848
151	121	1	5	3320	12.186097151282627
160	121	1	5	3360	2.8161864180154956
162	121	1	5	3371	0.7246469615673738
137	121	1	5	3384	26.10291857383871
158	121	1	5	3415	23.035562487177252
132	121	1	5	3435	2.827549079206819
134	121	1	5	3436	18.349084853262823
170	121	1	5	3464	1.898830027252081
146	121	1	5	3493	41.23618363547058
159	121	1	5	3504	12.393400266478235
174	121	1	5	3507	14.477578234369053
157	121	1	5	3510	94.21623161428549
144	121	1	5	3542	6.14302915008621
167	121	1	5	3578	0.0018944276545558346
