14498	6	1.0	902424	2421	2122	2215	1510	1019010
15434	4	1.0	902424	2413	1312	1219012
14970	3	1.0	902424	2413	1319013
15256	5	1.0	902424	2421	2122	2215	1519015
14779	3	1.0	902424	2421	2119021
14672	4	1.0	902424	2421	2122	2219022
14708	3	1.0	902424	2423	2319023
15038	7	1.0	902424	2421	2120	2018	187	78	819008
15687	3	1.0	90011	12	219002
15595	3	1.0	90011	13	319003
14443	4	1.0	90011	13	34	419004
15326	4	1.0	90011	12	26	619006
14534	6	1.0	90011	12	26	68	87	719007
15212	5	1.0	90011	12	26	68	819008
15099	6	1.0	90011	13	34	45	59	919009
15134	7	1.0	90011	13	34	45	59	910	1019010
15111	5	1.0	90011	13	34	411	1119011
14781	4	1.0	90011	13	312	1219012
14933	5	1.0	90011	13	312	1213	1319013
14574	6	1.0	90011	13	34	411	1114	1419014
15106	7	1.0	90011	13	34	411	1114	1415	1519015
14853	6	1.0	90011	12	26	68	816	1619016
14654	7	1.0	90011	12	26	68	816	1617	1719017
14536	7	1.0	90011	12	26	68	87	718	1819018
15344	8	1.0	90011	12	26	68	816	1617	1719	1919019
15531	8	1.0	90011	12	26	68	87	718	1820	2019020
15445	7	1.0	90011	13	312	1213	1324	2421	2119021
14875	8	1.0	90011	13	312	1213	1324	2421	2122	2219022
15181	7	1.0	90011	13	312	1213	1324	2423	2319023
14855	6	1.0	90011	13	312	1213	1324	2419024
14826	3	1.0	90022	21	119001
15269	5	1.0	90022	26	65	54	419004
14643	3	1.0	90022	26	619006
15079	5	1.0	90022	26	68	87	719007
15356	4	1.0	90022	26	68	819008
14519	5	1.0	90022	26	65	59	919009
15388	6	1.0	90022	26	68	816	1610	1019010
14466	6	1.0	90022	26	65	54	411	1119011
15000	5	1.0	90022	21	13	312	1219012
15639	6	1.0	90022	21	13	312	1213	1319013
15699	7	1.0	90022	26	65	54	411	1114	1419014
14721	8	1.0	90022	26	68	816	1617	1719	1915	1519015
14848	5	1.0	90022	26	68	816	1619016
14972	6	1.0	90022	26	68	816	1617	1719017
15542	7	1.0	90022	26	68	816	1617	1719	1919019
15130	7	1.0	90022	26	68	87	718	1820	2019020
15101	8	1.0	90022	26	68	87	718	1820	2022	2219022
15171	3	1.0	90033	31	119001
15668	3	1.0	90033	34	419004
15032	5	1.0	90033	34	45	56	619006
15113	7	1.0	90033	34	45	56	68	87	719007
15524	6	1.0	90033	34	45	56	68	819008
15193	5	1.0	90033	34	45	59	919009
14538	6	1.0	90033	34	45	59	910	1019010
15536	4	1.0	90033	312	1211	1119011
15633	3	1.0	90033	312	1219012
15119	4	1.0	90033	312	1213	1319013
15623	5	1.0	90033	312	1211	1114	1419014
15619	6	1.0	90033	312	1211	1114	1415	1519015
14690	7	1.0	90033	34	45	56	68	816	1619016
14753	8	1.0	90033	34	45	56	68	816	1617	1719017
15612	7	1.0	90033	312	1213	1324	2421	2122	2219022
15582	6	1.0	90033	312	1213	1324	2423	2319023
14627	4	1.0	90044	43	31	119001
15573	5	1.0	90044	45	56	62	219002
15084	3	1.0	90044	43	319003
15630	4	1.0	90044	45	56	619006
14419	6	1.0	90044	45	56	68	87	719007
14867	5	1.0	90044	45	56	68	819008
14955	4	1.0	90044	45	59	919009
14629	5	1.0	90044	45	59	910	1019010
14906	3	1.0	90044	411	1119011
15177	4	1.0	90044	43	312	1219012
14631	5	1.0	90044	43	312	1213	1319013
15405	4	1.0	90044	411	1114	1419014
14421	5	1.0	90044	411	1114	1415	1519015
14889	6	1.0	90044	45	56	68	816	1619016
14445	7	1.0	90044	45	56	68	816	1617	1719017
15006	8	1.0	90044	45	56	68	816	1617	1719	1919019
14990	8	1.0	90044	45	56	68	87	718	1820	2019020
15367	7	1.0	90044	43	312	1213	1324	2421	2119021
15220	6	1.0	90044	411	1114	1423	2322	2219022
14552	5	1.0	90044	411	1114	1423	2319023
15190	6	1.0	90044	43	312	1213	1324	2419024
14481	4	1.0	90055	59	910	1019010
14940	5	1.0	90055	54	411	1114	1419014
14602	7	1.0	90055	59	910	1015	1522	2221	2119021
15086	4	1.0	90066	62	21	119001
14411	3	1.0	90066	62	219002
15675	5	1.0	90066	65	54	43	319003
14521	4	1.0	90066	65	54	419004
15195	4	1.0	90066	68	87	719007
14588	3	1.0	90066	68	819008
15516	4	1.0	90066	65	59	919009
14974	5	1.0	90066	68	816	1610	1019010
15143	5	1.0	90066	65	54	411	1119011
15498	6	1.0	90066	65	54	43	312	1219012
15470	7	1.0	90066	65	54	43	312	1213	1319013
14657	6	1.0	90066	65	54	411	1114	1419014
15226	7	1.0	90066	68	816	1617	1719	1915	1519015
14897	4	1.0	90066	68	816	1619016
14992	5	1.0	90066	68	816	1617	1719017
15636	6	1.0	90066	68	816	1617	1719	1919019
14732	6	1.0	90066	68	87	718	1820	2019020
14554	7	1.0	90066	68	87	718	1820	2021	2119021
15382	7	1.0	90066	68	87	718	1820	2022	2219022
15526	8	1.0	90066	68	87	718	1820	2022	2223	2319023
14483	8	1.0	90066	68	87	718	1820	2021	2124	2419024
15328	6	1.0	90077	78	86	62	21	119001
15589	5	1.0	90077	78	86	62	219002
15481	7	1.0	90077	78	86	65	54	43	319003
15145	6	1.0	90077	78	86	65	54	419004
15246	4	1.0	90077	78	86	619006
14957	3	1.0	90077	78	819008
14850	6	1.0	90077	718	1816	1610	109	919009
14692	5	1.0	90077	718	1816	1610	1019010
14783	6	1.0	90077	718	1816	1610	1011	1119011
15654	8	1.0	90077	78	86	65	54	43	312	1219012
15561	7	1.0	90077	718	1820	2021	2124	2413	1319013
15095	8	1.0	90077	718	1816	1617	1719	1915	1514	1419014
15503	7	1.0	90077	718	1816	1617	1719	1915	1519015
14501	4	1.0	90077	718	1816	1619016
15069	5	1.0	90077	718	1816	1617	1719017
14877	6	1.0	90077	718	1816	1617	1719	1919019
14916	4	1.0	90077	718	1820	2019020
15563	5	1.0	90077	718	1820	2021	2119021
14700	5	1.0	90077	718	1820	2022	2219022
14985	6	1.0	90077	718	1820	2022	2223	2319023
14960	5	1.0	90088	86	62	21	119001
15359	4	1.0	90088	86	62	219002
15132	6	1.0	90088	86	65	54	43	319003
15124	5	1.0	90088	86	65	54	419004
15161	4	1.0	90088	86	65	519005
14455	3	1.0	90088	86	619006
15011	3	1.0	90088	87	719007
15452	3	1.0	90088	89	919009
14524	4	1.0	90088	816	1610	1019010
14994	5	1.0	90088	816	1610	1011	1119011
15214	7	1.0	90088	86	65	54	43	312	1219012
15089	8	1.0	90088	86	65	54	43	312	1213	1319013
15271	7	1.0	90088	816	1617	1719	1915	1514	1419014
15184	6	1.0	90088	816	1617	1719	1915	1519015
14745	3	1.0	90088	816	1619016
14509	4	1.0	90088	816	1617	1719017
15292	5	1.0	90088	816	1617	1719	1919019
14457	5	1.0	90088	87	718	1820	2019020
15294	6	1.0	90088	87	718	1820	2021	2119021
14767	6	1.0	90088	87	718	1820	2022	2219022
14942	7	1.0	90088	87	718	1820	2022	2223	2319023
15413	7	1.0	90088	87	718	1820	2021	2124	2419024
14760	6	1.0	90099	95	54	43	31	119001
15330	5	1.0	90099	95	56	62	219002
15627	5	1.0	90099	95	54	43	319003
14511	4	1.0	90099	95	54	419004
15556	4	1.0	90099	95	56	619006
14821	6	1.0	90099	910	1016	1618	187	719007
14674	3	1.0	90099	98	819008
14503	3	1.0	90099	910	1019010
14857	4	1.0	90099	910	1011	1119011
15363	5	1.0	90099	910	1011	1112	1219012
14660	6	1.0	90099	910	1011	1112	1213	1319013
15253	5	1.0	90099	910	1011	1114	1419014
14526	4	1.0	90099	910	1015	1519015
14605	4	1.0	90099	910	1016	1619016
14662	5	1.0	90099	910	1016	1617	1719017
14918	6	1.0	90099	910	1016	1617	1719	1919019
15415	6	1.0	90099	910	1016	1618	1820	2019020
15373	6	1.0	90099	910	1015	1522	2221	2119021
15173	5	1.0	90099	910	1015	1522	2219022
14556	6	1.0	90099	910	1011	1114	1423	2319023
15464	7	1.0	90099	910	1015	1522	2221	2124	2419024
15040	7	1.0	901010	109	95	54	43	31	119001
14828	6	1.0	901010	1016	168	86	62	219002
15136	6	1.0	901010	109	95	54	43	319003
14485	5	1.0	901010	109	95	54	419004
14664	4	1.0	901010	109	95	519005
14883	5	1.0	901010	1016	168	86	619006
14963	5	1.0	901010	1016	1618	187	719007
15249	4	1.0	901010	1016	168	819008
14487	3	1.0	901010	109	919009
14583	3	1.0	901010	1011	1119011
15076	4	1.0	901010	1011	1112	1219012
14682	5	1.0	901010	1011	1112	1213	1319013
15208	4	1.0	901010	1011	1114	1419014
14413	3	1.0	901010	1015	1519015
14684	3	1.0	901010	1016	1619016
14633	4	1.0	901010	1016	1617	1719017
14965	5	1.0	901010	1016	1617	1719	1919019
14468	5	1.0	901010	1016	1618	1820	2019020
14590	5	1.0	901010	1015	1522	2221	2119021
14505	4	1.0	901010	1015	1522	2219022
14860	5	1.0	901010	1015	1522	2223	2319023
14470	6	1.0	901010	1015	1522	2221	2124	2419024
14723	5	1.0	901111	114	43	31	119001
14810	6	1.0	901111	114	45	56	62	219002
14812	4	1.0	901111	114	43	319003
14976	3	1.0	901111	114	419004
15371	5	1.0	901111	114	45	56	619006
14770	6	1.0	901111	1110	1016	1618	187	719007
14796	5	1.0	901111	1110	1016	168	819008
15155	4	1.0	901111	1110	109	919009
14578	3	1.0	901111	1110	1019010
14949	3	1.0	901111	1112	1219012
15280	4	1.0	901111	1112	1213	1319013
14702	3	1.0	901111	1114	1419014
14415	4	1.0	901111	1114	1415	1519015
14747	4	1.0	901111	1110	1016	1619016
15025	5	1.0	901111	1110	1016	1617	1719017
15239	5	1.0	901111	1114	1415	1519	1919019
15386	6	1.0	901111	1114	1415	1519	1920	2019020
15274	6	1.0	901111	1114	1423	2324	2421	2119021
14996	5	1.0	901111	1114	1415	1522	2219022
14798	4	1.0	901111	1114	1423	2319023
14710	5	1.0	901111	1114	1423	2324	2419024
14678	4	1.0	901212	123	31	119001
15390	5	1.0	901212	123	31	12	219002
15685	3	1.0	901212	123	319003
15035	4	1.0	901212	123	34	419004
14869	5	1.0	901212	123	34	45	519005
15566	6	1.0	901212	123	34	45	56	619006
14558	8	1.0	901212	123	34	45	56	68	87	719007
14423	7	1.0	901212	123	34	45	56	68	819008
15056	5	1.0	901212	1211	1110	109	919009
14417	4	1.0	901212	1211	1110	1019010
14528	3	1.0	901212	1211	1119011
14620	3	1.0	901212	1213	1319013
14834	4	1.0	901212	1211	1114	1419014
14607	5	1.0	901212	1211	1114	1415	1519015
14928	5	1.0	901212	1211	1110	1016	1619016
14425	6	1.0	901212	1211	1110	1016	1617	1719017
14540	6	1.0	901212	1211	1110	1016	1618	1819018
14472	6	1.0	901212	1211	1114	1415	1519	1919019
15393	6	1.0	901212	1213	1324	2421	2120	2019020
15580	5	1.0	901212	1213	1324	2421	2119021
14885	6	1.0	901212	1213	1324	2421	2122	2219022
14891	5	1.0	901212	1213	1324	2423	2319023
15216	4	1.0	901212	1213	1324	2419024
14755	5	1.0	901313	1312	123	31	119001
15027	6	1.0	901313	1312	123	31	12	219002
15544	4	1.0	901313	1312	123	319003
14800	5	1.0	901313	1312	123	34	419004
15441	7	1.0	901313	1312	123	34	45	56	619006
15649	7	1.0	901313	1324	2421	2120	2018	187	719007
14909	8	1.0	901313	1312	123	34	45	56	68	819008
15197	6	1.0	901313	1312	1211	1110	109	919009
14560	5	1.0	901313	1312	1211	1110	1019010
14680	4	1.0	901313	1312	1211	1119011
14735	3	1.0	901313	1312	1219012
14862	5	1.0	901313	1324	2423	2314	1419014
15443	6	1.0	901313	1324	2421	2122	2215	1519015
15121	6	1.0	901313	1312	1211	1110	1016	1619016
14712	8	1.0	901313	1324	2421	2122	2215	1519	1917	1719017
15229	7	1.0	901313	1324	2421	2122	2215	1519	1919019
14838	5	1.0	901313	1324	2421	2120	2019020
15063	4	1.0	901313	1324	2421	2119021
15507	5	1.0	901313	1324	2421	2122	2219022
15150	4	1.0	901313	1324	2423	2319023
15259	3	1.0	901313	1324	2419024
14737	6	1.0	901414	1411	1112	123	31	119001
15614	7	1.0	901414	1411	114	45	56	62	219002
15652	5	1.0	901414	1411	1112	123	319003
15065	4	1.0	901414	1411	114	419004
15395	6	1.0	901414	1411	114	45	56	619006
14562	8	1.0	901414	1415	1519	1917	1716	1618	187	719007
14542	7	1.0	901414	1415	1519	1917	1716	168	819008
14459	5	1.0	901414	1411	1110	109	919009
14592	4	1.0	901414	1411	1110	1019010
14786	3	1.0	901414	1411	1119011
14564	4	1.0	901414	1411	1112	1219012
15334	5	1.0	901414	1423	2324	2413	1319013
14930	3	1.0	901414	1415	1519015
14935	6	1.0	901414	1415	1519	1917	1716	1619016
14937	5	1.0	901414	1415	1519	1917	1719017
14911	4	1.0	901414	1415	1519	1919019
14695	5	1.0	901414	1415	1519	1920	2019020
15418	5	1.0	901414	1423	2324	2421	2119021
14507	4	1.0	901414	1415	1522	2219022
14461	3	1.0	901414	1423	2319023
14841	4	1.0	901414	1423	2324	2419024
15509	7	1.0	901515	1514	1411	1112	123	31	119001
14988	8	1.0	901515	1519	1917	1716	168	86	62	219002
14635	6	1.0	901515	1514	1411	1112	123	319003
15365	5	1.0	901515	1514	1411	114	419004
14686	7	1.0	901515	1519	1917	1716	168	86	619006
15103	7	1.0	901515	1519	1917	1716	1618	187	719007
14788	6	1.0	901515	1519	1917	1716	168	819008
15018	4	1.0	901515	1510	109	919009
14594	3	1.0	901515	1510	1019010
14836	4	1.0	901515	1514	1411	1119011
15058	5	1.0	901515	1514	1411	1112	1219012
14772	6	1.0	901515	1522	2221	2124	2413	1319013
14749	3	1.0	901515	1514	1419014
15126	5	1.0	901515	1519	1917	1716	1619016
14637	4	1.0	901515	1519	1917	1719017
14666	6	1.0	901515	1519	1917	1716	1618	1819018
15199	3	1.0	901515	1519	1919019
14802	4	1.0	901515	1519	1920	2019020
14697	4	1.0	901515	1522	2221	2119021
14596	3	1.0	901515	1522	2219022
14739	4	1.0	901515	1522	2223	2319023
15266	5	1.0	901515	1522	2221	2124	2419024
14864	6	1.0	901616	168	86	62	21	119001
14893	5	1.0	901616	168	86	62	219002
15430	7	1.0	901616	168	86	65	54	43	319003
15128	6	1.0	901616	168	86	65	54	419004
14901	4	1.0	901616	168	86	619006
14609	4	1.0	901616	1618	187	719007
14639	3	1.0	901616	168	819008
14790	4	1.0	901616	1610	109	919009
14641	3	1.0	901616	1610	1019010
14757	4	1.0	901616	1610	1011	1119011
14726	5	1.0	901616	1610	1011	1112	1219012
14804	6	1.0	901616	1610	1011	1112	1213	1319013
14914	6	1.0	901616	1617	1719	1915	1514	1419014
14843	5	1.0	901616	1617	1719	1915	1519015
14427	3	1.0	901616	1617	1719017
14585	3	1.0	901616	1618	1819018
14920	4	1.0	901616	1617	1719	1919019
14429	4	1.0	901616	1618	1820	2019020
15236	7	1.0	901616	1617	1719	1915	1522	2221	2119021
14598	6	1.0	901616	1617	1719	1915	1522	2219022
14544	7	1.0	901616	1617	1719	1915	1522	2223	2319023
14922	7	1.0	901717	1716	168	86	62	21	119001
14979	6	1.0	901717	1716	168	86	62	219002
15232	8	1.0	901717	1716	168	86	65	54	43	319003
14832	7	1.0	901717	1716	168	86	65	54	419004
14998	5	1.0	901717	1716	168	86	619006
14728	5	1.0	901717	1716	1618	187	719007
14431	4	1.0	901717	1716	168	819008
14774	5	1.0	901717	1716	1610	109	919009
14566	4	1.0	901717	1716	1610	1019010
15148	5	1.0	901717	1716	1610	1011	1119011
14433	6	1.0	901717	1716	1610	1011	1112	1219012
14887	8	1.0	901717	1719	1915	1522	2221	2124	2413	1319013
14714	5	1.0	901717	1719	1915	1514	1419014
14646	4	1.0	901717	1719	1915	1519015
14435	3	1.0	901717	1716	1619016
14474	3	1.0	901717	1719	1919019
14568	4	1.0	901717	1719	1920	2019020
15484	6	1.0	901717	1719	1915	1522	2221	2119021
14730	5	1.0	901717	1719	1915	1522	2219022
14903	6	1.0	901717	1719	1915	1522	2223	2319023
14600	7	1.0	901717	1719	1915	1522	2221	2124	2419024
14717	5	1.0	901818	1816	1610	109	919009
14818	6	1.0	901818	1816	1610	1011	1112	1219012
14463	7	1.0	901818	187	78	86	62	21	119001
15030	5	1.0	901818	1816	1617	1719	1919019
15044	8	1.0	901919	1917	1716	168	86	62	21	119001
15707	7	1.0	901919	1917	1716	168	86	62	219002
15427	8	1.0	901919	1917	1716	168	86	65	54	419004
15067	6	1.0	901919	1917	1716	168	86	619006
15522	6	1.0	901919	1917	1716	1618	187	719007
14719	5	1.0	901919	1917	1716	168	819008
15472	6	1.0	901919	1917	1716	1610	109	919009
14530	5	1.0	901919	1917	1716	1610	1019010
14437	5	1.0	901919	1915	1514	1411	1119011
15071	8	1.0	901919	1915	1522	2221	2124	2413	1312	1219012
15600	7	1.0	901919	1915	1522	2221	2124	2413	1319013
15013	4	1.0	901919	1915	1514	1419014
14623	3	1.0	901919	1915	1519015
14476	4	1.0	901919	1917	1716	1619016
14580	3	1.0	901919	1917	1719017
14625	3	1.0	901919	1920	2019020
14924	5	1.0	901919	1915	1522	2221	2119021
14648	4	1.0	901919	1915	1522	2219022
15300	5	1.0	901919	1915	1522	2223	2319023
15311	6	1.0	901919	1915	1522	2221	2124	2419024
15457	8	1.0	902020	2018	187	78	86	62	21	119001
15303	7	1.0	902020	2018	187	78	86	62	219002
15187	8	1.0	902020	2018	187	78	86	65	54	419004
15234	6	1.0	902020	2018	187	78	86	619006
14546	4	1.0	902020	2018	187	719007
14447	5	1.0	902020	2018	187	78	819008
15401	6	1.0	902020	2018	1816	1610	109	919009
14879	5	1.0	902020	2018	1816	1610	1019010
14612	6	1.0	902020	2019	1915	1514	1411	1119011
15204	6	1.0	902020	2021	2124	2413	1312	1219012
15047	5	1.0	902020	2021	2124	2413	1319013
14439	5	1.0	902020	2019	1915	1514	1419014
14548	4	1.0	902020	2019	1915	1519015
14490	4	1.0	902020	2018	1816	1619016
14570	4	1.0	902020	2019	1917	1719017
14764	3	1.0	902020	2019	1919019
15158	3	1.0	902020	2021	2119021
14981	3	1.0	902020	2022	2219022
14550	4	1.0	902020	2022	2223	2319023
14824	4	1.0	902020	2021	2124	2419024
15002	7	1.0	902121	2124	2413	1312	123	31	119001
15082	7	1.0	902121	2124	2413	1312	123	34	419004
15350	7	1.0	902121	2120	2018	187	78	86	619006
14983	5	1.0	902121	2120	2018	187	719007
15403	6	1.0	902121	2120	2018	187	78	819008
15380	6	1.0	902121	2122	2215	1510	109	919009
15049	5	1.0	902121	2122	2215	1510	1019010
14614	6	1.0	902121	2124	2423	2314	1411	1119011
15305	5	1.0	902121	2124	2413	1312	1219012
15288	4	1.0	902121	2124	2413	1319013
15167	5	1.0	902121	2124	2423	2314	1419014
14513	4	1.0	902121	2122	2215	1519015
15319	7	1.0	902121	2122	2215	1519	1917	1716	1619016
15321	6	1.0	902121	2122	2215	1519	1917	1719017
14807	5	1.0	902121	2122	2215	1519	1919019
15169	3	1.0	902121	2120	2019020
14449	3	1.0	902121	2122	2219022
15004	4	1.0	902121	2124	2423	2319023
15591	3	1.0	902121	2124	2419024
15437	8	1.0	902222	2221	2124	2413	1312	123	31	119001
15052	8	1.0	902222	2220	2018	187	78	86	62	219002
15423	7	1.0	902222	2221	2124	2413	1312	123	319003
14515	6	1.0	902222	2223	2314	1411	114	419004
14873	7	1.0	902222	2220	2018	187	78	86	619006
14572	5	1.0	902222	2220	2018	187	719007
14792	6	1.0	902222	2220	2018	187	78	819008
14451	5	1.0	902222	2215	1510	109	919009
14517	4	1.0	902222	2215	1510	1019010
14751	5	1.0	902222	2223	2314	1411	1119011
14651	6	1.0	902222	2221	2124	2413	1312	1219012
14670	5	1.0	902222	2221	2124	2413	1319013
15282	4	1.0	902222	2223	2314	1419014
14492	3	1.0	902222	2215	1519015
14945	6	1.0	902222	2215	1519	1917	1716	1619016
14895	5	1.0	902222	2215	1519	1917	1719017
14441	4	1.0	902222	2215	1519	1919019
14688	3	1.0	902222	2220	2019020
14617	3	1.0	902222	2221	2119021
14478	3	1.0	902222	2223	2319023
15376	4	1.0	902222	2221	2124	2419024
15378	7	1.0	902323	2324	2413	1312	123	31	119001
15340	6	1.0	902323	2324	2413	1312	123	319003
15117	5	1.0	902323	2314	1411	114	419004
15346	7	1.0	902323	2314	1411	114	45	56	619006
15139	6	1.0	902323	2322	2220	2018	187	719007
14968	7	1.0	902323	2322	2220	2018	187	78	819008
15244	6	1.0	902323	2314	1411	1110	109	919009
14706	5	1.0	902323	2314	1411	1110	1019010
14881	4	1.0	902323	2314	1411	1119011
14532	5	1.0	902323	2324	2413	1312	1219012
15466	4	1.0	902323	2324	2413	1319013
14494	3	1.0	902323	2314	1419014
15277	4	1.0	902323	2322	2215	1519015
14743	7	1.0	902323	2322	2215	1519	1917	1716	1619016
14846	6	1.0	902323	2322	2215	1519	1917	1719017
14453	5	1.0	902323	2322	2220	2018	1819018
15336	5	1.0	902323	2322	2215	1519	1919019
14496	4	1.0	902323	2322	2220	2019020
15073	4	1.0	902323	2324	2421	2119021
15021	3	1.0	902323	2322	2219022
