ID	num_phases	time_red	time_yellow	time_green	num_moves	num_lanes	avglanecapacity	throughturns	leftturns	rightturns	demandprop
6336	2	1.0	3.0	41.0	6	10	760.0	3.0	17.0	280.0
6333	2	1.0	3.0	41.0	4	10	560.0	0.0	0.0	23.0
11743	2	1.0	3.0	56.0	2	8	600.0	0.0	21.0	54.0
11206	2	1.0	3.0	56.0	2	8	600.0	0.0	0.0	75.0
11273	2	1.0	3.0	56.0	2	8	750.0	0.0	0.0	114.0
6340	2	1.0	3.0	41.0	6	10	640.0	88.0	0.0	87.0
5582	2	1.0	3.0	56.0	6	6	1066.6666666666667	15.0	0.0	121.0
13098	2	1.0	3.0	56.0	6	10	700.0	71.0	0.0	469.0
13109	2	1.0	3.0	41.0	7	10	560.0	7.0	0.0	52.0
5728	2	1.0	3.0	41.0	4	12	400.0	4.0	0.0	234.0
5713	2	1.0	3.0	41.0	4	12	400.0	0.0	138.0	21.0
13020	2	1.0	3.0	41.0	4	12	400.0	0.0	0.0	160.0
5715	2	1.0	3.0	56.0	4	11	581.8181818181819	0.0	0.0	256.0
5760	2	1.0	3.0	41.0	12	16	575.0	10.0	0.0	506.0
5107	2	1.0	3.0	41.0	6	14	542.8571428571429	35.0	4.0	463.0
13016	2	1.0	3.0	41.0	4	11	363.6363636363636	0.0	0.0	151.0
5789	2	1.0	3.0	41.0	7	14	514.2857142857143	3.0	73.0	177.0
5211	2	1.0	3.0	41.0	7	18	466.6666666666667	113.0	1.0	482.0
6145	2	1.0	3.0	41.0	12	12	666.6666666666666	5.0	0.0	44.0
6191	2	1.0	3.0	41.0	12	16	675.0	20.0	1.0	78.0
5220	2	1.0	3.0	41.0	12	16	575.0	9.0	0.0	45.0
6146	2	1.0	3.0	41.0	4	6	1200.0	45.0	27.0	5.0
6346	2	1.0	3.0	41.0	9	16	656.25	202.0	58.0	65.0
6339	2	1.0	3.0	41.0	12	12	766.6666666666666	7.0	9.0	306.0
13103	2	1.0	3.0	41.0	4	10	560.0	16.0	0.0	52.0
6144	2	1.0	3.0	41.0	9	12	700.0	19.0	13.0	36.0
6335	2	1.0	3.0	41.0	6	12	700.0	46.0	6.0	242.0
6341	2	1.0	3.0	41.0	6	12	700.0	0.0	0.0	189.0
6305	2	1.0	3.0	41.0	12	12	766.6666666666666	69.0	0.0	136.0
10609	2	1.0	3.0	41.0	2	8	750.0	0.0	0.0	108.0
6357	2	1.0	3.0	41.0	6	10	640.0	2.0	0.0	185.0
6328	2	1.0	3.0	41.0	12	16	550.0	74.0	86.0	179.0
6356	2	1.0	3.0	41.0	6	12	533.3333333333334	10.0	4.0	172.0
6320	2	1.0	3.0	41.0	6	10	840.0	0.0	0.0	96.0
6304	2	1.0	3.0	41.0	6	12	750.0	59.0	47.0	125.0
6362	2	1.0	3.0	41.0	6	12	700.0	34.0	0.0	235.0
6311	2	1.0	3.0	41.0	12	14	657.1428571428571	4.0	0.0	94.0
6326	2	1.0	3.0	41.0	6	14	457.14285714285717	2.0	0.0	285.0
6378	2	1.0	3.0	56.0	12	20	540.0	72.0	25.0	328.0
13119	2	1.0	3.0	41.0	6	10	840.0	5.0	0.0	197.0
5572	2	1.0	3.0	56.0	6	10	960.0	50.0	79.0	545.0
11031	2	1.0	3.0	26.0	7	6	1266.6666666666667	11.0	0.0	146.0
5726	2	1.0	3.0	36.0	4	14	385.7142857142857	6.0	0.0	64.0
13015	2	1.0	3.0	36.0	4	12	383.3333333333333	32.0	0.0	217.0
12734	2	1.0	3.0	36.0	4	14	385.7142857142857	5.0	0.0	148.0
13018	2	1.0	3.0	36.0	4	12	450.0	5.0	0.0	69.0
5586	2	1.0	3.0	28.5	12	12	666.6666666666666	4.0	2.0	51.0
5782	2	1.0	3.0	28.5	3	10	420.0	0.0	0.0	138.0
5773	2	1.0	3.0	28.5	12	10	960.0	39.0	35.0	260.0
5716	2	1.0	3.0	28.5	7	12	716.6666666666666	21.0	0.0	153.0
12261	2	1.0	3.0	28.5	7	12	483.3333333333333	22.0	0.0	183.0
11642	2	1.0	3.0	28.5	4	12	350.0	2.0	0.0	142.0
5717	2	1.0	3.0	28.5	4	16	312.5	22.0	0.0	100.0
5752	2	1.0	3.0	28.5	4	14	357.14285714285717	1.0	0.0	124.0
5741	2	1.0	3.0	28.5	4	12	416.6666666666667	15.0	0.0	134.0
5464	2	1.0	3.0	28.5	4	16	350.0	0.0	0.0	235.0
13081	2	1.0	3.0	28.5	7	12	500.0	31.0	0.0	122.0
5465	2	1.0	3.0	28.5	7	12	616.6666666666666	2.0	0.0	94.0
13088	2	1.0	3.0	28.5	7	12	483.3333333333333	46.0	0.0	153.0
6349	2	1.0	3.0	60.5	4	12	625.0	0.0	0.0	235.0
5189	3	0.3333333333333333	2.0	40.0	9	20	450.0	0.0	0.0	75.0
5753	2	1.0	3.0	28.5	7	16	512.5	2.0	6.0	244.0
13021	2	1.0	3.0	28.5	4	14	385.7142857142857	19.0	0.0	168.0
12671	2	1.0	3.0	28.5	4	14	385.7142857142857	0.0	2.0	385.0
10782	2	1.0	3.0	28.5	4	16	350.0	6.0	0.0	392.0
10611	2	1.0	3.0	28.5	7	12	516.6666666666666	18.0	0.0	336.0
13110	2	1.0	3.0	62.0	7	12	516.6666666666666	7.0	1.0	300.0
5455	2	1.0	3.0	28.5	5	13	507.6923076923077	3.0	0.0	218.0
5755	2	1.0	3.0	28.5	7	14	585.7142857142857	8.0	0.0	84.0
5151	2	1.0	3.0	41.0	7	20	450.0	6.0	0.0	46.0
5778	4	0.5	3.0	27.25	18	20	600.0	244.0	154.0	564.0
5779	2	1.0	3.0	28.5	12	12	933.3333333333334	74.0	11.0	148.0
5732	2	1.0	3.0	28.5	7	10	840.0	24.0	0.0	90.0
5215	3	1.0	3.0	40.333333333333336	9	20	420.0	63.0	0.0	734.0
5711	2	1.0	3.0	29.0	7	16	475.0	99.0	0.0	283.0
5712	2	1.0	3.0	28.5	4	14	342.85714285714283	143.0	0.0	134.0
5727	2	1.0	3.0	27.5	2	11	327.27272727272725	11.0	0.0	21.0
5574	3	1.0	3.0	40.333333333333336	9	18	550.0	42.0	0.0	1392.0
5573	2	1.0	3.0	79.0	6	10	840.0	13.0	0.0	670.0
12149	2	1.0	3.0	59.5	6	10	840.0	16.0	0.0	583.0
6231	3	0.6666666666666666	2.0	45.0	8	10	900.0	6.0	174.0	678.0
6230	4	0.75	3.25	29.5	18	16	675.0	144.0	87.0	977.0
6167	4	1.0	3.0	34.25	19	14	857.1428571428571	266.0	72.0	344.0
5197	5	1.0	3.0	22.0	22	16	750.0	24.0	34.0	1116.0
5210	3	1.0	3.0	39.333333333333336	9	13	615.3846153846154	3.0	0.0	465.0
6354	3	1.0	3.0	39.333333333333336	9	14	571.4285714285714	2.0	0.0	751.0
6332	4	1.0	3.0	28.5	18	12	766.6666666666666	20.0	10.0	218.0
13019	2	1.0	3.0	36.0	5	14	535.7142857142857	11.0	0.0	65.0
12735	2	1.0	3.0	36.0	4	12	500.0	1.0	0.0	224.0
13010	2	1.0	3.0	36.0	4	16	337.5	8.0	0.0	162.0
13009	2	1.0	3.0	36.0	7	12	750.0	45.0	0.0	188.0
5770	2	1.0	3.0	36.5	7	12	750.0	0.0	6.0	37.0
5714	2	1.0	3.0	34.0	4	14	385.7142857142857	0.0	3.0	38.0
5723	2	1.0	3.0	36.0	4	16	337.5	0.0	0.0	85.0
13013	2	1.0	3.0	36.0	4	12	383.3333333333333	0.0	21.0	86.0
12670	2	1.0	3.0	33.0	4	16	375.0	0.0	4.0	209.0
5212	2	1.0	3.0	36.0	12	12	800.0	21.0	11.0	64.0
5431	2	1.0	3.0	35.5	12	12	666.6666666666666	6.0	1.0	40.0
5757	2	1.0	3.0	36.0	7	16	487.5	6.0	0.0	49.0
11080	2	1.0	3.0	36.0	7	16	487.5	14.0	11.0	198.0
13091	2	1.0	3.0	36.0	6	10	640.0	0.0	0.0	59.0
5135	3	1.0	3.0	35.333333333333336	17	16	675.0	102.0	10.0	505.0
5581	2	1.0	3.0	36.0	7	12	483.3333333333333	0.0	71.0	284.0
5544	3	1.0	3.0	22.666666666666668	9	23	430.4347826086956	6.0	187.0	986.0
5471	2	1.0	3.0	36.0	6	15	453.3333333333333	16.0	0.0	34.0
6387	4	0.0	2.0	24.5	13	9	755.5555555555555	49.0	72.0	116.0
6376	4	0.0	2.0	24.5	11	11	618.1818181818181	5.0	0.0	240.0
5143	3	0.0	2.0	29.333333333333332	9	15	640.0	205.0	0.0	718.0
5684	3	0.0	2.0	33.333333333333336	9	13	553.8461538461538	7.0	0.0	223.0
5709	3	0.0	2.0	33.333333333333336	9	14	657.1428571428571	11.0	0.0	202.0
12672	3	0.0	1.3333333333333333	31.666666666666668	6	10	660.0	55.0	0.0	366.0
5761	3	0.0	2.0	31.666666666666668	4	10	660.0	4.0	0.0	64.0
5676	3	0.0	2.0	31.666666666666668	7	13	623.0769230769231	69.0	6.0	220.0
5205	3	0.0	1.3333333333333333	38.666666666666664	7	15	640.0	41.0	82.0	291.0
5691	3	0.0	2.0	33.333333333333336	10	12	766.6666666666666	12.0	0.0	183.0
13061	2	1.0	3.0	41.0	12	16	575.0	8.0	4.0	160.0
11081	2	1.0	3.0	36.0	3	10	460.0	0.0	22.0	198.0
5570	2	1.0	3.0	36.0	7	17	341.1764705882353	47.0	0.0	352.0
5654	2	1.0	3.0	36.0	12	12	950.0	92.0	31.0	323.0
5659	2	0.0	2.0	60.0	7	13	738.4615384615385	297.0	0.0	153.0
5746	2	1.0	3.0	36.0	4	11	654.5454545454545	0.0	0.0	439.0
5452	2	1.0	3.0	36.0	7	15	600.0	80.0	10.0	693.0
5453	2	1.0	3.0	36.0	7	15	600.0	103.0	0.0	474.0
5583	2	1.0	3.0	36.0	6	10	840.0	47.0	19.0	499.0
5748	2	1.0	3.0	36.0	4	12	416.6666666666667	11.0	0.0	168.0
5749	2	1.0	3.0	36.0	4	16	350.0	0.0	46.0	374.0
5454	2	1.0	3.0	36.0	4	16	350.0	21.0	0.0	202.0
13082	2	1.0	3.0	36.0	7	12	483.3333333333333	12.0	27.0	248.0
5739	2	1.0	3.0	36.5	4	14	357.14285714285717	0.0	1.0	322.0
5731	2	1.0	3.0	36.5	4	15	333.3333333333333	0.0	0.0	90.0
10461	2	1.0	3.0	36.5	4	12	350.0	0.0	1.0	146.0
5764	2	1.0	3.0	36.5	7	11	781.8181818181819	8.0	2.0	84.0
13198	0	NaN	NaN	NaN	0	8	600.0	0.0	0.0	0.0
13065	4	1.0	4.0	27.5	18	16	575.0	530.0	348.0	139.0
5756	2	1.0	5.0	31.5	5	13	507.6923076923077	14.0	0.0	34.0
5472	2	0.0	0.0	9.0	4	6	1016.6666666666666	60.0	0.0	42.0
5458	2	0.0	0.0	9.0	7	12	483.3333333333333	0.0	9.0	259.0
13500	3	0.3333333333333333	5.333333333333333	25.666666666666668	6	10	960.0	224.0	143.0	353.0
11791	4	0.0	7.0	25.5	2	5	680.0	0.0	0.0	10.0
5577	1	0.0	0.0	100.0	6	12	1100.0	0.0	0.0	874.0
5657	2	0.0	2.0	60.0	7	13	738.4615384615385	16.0	16.0	167.0
5674	5	0.0	2.0	17.4	8	13	507.6923076923077	0.0	72.0	684.0
5780	5	0.0	2.0	17.4	16	18	533.3333333333334	508.0	0.0	725.0
5767	2	0.0	2.0	55.0	10	15	706.6666666666666	34.0	0.0	357.0
5762	2	0.0	2.0	55.0	7	11	845.4545454545455	15.0	0.0	218.0
5718	2	2.0	4.0	39.0	7	18	466.6666666666667	48.0	23.0	150.0
5719	3	1.6666666666666667	4.0	24.333333333333332	9	20	450.0	7.0	13.0	88.0
5742	3	2.0	4.0	24.0	9	20	430.0	2.0	10.0	231.0
5758	4	2.0	4.0	16.5	10	14	585.7142857142857	4.0	0.0	244.0
5772	3	0.0	2.0	41.333333333333336	8	13	553.8461538461538	94.0	81.0	113.0
10777	2	1.0	3.0	56.0	7	12	516.6666666666666	6.0	0.0	104.0
13111	3	2.6666666666666665	2.6666666666666665	21.333333333333332	7	12	516.6666666666666	29.0	0.0	53.0
12669	2	2.0	4.0	34.0	4	12	383.3333333333333	6.0	0.0	256.0
10488	2	1.0	3.0	41.0	4	9	444.44444444444446	0.0	0.0	25.0
11381	3	1.3333333333333333	4.0	24.666666666666668	9	18	500.0	49.0	0.0	186.0
10491	3	1.3333333333333333	2.6666666666666665	26.0	9	16	475.0	2.0	0.0	37.0
5743	3	0.6666666666666666	3.0	23.0	5	11	654.5454545454545	7.0	88.0	474.0
10460	3	0.3333333333333333	3.0	23.333333333333332	5	10	680.0	63.0	3.0	483.0
5685	5	1.6	4.0	12.4	20	20	600.0	100.0	17.0	980.0
5750	3	1.3333333333333333	2.6666666666666665	26.0	16	16	575.0	22.0	12.0	114.0
5740	4	1.25	3.0	18.25	12	20	430.0	9.0	0.0	250.0
5759	4	1.5	3.0	18.0	12	18	466.6666666666667	31.0	0.0	87.0
5414	2	1.0	3.0	41.0	4	12	383.3333333333333	1.0	0.0	35.0
5722	2	1.0	3.0	36.0	7	12	516.6666666666666	11.0	9.0	24.0
5730	2	1.0	3.0	36.5	7	12	483.3333333333333	0.0	29.0	78.0
13075	2	0.0	0.0	9.0	7	12	483.3333333333333	18.0	0.0	129.0
10601	2	1.0	3.0	28.5	3	12	350.0	0.0	0.0	89.0
13118	4	0.0	7.0	25.5	12	8	825.0	0.0	0.0	23.0
5754	2	1.0	3.0	41.0	2	8	650.0	0.0	0.0	97.0
13106	2	1.0	3.0	20.0	4	7	571.4285714285714	5.0	0.0	18.0
5744	2	1.0	3.0	36.0	4	12	600.0	6.0	0.0	297.0
13108	4	2.0	3.0	17.5	11	15	560.0	4.0	1.0	105.0
13107	2	1.0	3.0	41.0	4	6	666.6666666666666	0.0	59.0	107.0
12282	2	1.0	3.0	41.0	2	8	450.0	0.0	0.0	26.0
