Int ID	TSTT_DELTA (min)	AvgTT_DELTA (sec/veh)	demandprop
6336	54.25	11.82	10
6333	4.80	15.16	10
11743	17.80	14.63	10
11206	16.60	13.64	10
11273	14.60	7.75	10
6340	17.70	5.62	10
5582	9.10	4.81	10
13098	81.37	9.45	10
13109	14.80	15.57	10
5728	75.75	17.96	10
5713	15.13	7.00	10
13020	21.53	8.83	10
5715	67.80	16.19	10
5760	65.60	7.71	10
5107	86.72	9.41	10
13016	36.10	14.73	10
5789	45.80	10.27	10
5211	66.15	7.28	10
6145	14.60	16.22	10
6191	19.00	9.70	10
5220	6.20	8.71	10
6146	19.90	14.76	10
6346	52.00	9.65	10
6339	24.90	4.78	10
13103	2.50	3.70	10
6144	-0.50	4.68	10
6335	74.80	14.71	10
6341	18.90	6.03	10
6305	62.10	17.28	10
10609	25.70	14.15	10
6357	38.27	11.81	10
6328	45.20	8.33	10
6356	45.20	14.69	10
6320	26.60	17.38	10
6304	48.37	12.52	10
6362	74.10	16.76	10
6311	6.70	0.93	10
6326	7.40	1.76	10
6378	127.33	17.36	10
13119	35.17	10.04	10
5572	86.15	7.55	10
11031	20.20	8.50	10
5726	13.00	10.00	10
13015	45.47	10.93	10
12734	21.30	7.42	10
13018	16.30	10.54	10
5586	9.90	8.51	10
5782	16.60	7.43	10
5773	54.80	9.98	10
5716	14.20	6.38	10
12261	22.10	7.57	10
11642	25.70	10.86	10
5717	16.80	8.33	10
5752	15.80	7.52	10
5741	20.90	7.39	10
5464	26.20	7.06	10
13081	15.00	7.40	10
5465	16.90	10.19	10
13088	29.10	9.93	10
6349	54.50	13.22	10
5189	24.70	24.70	10
5753	31.00	8.87	10
13021	21.40	6.77	10
12671	60.80	9.45	10
10782	59.47	9.29	10
10611	45.75	7.71	10
13110	37.60	7.42	10
5455	48.40	13.08	10
5755	11.70	9.99	10
5151	5.70	6.71	10
5778	169.67	13.34	10
5779	35.90	9.27	10
5732	19.70	9.93	10
5215	83.65	9.05	10
5711	42.90	7.14	10
5712	52.73	11.26	10
5727	5.20	9.45	10
5574	151.80	11.04	10
5573	257.20	22.31	10
12149	43.03	3.95	10
6231	139.00	14.28	10
6230	244.13	20.91	10
6167	150.60	15.22	10
5197	219.10	21.84	10
5210	80.10	11.57	10
6354	44.50	6.38	10
6332	37.10	16.52	10
13019	16.10	12.71	10
12735	35.90	10.32	10
13010	20.60	7.94	10
13009	40.67	10.52	10
5770	11.20	11.83	10
5714	9.70	10.51	10
5723	12.90	10.58	10
13013	23.20	13.26	10
12670	30.10	8.79	10
5212	20.10	13.70	10
5431	3.90	10.33	10
5757	10.40	12.58	10
11080	27.70	8.27	10
13091	8.00	7.35	10
5135	87.37	9.64	10
5581	43.30	7.32	10
5544	236.38	13.70	10
5471	9.30	10.78	10
6387	26.70	13.43	10
6376	39.40	17.71	10
5143	143.35	14.72	10
5684	34.50	13.88	10
5709	41.90	15.42	10
12672	72.80	16.73	10
5761	11.30	9.36	10
5676	86.70	20.26	10
5205	261.30	37.70	10
5691	19.40	9.81	10
13061	40.10	13.36	10
11081	28.93	8.10	10
5570	43.57	6.37	10
5654	60.13	8.17	10
5659	127.40	17.27	10
5746	62.35	8.84	10
5452	152.58	11.68	10
5453	141.23	14.71	10
5583	81.30	8.37	10
5748	19.07	6.81	10
5749	78.20	11.20	10
5454	20.20	5.31	10
13082	28.40	7.02	10
5739	68.43	12.57	10
5731	13.00	8.76	10
10461	31.30	13.04	10
5764	14.80	9.42	10
13198	0.00	NaN	10
13065	100.73	11.94	10
5756	-0.80	0.00	10
5472	-0.40	0.07	10
5458	20.35	4.09	10
13500	62.70	5.96	10
11791	0.10	1.20	10
5577	4.93	-0.11	10
5657	51.80	14.50	10
5674	33.55	6.93	10
5780	124.50	14.59	10
5767	90.80	13.32	10
5762	82.80	20.22	10
5718	90.20	26.03	10
5719	8.40	10.72	10
5742	88.23	24.20	10
5758	50.80	22.34	10
5772	108.50	25.94	10
10777	15.60	9.00	10
13111	10.80	9.03	10
12669	42.13	9.82	10
10488	3.40	7.83	10
11381	56.37	14.31	10
10491	10.20	22.21	10
5743	104.40	15.71	10
10460	68.10	11.49	10
5685	234.40	23.09	10
5750	39.10	21.57	10
5740	61.00	21.92	10
5759	4.70	10.88	10
5414	6.40	10.51	10
5722	6.20	7.51	10
5730	17.90	9.76	10
13075	12.60	3.82	10
10601	8.50	5.86	10
13118	13.60	48.00	10
5754	22.20	14.50	10
13106	0.80	5.43	10
5744	34.10	6.08	10
13108	29.40	22.92	10
13107	50.10	17.39	10
12282	-1.00	-0.35	10
