14498	6	0.075	902424	2421	2122	2215	1510	1019010
16708	6	0.475	902424	2423	2322	2215	1510	1019010
18816	6	0.0875	902424	2423	2314	1415	1510	1019010
20799	6	0.3625	902424	2423	2314	1411	1110	1019010
15434	4	1.0	902424	2413	1312	1219012
14970	3	1.0	902424	2413	1319013
15256	5	0.12121212121212122	902424	2421	2122	2215	1519015
17313	5	0.7878787878787878	902424	2423	2322	2215	1519015
19358	5	0.09090909090909091	902424	2423	2314	1415	1519015
14779	3	0.95	902424	2421	2119021
18165	6	0.05	902424	2423	2322	2220	2021	2119021
14672	4	0.13636363636363635	902424	2421	2122	2219022
16845	4	0.8636363636363636	902424	2423	2322	2219022
14708	3	1.0	902424	2423	2319023
15038	7	0.6410256410256411	902424	2421	2120	2018	187	78	819008
19197	7	0.02564102564102564	902424	2421	2120	2018	1816	168	819008
17129	8	0.02564102564102564	902424	2423	2322	2215	1510	109	98	819008
21144	8	0.15384615384615385	902424	2423	2314	1411	1110	109	98	819008
24868	9	0.07692307692307693	902424	2413	1312	123	34	45	59	98	819008
33065	9	0.02564102564102564	902424	2421	2120	2018	187	718	1816	168	819008
18201	10	0.05128205128205128	902424	2423	2322	2220	2018	187	718	1816	168	819008
15687	3	1.0	90011	12	219002
15595	3	1.0	90011	13	319003
14443	4	1.0	90011	13	34	419004
15326	4	0.18181818181818182	90011	12	26	619006
17376	6	0.8181818181818182	90011	13	34	45	56	619006
14534	6	0.1111111111111111	90011	12	26	68	87	719007
16734	8	0.4444444444444444	90011	13	34	45	59	98	87	719007
18840	8	0.4444444444444444	90011	13	34	45	56	68	87	719007
15212	5	0.2777777777777778	90011	12	26	68	819008
17271	7	0.4444444444444444	90011	13	34	45	59	98	819008
19324	7	0.2777777777777778	90011	13	34	45	56	68	819008
15099	6	0.9285714285714286	90011	13	34	45	59	919009
20489	7	0.07142857142857142	90011	13	34	411	1110	109	919009
19268	6	0.3888888888888889	90011	13	34	411	1110	1019010
15134	7	0.6111111111111112	90011	13	34	45	59	910	1019010
15111	5	0.6190476190476191	90011	13	34	411	1119011
22436	5	0.23809523809523808	90011	13	312	1211	1119011
17192	8	0.14285714285714285	90011	13	34	45	59	910	1011	1119011
14781	4	0.9666666666666667	90011	13	312	1219012
18183	6	0.03333333333333333	90011	13	34	43	312	1219012
14933	5	0.9310344827586207	90011	13	312	1213	1319013
17911	7	0.06896551724137931	90011	13	34	43	312	1213	1319013
14574	6	0.4	90011	13	34	411	1114	1419014
22327	6	0.4	90011	13	312	1211	1114	1419014
18872	8	0.1	90011	13	312	1213	1324	2423	2314	1419014
16768	9	0.1	90011	13	34	45	59	910	1015	1514	1419014
15106	7	0.18181818181818182	90011	13	34	411	1114	1415	1519015
21194	7	0.18181818181818182	90011	13	34	411	1110	1015	1519015
22276	7	0.2727272727272727	90011	13	312	1211	1110	1015	1519015
17187	8	0.2727272727272727	90011	13	34	45	59	910	1015	1519015
19248	9	0.09090909090909091	90011	13	312	1213	1324	2423	2314	1415	1519015
14853	6	0.35	90011	12	26	68	816	1619016
16984	8	0.2	90011	13	34	45	59	98	816	1619016
20351	8	0.4	90011	13	34	45	56	68	816	1619016
32022	10	0.05	90011	13	34	45	59	98	87	718	1816	1619016
14654	7	0.23529411764705882	90011	12	26	68	816	1617	1719017
22784	7	0.058823529411764705	90011	13	34	411	1110	1017	1719017
16829	8	0.5294117647058824	90011	13	34	45	59	910	1017	1719017
18927	11	0.17647058823529413	90011	13	312	1213	1324	2421	2120	2018	1816	1617	1719017
14536	7	0.18518518518518517	90011	12	26	68	87	718	1819018
16736	9	0.37037037037037035	90011	13	34	45	59	98	87	718	1819018
18842	9	0.037037037037037035	90011	13	312	1213	1324	2421	2120	2018	1819018
20820	9	0.4074074074074074	90011	13	34	45	56	68	87	718	1819018
17391	9	0.2	90011	13	34	45	59	910	1017	1719	1919019
19431	9	0.4	90011	13	312	1213	1324	2421	2120	2019	1919019
25920	9	0.4	90011	13	34	45	59	910	1015	1519	1919019
15531	8	0.08333333333333333	90011	12	26	68	87	718	1820	2019020
19589	8	0.25	90011	13	312	1213	1324	2421	2120	2019020
17559	10	0.4166666666666667	90011	13	34	45	59	98	87	718	1820	2019020
21507	10	0.16666666666666666	90011	13	34	45	56	68	87	718	1820	2019020
31470	10	0.08333333333333333	90011	13	34	45	59	910	1015	1519	1920	2019020
15445	7	0.7142857142857143	90011	13	312	1213	1324	2421	2119021
17479	11	0.2857142857142857	90011	13	34	45	59	98	87	718	1820	2021	2119021
19080	8	0.16666666666666666	90011	13	312	1213	1324	2423	2322	2219022
22344	8	0.16666666666666666	90011	13	312	1211	1110	1015	1522	2219022
22923	8	0.16666666666666666	90011	13	34	411	1110	1015	1522	2219022
17001	9	0.25	90011	13	34	45	59	910	1015	1522	2219022
26596	11	0.25	90011	13	34	45	56	68	87	718	1820	2022	2219022
15181	7	0.8333333333333334	90011	13	312	1213	1324	2423	2319023
25761	7	0.08333333333333333	90011	13	312	1211	1114	1423	2319023
17244	10	0.08333333333333333	90011	13	34	45	59	910	1015	1514	1423	2319023
14855	6	0.8461538461538461	90011	13	312	1213	1324	2419024
16986	11	0.15384615384615385	90011	13	34	45	59	910	1015	1514	1423	2324	2419024
14826	3	1.0	90022	21	119001
17325	5	1.0	90022	21	13	34	419004
14643	3	1.0	90022	26	619006
15079	5	1.0	90022	26	68	87	719007
15356	4	1.0	90022	26	68	819008
14519	5	0.2857142857142857	90022	26	65	59	919009
16723	7	0.7142857142857143	90022	21	13	34	45	59	919009
15388	6	0.05	90022	26	68	816	1610	1019010
30976	6	0.25	90022	26	65	59	910	1019010
19467	7	0.15	90022	21	13	34	411	1110	1019010
17429	8	0.55	90022	21	13	34	45	59	910	1019010
14466	6	0.08333333333333333	90022	26	65	54	411	1119011
18794	6	0.5833333333333334	90022	21	13	34	411	1119011
22093	6	0.08333333333333333	90022	21	13	312	1211	1119011
18167	8	0.25	90022	21	13	312	1213	1312	1211	1119011
15000	5	1.0	90022	21	13	312	1219012
15639	6	1.0	90022	21	13	312	1213	1319013
21648	7	0.2857142857142857	90022	21	13	34	411	1114	1419014
18443	9	0.42857142857142855	90022	21	13	312	1213	1312	1211	1114	1419014
19735	9	0.14285714285714285	90022	21	13	312	1213	1324	2423	2314	1419014
17711	10	0.14285714285714285	90022	21	13	34	45	59	910	1015	1514	1419014
20939	8	0.2857142857142857	90022	21	13	34	411	1110	1015	1519015
28321	8	0.14285714285714285	90022	21	13	34	411	1114	1415	1519015
16881	9	0.5714285714285714	90022	21	13	34	45	59	910	1015	1519015
14848	5	0.8125	90022	26	68	816	1619016
19061	7	0.0625	90022	26	68	87	718	1816	1619016
18018	9	0.0625	90022	21	13	34	45	59	98	816	1619016
16980	11	0.0625	90022	21	13	34	45	59	98	87	718	1816	1619016
14972	6	0.5294117647058824	90022	26	68	816	1617	1719017
19151	8	0.11764705882352941	90022	26	68	87	718	1816	1617	1719017
23790	8	0.058823529411764705	90022	21	13	34	411	1110	1017	1719017
17082	9	0.29411764705882354	90022	21	13	34	45	59	910	1017	1719017
21517	8	0.5	90022	26	68	87	718	1820	2019	1919019
27939	10	0.16666666666666666	90022	21	13	34	45	59	910	1015	1519	1919019
17570	12	0.3333333333333333	90022	21	13	34	45	59	98	87	718	1820	2019	1919019
15130	7	0.9090909090909091	90022	26	68	87	718	1820	2019020
17206	11	0.09090909090909091	90022	21	13	34	45	59	98	87	718	1820	2019020
15101	8	0.18181818181818182	90022	26	68	87	718	1820	2022	2219022
33251	8	0.09090909090909091	90022	26	65	59	910	1015	1522	2219022
19244	9	0.09090909090909091	90022	21	13	312	1213	1324	2423	2322	2219022
21189	9	0.18181818181818182	90022	26	68	87	718	1820	2021	2122	2219022
22318	9	0.09090909090909091	90022	21	13	312	1211	1110	1015	1522	2219022
17182	10	0.18181818181818182	90022	21	13	34	45	59	910	1015	1522	2219022
23064	10	0.18181818181818182	90022	26	68	87	718	1820	2019	1915	1522	2219022
15171	3	1.0	90033	31	119001
15668	3	1.0	90033	34	419004
15032	5	0.5	90033	34	45	56	619006
26069	5	0.5	90033	31	12	26	619006
15113	7	0.75	90033	34	45	56	68	87	719007
31634	7	0.25	90033	31	12	26	68	87	719007
15524	6	0.7142857142857143	90033	34	45	56	68	819008
18672	6	0.2857142857142857	90033	34	45	59	98	819008
15193	5	1.0	90033	34	45	59	919009
19900	5	0.21428571428571427	90033	34	411	1110	1019010
14538	6	0.7857142857142857	90033	34	45	59	910	1019010
15536	4	0.25	90033	312	1211	1119011
20002	4	0.5	90033	34	411	1119011
19594	6	0.125	90033	34	45	54	411	1119011
17564	7	0.125	90033	34	45	59	910	1011	1119011
15633	3	1.0	90033	312	1219012
15119	4	1.0	90033	312	1213	1319013
15623	5	0.42857142857142855	90033	312	1211	1114	1419014
23454	5	0.42857142857142855	90033	34	411	1114	1419014
17644	8	0.14285714285714285	90033	34	45	59	910	1015	1514	1419014
31423	6	0.16666666666666666	90033	34	411	1114	1415	1519015
17640	7	0.8333333333333334	90033	34	45	59	910	1015	1519015
14690	7	0.7692307692307693	90033	34	45	56	68	816	1619016
17914	7	0.23076923076923078	90033	34	45	59	98	816	1619016
22845	6	0.18181818181818182	90033	34	411	1110	1017	1719017
16905	7	0.5454545454545454	90033	34	45	59	910	1017	1719017
14753	8	0.2727272727272727	90033	34	45	56	68	816	1617	1719017
15612	7	0.42857142857142855	90033	312	1213	1324	2421	2122	2219022
23444	7	0.2857142857142857	90033	34	411	1110	1015	1522	2219022
25499	7	0.2857142857142857	90033	312	1211	1114	1415	1522	2219022
15582	6	0.4	90033	312	1213	1324	2423	2319023
25992	6	0.2	90033	312	1211	1114	1423	2319023
17605	9	0.4	90033	34	45	59	910	1015	1514	1423	2319023
14627	4	1.0	90044	43	31	119001
17596	5	1.0	90044	43	31	12	219002
15084	3	1.0	90044	43	319003
15630	4	1.0	90044	45	56	619006
14419	6	0.8333333333333334	90044	45	56	68	87	719007
18342	6	0.16666666666666666	90044	45	59	98	87	719007
14867	5	0.5909090909090909	90044	45	56	68	819008
17916	5	0.4090909090909091	90044	45	59	98	819008
14955	4	1.0	90044	45	59	919009
19902	4	0.21739130434782608	90044	411	1110	1019010
14629	5	0.782608695652174	90044	45	59	910	1019010
14906	3	0.8809523809523809	90044	411	1119011
17024	6	0.11904761904761904	90044	45	59	910	1011	1119011
15177	4	0.9696969696969697	90044	43	312	1219012
18369	6	0.030303030303030304	90044	43	31	13	312	1219012
14631	5	0.9705882352941176	90044	43	312	1213	1319013
17838	7	0.029411764705882353	90044	43	31	13	312	1213	1319013
15405	4	0.8666666666666667	90044	411	1114	1419014
19481	8	0.13333333333333333	90044	43	312	1213	1324	2423	2314	1419014
14421	5	0.2	90044	411	1114	1415	1519015
22181	5	0.05	90044	411	1110	1015	1519015
16653	6	0.7	90044	45	59	910	1015	1519015
20281	9	0.05	90044	43	312	1213	1324	2423	2314	1415	1519015
14889	6	0.5925925925925926	90044	45	56	68	816	1619016
23865	6	0.25925925925925924	90044	45	59	98	816	1619016
18071	8	0.1111111111111111	90044	45	59	98	87	718	1816	1619016
20093	8	0.037037037037037035	90044	45	56	68	87	718	1816	1619016
22668	5	0.08333333333333333	90044	411	1110	1017	1719017
16672	6	0.5416666666666666	90044	45	59	910	1017	1719017
14445	7	0.375	90044	45	56	68	816	1617	1719017
22552	6	0.1	90044	411	1110	1015	1519	1919019
17104	7	0.2	90044	45	59	910	1017	1719	1919019
19174	7	0.4	90044	45	59	910	1015	1519	1919019
15006	8	0.2	90044	45	56	68	816	1617	1719	1919019
21121	9	0.1	90044	45	56	68	87	718	1820	2019	1919019
14990	8	0.5333333333333333	90044	45	56	68	87	718	1820	2019020
18276	8	0.3333333333333333	90044	45	59	98	87	718	1820	2019020
19165	8	0.13333333333333333	90044	43	312	1213	1324	2421	2120	2019020
15367	7	0.4444444444444444	90044	43	312	1213	1324	2421	2119021
24124	7	0.1111111111111111	90044	411	1110	1015	1522	2221	2119021
17410	9	0.4444444444444444	90044	45	56	68	87	718	1820	2021	2119021
15220	6	0.15	90044	411	1114	1423	2322	2219022
22253	6	0.15	90044	411	1110	1015	1522	2219022
31381	6	0.05	90044	411	1114	1415	1522	2219022
17278	7	0.45	90044	45	59	910	1015	1522	2219022
27765	9	0.1	90044	45	56	68	87	718	1820	2022	2219022
21270	10	0.05	90044	45	56	68	87	718	1820	2021	2122	2219022
25944	10	0.05	90044	45	59	98	87	718	1820	2021	2122	2219022
14552	5	0.21428571428571427	90044	411	1114	1423	2319023
18855	7	0.6428571428571429	90044	43	312	1213	1324	2423	2319023
16750	8	0.14285714285714285	90044	45	59	910	1015	1514	1423	2319023
15190	6	0.7692307692307693	90044	43	312	1213	1324	2419024
25895	6	0.07692307692307693	90044	411	1114	1423	2324	2419024
17253	9	0.15384615384615385	90044	45	59	910	1015	1514	1423	2324	2419024
14481	4	0.9387755102040817	90055	59	910	1019010
23585	5	0.061224489795918366	90055	54	411	1110	1019010
14940	5	0.6842105263157895	90055	54	411	1114	1419014
17055	6	0.12280701754385964	90055	59	910	1015	1514	1419014
21081	6	0.14035087719298245	90055	59	910	1011	1114	1419014
19805	9	0.05263157894736842	90055	54	43	312	1213	1324	2423	2314	1419014
14602	7	0.07894736842105263	90055	59	910	1015	1522	2221	2119021
16789	8	0.3684210526315789	90055	56	68	87	718	1820	2021	2119021
17840	8	0.3684210526315789	90055	59	98	87	718	1820	2021	2119021
18893	8	0.05263157894736842	90055	54	43	312	1213	1324	2421	2119021
30060	8	0.07894736842105263	90055	59	910	1016	1618	1820	2021	2119021
27300	9	0.05263157894736842	90055	56	68	87	718	1820	2022	2221	2119021
15086	4	1.0	90066	62	21	119001
14411	3	1.0	90066	62	219002
15675	5	1.0	90066	65	54	43	319003
14521	4	1.0	90066	65	54	419004
15195	4	1.0	90066	68	87	719007
14588	3	1.0	90066	68	819008
15516	4	0.75	90066	65	59	919009
20133	4	0.25	90066	68	89	919009
14974	5	0.6666666666666666	90066	68	816	1610	1019010
18117	5	0.14814814814814814	90066	65	59	910	1019010
20140	5	0.18518518518518517	90066	68	89	910	1019010
15143	5	0.7142857142857143	90066	65	54	411	1119011
17215	6	0.21428571428571427	90066	68	816	1610	1011	1119011
33093	6	0.07142857142857142	90066	68	89	910	1011	1119011
15498	6	1.0	90066	65	54	43	312	1219012
15470	7	1.0	90066	65	54	43	312	1213	1319013
14657	6	0.75	90066	65	54	411	1114	1419014
18360	7	0.125	90066	65	59	910	1015	1514	1419014
20897	7	0.125	90066	68	816	1610	1011	1114	1419014
17284	6	0.375	90066	68	816	1610	1015	1519015
18642	6	0.125	90066	65	59	910	1015	1519015
20639	6	0.125	90066	68	89	910	1015	1519015
15226	7	0.375	90066	68	816	1617	1719	1915	1519015
14897	4	1.0	90066	68	816	1619016
14992	5	1.0	90066	68	816	1617	1719017
20069	7	0.16666666666666666	90066	68	89	910	1015	1519	1919019
21593	7	0.8333333333333334	90066	68	87	718	1820	2019	1919019
14732	6	1.0	90066	68	87	718	1820	2019020
14554	7	1.0	90066	68	87	718	1820	2021	2119021
15382	7	0.5	90066	68	87	718	1820	2022	2219022
19461	7	0.08333333333333333	90066	68	816	1610	1015	1522	2219022
21390	8	0.4166666666666667	90066	68	87	718	1820	2021	2122	2219022
25808	7	0.14285714285714285	90066	65	54	411	1114	1423	2319023
15526	8	0.42857142857142855	90066	68	87	718	1820	2022	2223	2319023
17554	9	0.2857142857142857	90066	68	87	718	1820	2021	2124	2423	2319023
22117	9	0.14285714285714285	90066	68	87	718	1820	2021	2122	2223	2319023
14483	8	0.7	90066	68	87	718	1820	2021	2124	2419024
26367	9	0.1	90066	68	816	1610	1015	1522	2223	2324	2419024
29646	10	0.1	90066	68	87	718	1820	2021	2122	2223	2324	2419024
27836	11	0.1	90066	68	87	718	1820	2019	1920	2022	2223	2324	2419024
15328	6	0.8571428571428571	90077	78	86	62	21	119001
17378	8	0.14285714285714285	90077	718	1816	168	86	62	21	119001
15589	5	0.75	90077	78	86	62	219002
17612	7	0.25	90077	718	1816	168	86	62	219002
15481	7	0.3333333333333333	90077	78	86	65	54	43	319003
19546	9	0.3333333333333333	90077	718	1816	1610	109	95	54	43	319003
25180	9	0.3333333333333333	90077	718	1816	168	86	65	54	43	319003
15145	6	0.45454545454545453	90077	78	86	65	54	419004
17217	8	0.5454545454545454	90077	718	1816	1610	109	95	54	419004
15246	4	0.6842105263157895	90077	78	86	619006
17304	6	0.3157894736842105	90077	718	1816	168	86	619006
14957	3	0.6777777777777778	90077	78	819008
17070	5	0.32222222222222224	90077	718	1816	168	819008
22382	4	0.2857142857142857	90077	78	89	919009
14850	6	0.42857142857142855	90077	718	1816	1610	109	919009
18477	8	0.2857142857142857	90077	718	1820	2022	2215	1510	109	919009
14692	5	0.65625	90077	718	1816	1610	1019010
27420	5	0.1875	90077	78	89	910	1019010
17968	7	0.0625	90077	718	1820	2022	2215	1510	1019010
23763	7	0.09375	90077	718	1820	2019	1915	1510	1019010
14783	6	0.6666666666666666	90077	718	1816	1610	1011	1119011
27723	6	0.26666666666666666	90077	78	89	910	1011	1119011
24071	8	0.06666666666666667	90077	718	1820	2019	1915	1510	1011	1119011
19694	7	0.4444444444444444	90077	718	1816	1610	1011	1112	1219012
15654	8	0.3333333333333333	90077	78	86	65	54	43	312	1219012
17670	8	0.2222222222222222	90077	718	1820	2021	2124	2413	1312	1219012
15561	7	0.5	90077	718	1820	2021	2124	2413	1319013
19617	8	0.5	90077	718	1816	1610	1011	1112	1213	1319013
19239	7	0.3	90077	718	1816	1610	1015	1514	1419014
21184	7	0.1	90077	718	1816	1610	1011	1114	1419014
21986	7	0.5	90077	718	1820	2019	1915	1514	1419014
15095	8	0.1	90077	718	1816	1617	1719	1915	1514	1419014
19566	6	0.26666666666666666	90077	718	1816	1610	1015	1519015
22031	6	0.6	90077	718	1820	2019	1915	1519015
15503	7	0.13333333333333333	90077	718	1816	1617	1719	1915	1519015
14501	4	1.0	90077	718	1816	1619016
15069	5	1.0	90077	718	1816	1617	1719017
21038	5	0.75	90077	718	1820	2019	1919019
14877	6	0.16666666666666666	90077	718	1816	1617	1719	1919019
18437	7	0.08333333333333333	90077	718	1820	2022	2220	2019	1919019
14916	4	1.0	90077	718	1820	2019020
15563	5	1.0	90077	718	1820	2021	2119021
14700	5	0.7272727272727273	90077	718	1820	2022	2219022
21749	6	0.13636363636363635	90077	718	1820	2021	2122	2219022
18959	7	0.13636363636363635	90077	718	1816	1610	1015	1522	2219022
14985	6	0.16666666666666666	90077	718	1820	2022	2223	2319023
17090	7	0.5	90077	718	1820	2021	2124	2423	2319023
22222	7	0.16666666666666666	90077	718	1820	2021	2122	2223	2319023
19160	8	0.16666666666666666	90077	718	1816	1610	1015	1522	2223	2319023
14960	5	1.0	90088	86	62	21	119001
15359	4	1.0	90088	86	62	219002
15132	6	1.0	90088	86	65	54	43	319003
15124	5	1.0	90088	86	65	54	419004
15161	4	1.0	90088	86	65	519005
14455	3	1.0	90088	86	619006
15011	3	1.0	90088	87	719007
15452	3	1.0	90088	89	919009
14524	4	0.7254901960784313	90088	816	1610	1019010
17764	4	0.27450980392156865	90088	89	910	1019010
14994	5	0.6818181818181818	90088	816	1610	1011	1119011
17831	5	0.3181818181818182	90088	89	910	1011	1119011
17273	6	0.0625	90088	816	1610	1011	1112	1219012
15214	7	0.9375	90088	86	65	54	43	312	1219012
15089	8	0.8333333333333334	90088	86	65	54	43	312	1213	1319013
17171	8	0.16666666666666666	90088	87	718	1820	2021	2124	2413	1319013
17327	6	0.23076923076923078	90088	816	1610	1015	1514	1419014
20407	6	0.15384615384615385	90088	89	910	1015	1514	1419014
21309	6	0.23076923076923078	90088	816	1610	1011	1114	1419014
22303	6	0.23076923076923078	90088	89	910	1011	1114	1419014
18399	8	0.15384615384615385	90088	87	718	1820	2022	2215	1514	1419014
17247	5	0.6	90088	816	1610	1015	1519015
20144	5	0.05	90088	89	910	1015	1519015
15184	6	0.05	90088	816	1617	1719	1915	1519015
18120	7	0.2	90088	87	718	1820	2022	2215	1519015
22046	7	0.1	90088	87	718	1820	2019	1915	1519015
14745	3	1.0	90088	816	1619016
14509	4	1.0	90088	816	1617	1719017
15292	5	0.6666666666666666	90088	816	1617	1719	1919019
21325	6	0.3333333333333333	90088	87	718	1820	2019	1919019
14457	5	1.0	90088	87	718	1820	2019020
15294	6	1.0	90088	87	718	1820	2021	2119021
14767	6	0.3333333333333333	90088	87	718	1820	2022	2219022
19005	6	0.2222222222222222	90088	816	1610	1015	1522	2219022
22205	7	0.1111111111111111	90088	87	718	1820	2021	2122	2219022
29530	7	0.2222222222222222	90088	816	1617	1719	1920	2022	2219022
27719	8	0.1111111111111111	90088	87	718	1820	2019	1920	2022	2219022
14942	7	0.1875	90088	87	718	1820	2022	2223	2319023
19127	7	0.1875	90088	816	1610	1015	1522	2223	2319023
25714	7	0.125	90088	816	1610	1011	1114	1423	2319023
31156	7	0.0625	90088	89	910	1011	1114	1423	2319023
17057	8	0.1875	90088	87	718	1820	2021	2124	2423	2319023
22016	8	0.125	90088	87	718	1820	2021	2122	2223	2319023
29349	8	0.0625	90088	816	1617	1719	1920	2022	2223	2319023
20112	10	0.0625	90088	86	65	54	43	312	1213	1324	2423	2319023
15413	7	0.8235294117647058	90088	87	718	1820	2021	2124	2419024
29292	9	0.17647058823529413	90088	816	1617	1719	1920	2022	2223	2324	2419024
14760	6	1.0	90099	95	54	43	31	119001
15330	5	0.7142857142857143	90099	95	56	62	219002
24409	5	0.14285714285714285	90099	98	86	62	219002
18662	7	0.14285714285714285	90099	95	54	43	31	12	219002
15627	5	1.0	90099	95	54	43	319003
14511	4	1.0	90099	95	54	419004
15556	4	0.5714285714285714	90099	95	56	619006
18271	4	0.42857142857142855	90099	98	86	619006
16958	4	0.9166666666666666	90099	98	87	719007
14821	6	0.08333333333333333	90099	910	1016	1618	187	719007
14674	3	1.0	90099	98	819008
14503	3	1.0	90099	910	1019010
14857	4	0.9019607843137255	90099	910	1011	1119011
23684	5	0.09803921568627451	90099	95	54	411	1119011
15363	5	0.21052631578947367	90099	910	1011	1112	1219012
18246	6	0.7894736842105263	90099	95	54	43	312	1219012
14660	6	0.35	90099	910	1011	1112	1213	1319013
17961	7	0.65	90099	95	54	43	312	1213	1319013
15253	5	0.8888888888888888	90099	910	1011	1114	1419014
17310	5	0.1111111111111111	90099	910	1015	1514	1419014
14526	4	0.9705882352941176	90099	910	1015	1519015
23899	8	0.029411764705882353	90099	98	87	718	1820	2019	1915	1519015
14605	4	0.5813953488372093	90099	910	1016	1619016
18062	4	0.3953488372093023	90099	98	816	1619016
20085	6	0.023255813953488372	90099	98	87	718	1816	1619016
16836	4	0.5	90099	910	1017	1719017
14662	5	0.2222222222222222	90099	910	1016	1617	1719017
21897	5	0.19444444444444445	90099	98	816	1617	1719017
19992	7	0.08333333333333333	90099	98	87	718	1816	1617	1719017
17035	5	0.2222222222222222	90099	910	1017	1719	1919019
19109	5	0.6111111111111112	90099	910	1015	1519	1919019
14918	6	0.1111111111111111	90099	910	1016	1617	1719	1919019
22363	7	0.05555555555555555	90099	98	87	718	1820	2019	1919019
15415	6	0.3	90099	910	1016	1618	1820	2019020
18262	6	0.65	90099	98	87	718	1820	2019020
19491	6	0.05	90099	910	1015	1522	2220	2019020
15373	6	0.5	90099	910	1015	1522	2221	2119021
17416	7	0.08333333333333333	90099	910	1016	1618	1820	2021	2119021
17804	7	0.4166666666666667	90099	98	87	718	1820	2021	2119021
15173	5	0.8181818181818182	90099	910	1015	1522	2219022
21858	8	0.06060606060606061	90099	98	87	718	1820	2021	2122	2219022
23725	9	0.12121212121212122	90099	98	87	718	1820	2019	1915	1522	2219022
14556	6	0.35714285714285715	90099	910	1011	1114	1423	2319023
18859	6	0.42857142857142855	90099	910	1015	1522	2223	2319023
21926	9	0.07142857142857142	90099	98	87	718	1820	2021	2122	2223	2319023
23793	10	0.14285714285714285	90099	98	87	718	1820	2019	1915	1522	2223	2319023
15464	7	0.06666666666666667	90099	910	1015	1522	2221	2124	2419024
17497	7	0.13333333333333333	90099	910	1015	1514	1423	2324	2419024
19532	7	0.4666666666666667	90099	910	1015	1522	2223	2324	2419024
25626	7	0.13333333333333333	90099	910	1011	1114	1423	2324	2419024
20024	8	0.2	90099	95	54	43	312	1213	1324	2419024
23677	6	0.175	901010	1011	114	43	31	119001
15040	7	0.825	901010	109	95	54	43	31	119001
14828	6	0.5714285714285714	901010	1016	168	86	62	219002
19853	6	0.047619047619047616	901010	109	95	56	62	219002
23633	7	0.14285714285714285	901010	1011	114	43	31	12	219002
17833	8	0.23809523809523808	901010	109	95	54	43	31	12	219002
23833	5	0.13333333333333333	901010	1011	114	43	319003
15136	6	0.8666666666666667	901010	109	95	54	43	319003
23717	4	0.26582278481012656	901010	1011	114	419004
14485	5	0.7341772151898734	901010	109	95	54	419004
14664	4	1.0	901010	109	95	519005
14883	5	0.7037037037037037	901010	1016	168	86	619006
18268	5	0.1111111111111111	901010	109	98	86	619006
20283	5	0.18518518518518517	901010	109	95	56	619006
14963	5	1.0	901010	1016	1618	187	719007
15249	4	0.5526315789473685	901010	1016	168	819008
18064	4	0.4473684210526316	901010	109	98	819008
14487	3	1.0	901010	109	919009
14583	3	1.0	901010	1011	1119011
15076	4	1.0	901010	1011	1112	1219012
14682	5	1.0	901010	1011	1112	1213	1319013
15208	4	0.9027777777777778	901010	1011	1114	1419014
17947	4	0.09722222222222222	901010	1015	1514	1419014
14413	3	1.0	901010	1015	1519015
14684	3	1.0	901010	1016	1619016
16811	3	0.3706896551724138	901010	1017	1719017
14633	4	0.6293103448275862	901010	1016	1617	1719017
17076	4	0.39344262295081966	901010	1017	1719	1919019
19145	4	0.45901639344262296	901010	1015	1519	1919019
14965	5	0.14754098360655737	901010	1016	1617	1719	1919019
14468	5	0.8297872340425532	901010	1016	1618	1820	2019020
18796	5	0.02127659574468085	901010	1015	1522	2220	2019020
19821	5	0.10638297872340426	901010	1015	1519	1920	2019020
29082	5	0.0425531914893617	901010	1017	1719	1920	2019020
14590	5	0.7441860465116279	901010	1015	1522	2221	2119021
16780	6	0.16279069767441862	901010	1016	1618	1820	2021	2119021
29119	6	0.09302325581395349	901010	1017	1719	1920	2021	2119021
14505	4	1.0	901010	1015	1522	2219022
14860	5	0.7368421052631579	901010	1015	1522	2223	2319023
16990	5	0.22807017543859648	901010	1011	1114	1423	2319023
18110	5	0.03508771929824561	901010	1015	1514	1423	2319023
14470	6	0.2	901010	1015	1522	2221	2124	2419024
16690	6	0.08888888888888889	901010	1011	1114	1423	2324	2419024
18798	6	0.6222222222222222	901010	1015	1522	2223	2324	2419024
25773	7	0.08888888888888889	901010	1016	1618	1820	2021	2124	2419024
14723	5	1.0	901111	114	43	31	119001
14810	6	0.21428571428571427	901111	114	45	56	62	219002
16948	6	0.7857142857142857	901111	114	43	31	12	219002
14812	4	1.0	901111	114	43	319003
14976	3	1.0	901111	114	419004
15371	5	0.7333333333333333	901111	114	45	56	619006
17414	6	0.2	901111	1110	1016	168	86	619006
28743	6	0.06666666666666667	901111	1110	109	98	86	619006
14770	6	0.9375	901111	1110	1016	1618	187	719007
20209	6	0.0625	901111	1110	109	98	87	719007
14796	5	0.20833333333333334	901111	1110	1016	168	819008
18006	5	0.7916666666666666	901111	1110	109	98	819008
15155	4	0.975	901111	1110	109	919009
25628	5	0.025	901111	114	45	59	919009
14578	3	1.0	901111	1110	1019010
14949	3	1.0	901111	1112	1219012
15280	4	1.0	901111	1112	1213	1319013
14702	3	1.0	901111	1114	1419014
14415	4	0.09090909090909091	901111	1114	1415	1519015
16648	4	0.9090909090909091	901111	1110	1015	1519015
14747	4	1.0	901111	1110	1016	1619016
17120	4	0.56	901111	1110	1017	1719017
15025	5	0.44	901111	1110	1016	1617	1719017
15239	5	0.125	901111	1114	1415	1519	1919019
17297	5	0.16666666666666666	901111	1110	1017	1719	1919019
21285	5	0.7083333333333334	901111	1110	1015	1519	1919019
15386	6	0.23333333333333334	901111	1114	1415	1519	1920	2019020
17427	6	0.5666666666666667	901111	1110	1016	1618	1820	2019020
19465	6	0.03333333333333333	901111	1114	1415	1522	2220	2019020
23964	6	0.13333333333333333	901111	1110	1015	1519	1920	2019020
29428	6	0.03333333333333333	901111	1110	1017	1719	1920	2019020
15274	6	0.125	901111	1114	1423	2324	2421	2119021
23185	6	0.75	901111	1110	1015	1522	2221	2119021
17330	7	0.0625	901111	1110	1016	1618	1820	2021	2119021
19373	8	0.0625	901111	1114	1415	1522	2223	2324	2421	2119021
14996	5	0.18604651162790697	901111	1114	1415	1522	2219022
17098	5	0.09302325581395349	901111	1114	1423	2322	2219022
17798	5	0.7209302325581395	901111	1110	1015	1522	2219022
14798	4	0.2926829268292683	901111	1114	1423	2319023
19027	6	0.04878048780487805	901111	1114	1415	1522	2223	2319023
20058	6	0.17073170731707318	901111	1112	1213	1324	2423	2319023
22874	6	0.34146341463414637	901111	1110	1015	1522	2223	2319023
25661	6	0.14634146341463414	901111	1110	1015	1514	1423	2319023
14710	5	0.23076923076923078	901111	1114	1423	2324	2419024
18967	5	0.23076923076923078	901111	1112	1213	1324	2419024
22818	7	0.2692307692307692	901111	1110	1015	1522	2223	2324	2419024
25711	7	0.2692307692307692	901111	1110	1015	1514	1423	2324	2419024
14678	4	1.0	901212	123	31	119001
15390	5	1.0	901212	123	31	12	219002
15685	3	1.0	901212	123	319003
15035	4	1.0	901212	123	34	419004
14869	5	1.0	901212	123	34	45	519005
15566	6	0.9	901212	123	34	45	56	619006
29821	6	0.1	901212	123	31	12	26	619006
14558	8	0.25	901212	123	34	45	56	68	87	719007
16755	8	0.5	901212	123	34	45	59	98	87	719007
31434	8	0.25	901212	123	31	12	26	68	87	719007
14423	7	0.3333333333333333	901212	123	34	45	56	68	819008
16655	7	0.6	901212	123	34	45	59	98	819008
31549	7	0.06666666666666667	901212	123	31	12	26	68	819008
15056	5	0.17647058823529413	901212	1211	1110	109	919009
17145	6	0.8235294117647058	901212	123	34	45	59	919009
14417	4	0.5227272727272727	901212	1211	1110	1019010
19894	6	0.06818181818181818	901212	123	34	411	1110	1019010
16650	7	0.36363636363636365	901212	123	34	45	59	910	1019010
18763	8	0.045454545454545456	901212	1213	1324	2423	2314	1415	1510	1019010
14528	3	0.8571428571428571	901212	1211	1119011
20199	5	0.07142857142857142	901212	123	34	411	1119011
18836	7	0.023809523809523808	901212	1213	1324	2423	2314	1411	1119011
16729	8	0.047619047619047616	901212	123	34	45	59	910	1011	1119011
14620	3	1.0	901212	1213	1319013
14834	4	0.9411764705882353	901212	1211	1114	1419014
18059	9	0.058823529411764705	901212	123	34	45	59	910	1015	1514	1419014
14607	5	0.21428571428571427	901212	1211	1114	1415	1519015
20865	5	0.42857142857142855	901212	1211	1110	1015	1519015
16793	8	0.35714285714285715	901212	123	34	45	59	910	1015	1519015
14928	5	0.3	901212	1211	1110	1016	1619016
17044	8	0.3	901212	123	34	45	59	98	816	1619016
19116	8	0.05	901212	1213	1324	2421	2120	2018	1816	1619016
21072	8	0.2	901212	123	34	45	56	68	816	1619016
28446	8	0.05	901212	123	34	45	59	910	1016	1619016
32066	10	0.1	901212	123	34	45	59	98	87	718	1816	1619016
22019	5	0.3888888888888889	901212	1211	1110	1017	1719017
14425	6	0.05555555555555555	901212	1211	1110	1016	1617	1719017
16657	8	0.4444444444444444	901212	123	34	45	59	910	1017	1719017
18768	9	0.1111111111111111	901212	1213	1324	2421	2120	2018	1816	1617	1719017
14540	6	0.12903225806451613	901212	1211	1110	1016	1618	1819018
18845	7	0.22580645161290322	901212	1213	1324	2421	2120	2018	1819018
16739	9	0.45161290322580644	901212	123	34	45	59	98	87	718	1819018
20823	9	0.16129032258064516	901212	123	34	45	56	68	87	718	1819018
31301	9	0.03225806451612903	901212	123	31	12	26	68	87	718	1819018
14472	6	0.16666666666666666	901212	1211	1114	1415	1519	1919019
20784	6	0.16666666666666666	901212	1211	1110	1015	1519	1919019
24534	6	0.16666666666666666	901212	1211	1110	1017	1719	1919019
16692	9	0.16666666666666666	901212	123	34	45	59	910	1017	1719	1919019
31570	9	0.16666666666666666	901212	123	34	45	59	910	1015	1519	1919019
18548	11	0.16666666666666666	901212	123	34	45	59	98	87	718	1820	2019	1919019
15393	6	0.15384615384615385	901212	1213	1324	2421	2120	2019020
23919	7	0.07692307692307693	901212	1211	1110	1015	1519	1920	2019020
17433	10	0.38461538461538464	901212	123	34	45	59	98	87	718	1820	2019020
22054	10	0.23076923076923078	901212	123	34	45	56	68	87	718	1820	2019020
32998	10	0.15384615384615385	901212	123	34	45	59	910	1015	1519	1920	2019020
15580	5	1.0	901212	1213	1324	2421	2119021
14885	6	0.3333333333333333	901212	1213	1324	2421	2122	2219022
17008	6	0.3333333333333333	901212	1213	1324	2423	2322	2219022
22374	6	0.16666666666666666	901212	1211	1110	1015	1522	2219022
26058	6	0.1111111111111111	901212	1211	1114	1423	2322	2219022
18469	9	0.05555555555555555	901212	123	34	45	59	910	1015	1522	2219022
14891	5	1.0	901212	1213	1324	2423	2319023
15216	4	1.0	901212	1213	1324	2419024
14755	5	1.0	901313	1312	123	31	119001
15027	6	1.0	901313	1312	123	31	12	219002
15544	4	1.0	901313	1312	123	319003
14800	5	1.0	901313	1312	123	34	419004
15441	7	0.8181818181818182	901313	1312	123	34	45	56	619006
29527	7	0.18181818181818182	901313	1312	123	31	12	26	619006
15649	7	0.7	901313	1324	2421	2120	2018	187	719007
17665	9	0.3	901313	1312	123	34	45	59	98	87	719007
14909	8	0.3684210526315789	901313	1312	123	34	45	56	68	819008
17027	8	0.3684210526315789	901313	1312	123	34	45	59	98	819008
19103	8	0.21052631578947367	901313	1324	2421	2120	2018	187	78	819008
31703	8	0.05263157894736842	901313	1312	123	31	12	26	68	819008
17258	7	0.8823529411764706	901313	1312	123	34	45	59	919009
19312	8	0.11764705882352941	901313	1324	2423	2314	1415	1510	109	919009
14560	5	0.44	901313	1312	1211	1110	1019010
18863	7	0.14	901313	1324	2423	2314	1415	1510	1019010
20835	7	0.02	901313	1324	2423	2314	1411	1110	1019010
16757	8	0.4	901313	1312	123	34	45	59	910	1019010
14680	4	0.7954545454545454	901313	1312	1211	1119011
18945	6	0.09090909090909091	901313	1324	2423	2314	1411	1119011
19877	6	0.022727272727272728	901313	1312	123	34	411	1119011
16851	9	0.09090909090909091	901313	1312	123	34	45	59	910	1011	1119011
14735	3	1.0	901313	1312	1219012
14862	5	1.0	901313	1324	2423	2314	1419014
15443	6	0.2	901313	1324	2421	2122	2215	1519015
17477	6	0.4	901313	1324	2423	2322	2215	1519015
19514	6	0.4	901313	1324	2423	2314	1415	1519015
15121	6	0.037037037037037035	901313	1312	1211	1110	1016	1619016
19259	7	0.4074074074074074	901313	1324	2421	2120	2018	1816	1619016
17199	8	0.07407407407407407	901313	1324	2423	2322	2220	2018	1816	1619016
17866	9	0.1111111111111111	901313	1312	123	34	45	59	98	816	1619016
23078	9	0.2222222222222222	901313	1312	123	34	45	56	68	816	1619016
24925	9	0.037037037037037035	901313	1324	2421	2120	2018	187	718	1816	1619016
28569	9	0.07407407407407407	901313	1312	123	34	45	59	910	1016	1619016
27323	10	0.037037037037037035	901313	1312	123	34	45	59	910	1017	1716	1619016
22820	6	0.19230769230769232	901313	1312	1211	1110	1017	1719017
20931	7	0.23076923076923078	901313	1324	2421	2120	2019	1917	1719017
14712	8	0.07692307692307693	901313	1324	2421	2122	2215	1519	1917	1719017
18969	8	0.038461538461538464	901313	1324	2421	2120	2018	1816	1617	1719017
16873	9	0.46153846153846156	901313	1312	123	34	45	59	910	1017	1719017
19337	6	0.6666666666666666	901313	1324	2421	2120	2019	1919019
32766	7	0.25	901313	1324	2423	2314	1415	1519	1919019
17287	12	0.08333333333333333	901313	1312	123	34	45	59	98	87	718	1820	2019	1919019
14838	5	0.9047619047619048	901313	1324	2421	2120	2019020
16971	6	0.09523809523809523	901313	1324	2423	2322	2220	2019020
15063	4	0.8823529411764706	901313	1324	2421	2119021
17151	7	0.058823529411764705	901313	1324	2423	2322	2220	2021	2119021
18466	12	0.058823529411764705	901313	1312	123	34	45	59	98	87	718	1820	2021	2119021
15507	5	0.3	901313	1324	2421	2122	2219022
17537	5	0.7	901313	1324	2423	2322	2219022
15150	4	1.0	901313	1324	2423	2319023
15259	3	1.0	901313	1324	2419024
16892	6	0.9090909090909091	901414	1411	114	43	31	119001
17807	8	0.09090909090909091	901414	1423	2324	2413	1312	123	31	119001
15614	7	0.125	901414	1411	114	45	56	62	219002
17635	7	0.75	901414	1411	114	43	31	12	219002
18405	9	0.125	901414	1423	2324	2413	1312	123	31	12	219002
15652	5	0.3333333333333333	901414	1411	1112	123	319003
17668	5	0.6666666666666666	901414	1411	114	43	319003
15065	4	1.0	901414	1411	114	419004
15395	6	0.75	901414	1411	114	45	56	619006
22309	7	0.125	901414	1411	1110	109	95	56	619006
29629	8	0.125	901414	1411	114	43	31	12	26	619006
18865	7	0.2	901414	1415	1522	2220	2018	187	719007
20837	7	0.5	901414	1411	1110	1016	1618	187	719007
24005	7	0.2	901414	1415	1519	1920	2018	187	719007
14562	8	0.1	901414	1415	1519	1917	1716	1618	187	719007
16741	6	0.25	901414	1411	1110	109	98	819008
18847	6	0.0625	901414	1415	1510	109	98	819008
24573	6	0.3125	901414	1411	1110	1016	168	819008
14542	7	0.25	901414	1415	1519	1917	1716	168	819008
25638	7	0.125	901414	1411	1110	1017	1716	168	819008
14459	5	0.9375	901414	1411	1110	109	919009
18788	5	0.0625	901414	1415	1510	109	919009
14592	4	0.9393939393939394	901414	1411	1110	1019010
18885	4	0.06060606060606061	901414	1415	1510	1019010
14786	3	1.0	901414	1411	1119011
14564	4	1.0	901414	1411	1112	1219012
15334	5	0.22727272727272727	901414	1423	2324	2413	1319013
19422	5	0.6818181818181818	901414	1411	1112	1213	1319013
22078	7	0.09090909090909091	901414	1411	114	43	312	1213	1319013
14930	3	0.9047619047619048	901414	1415	1519015
17046	5	0.09523809523809523	901414	1423	2322	2215	1519015
17050	5	0.7878787878787878	901414	1411	1110	1016	1619016
19121	5	0.030303030303030304	901414	1415	1510	1016	1619016
14935	6	0.15151515151515152	901414	1415	1519	1917	1716	1619016
24100	6	0.030303030303030304	901414	1411	1110	1017	1716	1619016
14937	5	0.1282051282051282	901414	1415	1519	1917	1719017
17052	5	0.5384615384615384	901414	1411	1110	1017	1719017
19123	6	0.1282051282051282	901414	1415	1510	1016	1617	1719017
21078	6	0.20512820512820512	901414	1411	1110	1016	1617	1719017
14911	4	0.9	901414	1415	1519	1919019
17029	6	0.1	901414	1411	1110	1017	1719	1919019
14695	5	0.84	901414	1415	1519	1920	2019020
16861	5	0.04	901414	1423	2322	2220	2019020
18955	5	0.12	901414	1415	1522	2220	2019020
15418	5	0.13333333333333333	901414	1423	2324	2421	2119021
19494	5	0.8	901414	1415	1522	2221	2119021
17455	6	0.06666666666666667	901414	1423	2322	2220	2021	2119021
14507	4	0.95	901414	1415	1522	2219022
16714	4	0.05	901414	1423	2322	2219022
14461	3	0.8070175438596491	901414	1423	2319023
18790	5	0.19298245614035087	901414	1415	1522	2223	2319023
14841	4	0.9411764705882353	901414	1423	2324	2419024
19055	6	0.058823529411764705	901414	1415	1522	2223	2324	2419024
17539	7	0.8	901515	1514	1411	114	43	31	119001
18721	8	0.2	901515	1510	109	95	54	43	31	119001
19163	7	0.125	901515	1510	109	95	56	62	219002
14988	8	0.125	901515	1519	1917	1716	168	86	62	219002
17093	8	0.625	901515	1514	1411	114	43	31	12	219002
18528	9	0.125	901515	1510	109	95	54	43	31	12	219002
16813	6	0.8	901515	1514	1411	114	43	319003
18488	7	0.2	901515	1510	109	95	54	43	319003
15365	5	0.5294117647058824	901515	1514	1411	114	419004
18377	6	0.47058823529411764	901515	1510	109	95	54	419004
16855	6	0.125	901515	1510	1016	168	86	619006
18350	6	0.25	901515	1510	109	98	86	619006
18949	6	0.5	901515	1510	109	95	56	619006
14686	7	0.125	901515	1519	1917	1716	168	86	619006
17184	6	0.5	901515	1522	2220	2018	187	719007
21191	6	0.4375	901515	1519	1920	2018	187	719007
15103	7	0.0625	901515	1519	1917	1716	1618	187	719007
18198	5	0.9	901515	1510	109	98	819008
14788	6	0.1	901515	1519	1917	1716	168	819008
15018	4	1.0	901515	1510	109	919009
14594	3	1.0	901515	1510	1019010
14836	4	0.9318181818181818	901515	1514	1411	1119011
19838	4	0.06818181818181818	901515	1510	1011	1119011
15058	5	0.8461538461538461	901515	1514	1411	1112	1219012
19213	7	0.15384615384615385	901515	1522	2223	2324	2413	1312	1219012
14772	6	0.0625	901515	1522	2221	2124	2413	1319013
16918	6	0.125	901515	1514	1423	2324	2413	1319013
19009	6	0.75	901515	1522	2223	2324	2413	1319013
25520	6	0.0625	901515	1514	1411	1112	1213	1319013
14749	3	1.0	901515	1514	1419014
17203	4	0.9272727272727272	901515	1510	1016	1619016
15126	5	0.07272727272727272	901515	1519	1917	1716	1619016
14637	4	0.12857142857142856	901515	1519	1917	1719017
16815	4	0.6285714285714286	901515	1510	1017	1719017
18916	5	0.24285714285714285	901515	1510	1016	1617	1719017
16839	5	0.4411764705882353	901515	1522	2220	2018	1819018
20903	5	0.4411764705882353	901515	1519	1920	2018	1819018
14666	6	0.11764705882352941	901515	1519	1917	1716	1618	1819018
15199	3	0.8875	901515	1519	1919019
17260	5	0.1125	901515	1510	1017	1719	1919019
14802	4	0.627906976744186	901515	1519	1920	2019020
16941	4	0.37209302325581395	901515	1522	2220	2019020
14697	4	0.9310344827586207	901515	1522	2221	2119021
17844	5	0.034482758620689655	901515	1522	2220	2021	2119021
19863	6	0.034482758620689655	901515	1522	2223	2324	2421	2119021
14596	3	1.0	901515	1522	2219022
14739	4	0.8484848484848485	901515	1522	2223	2319023
16894	4	0.15151515151515152	901515	1514	1423	2319023
15266	5	0.125	901515	1522	2221	2124	2419024
17322	5	0.125	901515	1514	1423	2324	2419024
19367	5	0.75	901515	1522	2223	2324	2419024
14864	6	0.8125	901616	168	86	62	21	119001
20038	8	0.1875	901616	1610	109	95	54	43	31	119001
14893	5	1.0	901616	168	86	62	219002
24039	6	0.1	901616	1610	1011	114	43	319003
15430	7	0.6	901616	168	86	65	54	43	319003
18259	7	0.3	901616	1610	109	95	54	43	319003
24177	5	0.12	901616	1610	1011	114	419004
15128	6	0.56	901616	168	86	65	54	419004
18415	6	0.32	901616	1610	109	95	54	419004
14901	4	1.0	901616	168	86	619006
14609	4	1.0	901616	1618	187	719007
14639	3	1.0	901616	168	819008
14790	4	1.0	901616	1610	109	919009
14641	3	1.0	901616	1610	1019010
14757	4	1.0	901616	1610	1011	1119011
14726	5	1.0	901616	1610	1011	1112	1219012
14804	6	0.68	901616	1610	1011	1112	1213	1319013
23728	8	0.08	901616	1610	1011	114	43	312	1213	1319013
26550	9	0.24	901616	168	86	65	54	43	312	1213	1319013
17032	5	0.38095238095238093	901616	1610	1015	1514	1419014
19955	5	0.5714285714285714	901616	1610	1011	1114	1419014
14914	6	0.047619047619047616	901616	1617	1719	1915	1514	1419014
16975	4	0.8918918918918919	901616	1610	1015	1519015
14843	5	0.10810810810810811	901616	1617	1719	1915	1519015
14427	3	1.0	901616	1617	1719017
14585	3	1.0	901616	1618	1819018
14920	4	0.6923076923076923	901616	1617	1719	1919019
21066	5	0.3076923076923077	901616	1618	1820	2019	1919019
14429	4	0.9153846153846154	901616	1618	1820	2019020
18771	5	0.08461538461538462	901616	1617	1719	1920	2019020
17294	5	0.8	901616	1618	1820	2021	2119021
20294	6	0.05	901616	1610	1015	1522	2221	2119021
15236	7	0.15	901616	1617	1719	1915	1522	2221	2119021
16785	5	0.06521739130434782	901616	1618	1820	2022	2219022
18889	5	0.782608695652174	901616	1610	1015	1522	2219022
14598	6	0.06521739130434782	901616	1617	1719	1915	1522	2219022
21741	6	0.08695652173913043	901616	1618	1820	2021	2122	2219022
16743	6	0.24	901616	1610	1015	1514	1423	2319023
18849	6	0.48	901616	1610	1015	1522	2223	2319023
14544	7	0.08	901616	1617	1719	1915	1522	2223	2319023
20826	7	0.12	901616	1618	1820	2021	2124	2423	2319023
22048	7	0.08	901616	1618	1820	2021	2122	2223	2319023
14922	7	0.5	901717	1716	168	86	62	21	119001
23877	7	0.0625	901717	1710	1011	114	43	31	119001
17038	8	0.4375	901717	1710	109	95	54	43	31	119001
14979	6	0.9473684210526315	901717	1716	168	86	62	219002
20428	7	0.05263157894736842	901717	1710	109	95	56	62	219002
23155	6	0.07692307692307693	901717	1710	1011	114	43	319003
17290	7	0.7692307692307693	901717	1710	109	95	54	43	319003
15232	8	0.15384615384615385	901717	1716	168	86	65	54	43	319003
22897	5	0.20833333333333334	901717	1710	1011	114	419004
16966	6	0.5416666666666666	901717	1710	109	95	54	419004
14832	7	0.20833333333333334	901717	1716	168	86	65	54	419004
21009	7	0.041666666666666664	901717	1716	1610	109	95	54	419004
14998	5	1.0	901717	1716	168	86	619006
14728	5	1.0	901717	1716	1618	187	719007
14431	4	1.0	901717	1716	168	819008
16920	4	0.7142857142857143	901717	1710	109	919009
14774	5	0.2857142857142857	901717	1716	1610	109	919009
16762	3	0.7570093457943925	901717	1710	1019010
14566	4	0.24299065420560748	901717	1716	1610	1019010
17220	4	0.723404255319149	901717	1710	1011	1119011
15148	5	0.2765957446808511	901717	1716	1610	1011	1119011
16662	5	0.6	901717	1710	1011	1112	1219012
14433	6	0.4	901717	1716	1610	1011	1112	1219012
17010	6	0.5925925925925926	901717	1710	1011	1112	1213	1319013
21044	7	0.14814814814814814	901717	1716	1610	1011	1112	1213	1319013
14887	8	0.14814814814814814	901717	1719	1915	1522	2221	2124	2413	1319013
23986	8	0.1111111111111111	901717	1710	1011	114	43	312	1213	1319013
14714	5	0.075	901717	1719	1915	1514	1419014
16875	5	0.125	901717	1710	1015	1514	1419014
19939	5	0.725	901717	1710	1011	1114	1419014
20933	6	0.075	901717	1716	1610	1011	1114	1419014
14646	4	0.25	901717	1719	1915	1519015
16821	4	0.6666666666666666	901717	1710	1015	1519015
20889	5	0.08333333333333333	901717	1716	1610	1015	1519015
14435	3	1.0	901717	1716	1619016
14474	3	0.9464285714285714	901717	1719	1919019
21743	6	0.05357142857142857	901717	1716	1618	1820	2019	1919019
14568	4	0.6363636363636364	901717	1719	1920	2019020
20841	5	0.36363636363636365	901717	1716	1618	1820	2019020
17515	5	0.4	901717	1719	1920	2021	2119021
15484	6	0.08	901717	1719	1915	1522	2221	2119021
19801	6	0.04	901717	1710	1015	1522	2221	2119021
21468	6	0.48	901717	1716	1618	1820	2021	2119021
14730	5	0.25675675675675674	901717	1719	1915	1522	2219022
16887	5	0.08108108108108109	901717	1719	1920	2022	2219022
18981	5	0.3918918918918919	901717	1710	1015	1522	2219022
20945	6	0.0945945945945946	901717	1716	1610	1015	1522	2219022
29113	6	0.05405405405405406	901717	1719	1920	2021	2122	2219022
21767	7	0.12162162162162163	901717	1716	1618	1820	2021	2122	2219022
14903	6	0.275	901717	1719	1915	1522	2223	2319023
17021	6	0.05	901717	1710	1015	1514	1423	2319023
19098	6	0.25	901717	1710	1015	1522	2223	2319023
25443	6	0.3	901717	1710	1011	1114	1423	2319023
21055	8	0.025	901717	1716	1618	1820	2021	2124	2423	2319023
21735	8	0.1	901717	1716	1618	1820	2021	2122	2223	2319023
16787	6	0.075	901717	1719	1920	2021	2124	2419024
14600	7	0.05	901717	1719	1915	1522	2221	2124	2419024
18048	7	0.075	901717	1710	1015	1514	1423	2324	2419024
18891	7	0.425	901717	1710	1015	1522	2223	2324	2419024
20860	7	0.175	901717	1716	1618	1820	2021	2124	2419024
27499	7	0.15	901717	1710	1011	1114	1423	2324	2419024
28250	7	0.05	901717	1719	1915	1522	2223	2324	2419024
14717	5	0.7755102040816326	901818	1816	1610	109	919009
27290	5	0.12244897959183673	901818	187	78	89	919009
17827	7	0.061224489795918366	901818	1820	2022	2215	1510	109	919009
23628	7	0.04081632653061224	901818	1820	2019	1915	1510	109	919009
14818	6	0.8269230769230769	901818	1816	1610	1011	1112	1219012
16955	7	0.1346153846153846	901818	1820	2021	2124	2413	1312	1219012
23826	8	0.038461538461538464	901818	1820	2019	1915	1510	1011	1112	1219012
14463	7	0.5111111111111111	901818	187	78	86	62	21	119001
16684	7	0.4222222222222222	901818	1816	168	86	62	21	119001
20152	9	0.06666666666666667	901818	1816	1610	109	95	54	43	31	119001
17802	4	0.6888888888888889	901818	1820	2019	1919019
15030	5	0.26666666666666666	901818	1816	1617	1719	1919019
19826	6	0.044444444444444446	901818	1816	1610	1015	1519	1919019
15044	8	0.25	901919	1917	1716	168	86	62	21	119001
20507	9	0.75	901919	1915	1510	109	95	54	43	31	119001
15707	7	0.25	901919	1917	1716	168	86	62	219002
19743	8	0.25	901919	1915	1510	109	95	56	62	219002
21656	8	0.5	901919	1920	2018	187	78	86	62	219002
23295	6	0.1111111111111111	901919	1915	1514	1411	114	419004
19502	7	0.4444444444444444	901919	1915	1510	109	95	54	419004
15427	8	0.3333333333333333	901919	1917	1716	168	86	65	54	419004
17464	9	0.1111111111111111	901919	1920	2022	2215	1510	109	95	54	419004
18714	7	0.16666666666666666	901919	1915	1510	109	95	56	619006
21164	7	0.8333333333333334	901919	1920	2018	187	78	86	619006
17551	5	0.8333333333333334	901919	1920	2018	187	719007
15522	6	0.16666666666666666	901919	1917	1716	1618	187	719007
14719	5	0.125	901919	1917	1716	168	819008
16879	6	0.1875	901919	1920	2018	1816	168	819008
20937	6	0.6875	901919	1920	2018	187	78	819008
18540	5	0.5833333333333334	901919	1915	1510	109	919009
15472	6	0.3333333333333333	901919	1917	1716	1610	109	919009
17503	7	0.08333333333333333	901919	1920	2022	2215	1510	109	919009
17957	4	0.8909090909090909	901919	1915	1510	1019010
14530	5	0.05454545454545454	901919	1917	1716	1610	1019010
16731	6	0.05454545454545454	901919	1920	2022	2215	1510	1019010
14437	5	0.47619047619047616	901919	1915	1514	1411	1119011
20157	5	0.5238095238095238	901919	1915	1510	1011	1119011
21167	6	0.5	901919	1915	1514	1411	1112	1219012
22589	6	0.5	901919	1915	1510	1011	1112	1219012
17621	6	0.25	901919	1920	2021	2124	2413	1319013
15600	7	0.125	901919	1915	1522	2221	2124	2413	1319013
19649	7	0.25	901919	1915	1522	2223	2324	2413	1319013
22068	7	0.25	901919	1915	1510	1011	1112	1213	1319013
29395	8	0.125	901919	1920	2021	2122	2223	2324	2413	1319013
15013	4	1.0	901919	1915	1514	1419014
14623	3	0.9210526315789473	901919	1915	1519015
16805	5	0.07894736842105263	901919	1920	2022	2215	1519015
14476	4	0.21568627450980393	901919	1917	1716	1619016
16695	5	0.7843137254901961	901919	1920	2018	1816	1619016
14580	3	0.6	901919	1917	1719017
17818	5	0.2	901919	1915	1510	1017	1719017
18877	6	0.09	901919	1920	2018	1816	1617	1719017
16773	7	0.11	901919	1920	2022	2215	1510	1017	1719017
14625	3	1.0	901919	1920	2019020
17040	4	1.0	901919	1920	2021	2119021
14648	4	0.6511627906976745	901919	1915	1522	2219022
16823	4	0.18604651162790697	901919	1920	2022	2219022
22331	5	0.16279069767441862	901919	1920	2021	2122	2219022
15300	5	0.5	901919	1915	1522	2223	2319023
25610	5	0.3125	901919	1915	1514	1423	2319023
17351	6	0.0625	901919	1920	2021	2124	2423	2319023
21911	6	0.125	901919	1920	2021	2122	2223	2319023
17361	5	0.7777777777777778	901919	1920	2021	2124	2419024
27829	6	0.1111111111111111	901919	1915	1514	1423	2324	2419024
29639	7	0.1111111111111111	901919	1920	2021	2122	2223	2324	2419024
15457	8	0.3	902020	2018	187	78	86	62	21	119001
17490	8	0.5	902020	2021	2124	2413	1312	123	31	119001
27953	9	0.1	902020	2022	2223	2324	2413	1312	123	31	119001
20550	10	0.1	902020	2018	1816	1610	109	95	54	43	31	119001
15303	7	0.5	902020	2018	187	78	86	62	219002
17354	7	0.5	902020	2018	1816	168	86	62	219002
15187	8	0.3333333333333333	902020	2018	187	78	86	65	54	419004
17250	8	0.3333333333333333	902020	2021	2124	2413	1312	123	34	419004
19305	8	0.13333333333333333	902020	2019	1915	1510	109	95	54	419004
20159	8	0.2	902020	2018	1816	1610	109	95	54	419004
15234	6	0.5	902020	2018	187	78	86	619006
17292	6	0.5	902020	2018	1816	168	86	619006
14546	4	1.0	902020	2018	187	719007
14447	5	0.4406779661016949	902020	2018	187	78	819008
16674	5	0.559322033898305	902020	2018	1816	168	819008
15401	6	0.7333333333333333	902020	2018	1816	1610	109	919009
17440	6	0.06666666666666667	902020	2022	2215	1510	109	919009
19478	6	0.13333333333333333	902020	2019	1915	1510	109	919009
29559	6	0.06666666666666667	902020	2018	187	78	89	919009
14879	5	0.59375	902020	2018	1816	1610	1019010
17004	5	0.078125	902020	2022	2215	1510	1019010
19083	5	0.328125	902020	2019	1915	1510	1019010
14612	6	0.07407407407407407	902020	2019	1915	1514	1411	1119011
16797	6	0.037037037037037035	902020	2022	2215	1514	1411	1119011
18630	6	0.037037037037037035	902020	2022	2215	1510	1011	1119011
18901	6	0.48148148148148145	902020	2019	1915	1510	1011	1119011
20628	6	0.37037037037037035	902020	2018	1816	1610	1011	1119011
15204	6	0.75	902020	2021	2124	2413	1312	1219012
26803	7	0.16666666666666666	902020	2018	1816	1610	1011	1112	1219012
27582	7	0.08333333333333333	902020	2022	2223	2324	2413	1312	1219012
15047	5	1.0	902020	2021	2124	2413	1319013
14439	5	1.0	902020	2019	1915	1514	1419014
14548	4	0.8837209302325582	902020	2019	1915	1519015
16746	4	0.11627906976744186	902020	2022	2215	1519015
14490	4	1.0	902020	2018	1816	1619016
14570	4	0.12162162162162163	902020	2019	1917	1719017
16765	5	0.8783783783783784	902020	2018	1816	1617	1719017
14764	3	1.0	902020	2019	1919019
15158	3	1.0	902020	2021	2119021
14981	3	0.5714285714285714	902020	2022	2219022
21804	4	0.25396825396825395	902020	2021	2122	2219022
19157	5	0.1746031746031746	902020	2019	1915	1522	2219022
14550	4	0.2857142857142857	902020	2022	2223	2319023
16748	5	0.5714285714285714	902020	2021	2124	2423	2319023
24258	5	0.07142857142857142	902020	2021	2122	2223	2319023
18853	6	0.07142857142857142	902020	2019	1915	1522	2223	2319023
14824	4	1.0	902020	2021	2124	2419024
15002	7	1.0	902121	2124	2413	1312	123	31	119001
15082	7	1.0	902121	2124	2413	1312	123	34	419004
15350	7	0.6666666666666666	902121	2120	2018	187	78	86	619006
19437	7	0.3333333333333333	902121	2120	2018	1816	168	86	619006
14983	5	1.0	902121	2120	2018	187	719007
15403	6	0.7333333333333333	902121	2120	2018	187	78	819008
17442	6	0.26666666666666666	902121	2120	2018	1816	168	819008
15380	6	0.18181818181818182	902121	2122	2215	1510	109	919009
17422	7	0.09090909090909091	902121	2120	2022	2215	1510	109	919009
19459	7	0.09090909090909091	902121	2120	2018	1816	1610	109	919009
20042	7	0.45454545454545453	902121	2120	2019	1915	1510	109	919009
18016	9	0.18181818181818182	902121	2124	2413	1312	123	34	45	59	919009
15049	5	0.21739130434782608	902121	2122	2215	1510	1019010
17138	6	0.13043478260869565	902121	2120	2022	2215	1510	1019010
19206	6	0.06521739130434782	902121	2120	2018	1816	1610	1019010
19856	6	0.5652173913043478	902121	2120	2019	1915	1510	1019010
24876	7	0.021739130434782608	902121	2124	2423	2314	1411	1110	1019010
14614	6	0.5263157894736842	902121	2124	2423	2314	1411	1119011
20870	6	0.15789473684210525	902121	2122	2215	1510	1011	1119011
22760	6	0.15789473684210525	902121	2124	2413	1312	1211	1119011
19968	7	0.15789473684210525	902121	2120	2019	1915	1510	1011	1119011
15305	5	1.0	902121	2124	2413	1312	1219012
15288	4	1.0	902121	2124	2413	1319013
15167	5	1.0	902121	2124	2423	2314	1419014
14513	4	0.2903225806451613	902121	2122	2215	1519015
16718	5	0.22580645161290322	902121	2120	2022	2215	1519015
18825	5	0.4838709677419355	902121	2120	2019	1915	1519015
17369	5	0.8928571428571429	902121	2120	2018	1816	1619016
15319	7	0.10714285714285714	902121	2122	2215	1519	1917	1716	1619016
21992	5	0.2857142857142857	902121	2120	2019	1917	1719017
15321	6	0.10714285714285714	902121	2122	2215	1519	1917	1719017
19412	6	0.42857142857142855	902121	2120	2018	1816	1617	1719017
17371	7	0.14285714285714285	902121	2120	2022	2215	1510	1017	1719017
23859	7	0.03571428571428571	902121	2120	2019	1915	1510	1017	1719017
16945	4	0.8125	902121	2120	2019	1919019
14807	5	0.125	902121	2122	2215	1519	1919019
18602	6	0.0625	902121	2120	2022	2220	2019	1919019
15169	3	1.0	902121	2120	2019020
14449	3	0.7157894736842105	902121	2122	2219022
16676	4	0.11578947368421053	902121	2120	2022	2219022
18782	5	0.1368421052631579	902121	2124	2423	2322	2219022
19942	6	0.031578947368421054	902121	2120	2019	1915	1522	2219022
15004	4	1.0	902121	2124	2423	2319023
15591	3	1.0	902121	2124	2419024
15437	8	0.16666666666666666	902222	2221	2124	2413	1312	123	31	119001
17472	8	0.5	902222	2223	2324	2413	1312	123	31	119001
18328	9	0.3333333333333333	902222	2215	1510	109	95	54	43	31	119001
15052	8	0.15384615384615385	902222	2220	2018	187	78	86	62	219002
22220	8	0.23076923076923078	902222	2215	1510	109	95	56	62	219002
17141	9	0.38461538461538464	902222	2223	2324	2413	1312	123	31	12	219002
24879	9	0.23076923076923078	902222	2221	2124	2413	1312	123	31	12	219002
15423	7	0.2	902222	2221	2124	2413	1312	123	319003
17460	7	0.7	902222	2223	2324	2413	1312	123	319003
18334	8	0.1	902222	2215	1510	109	95	54	43	319003
14515	6	0.19047619047619047	902222	2223	2314	1411	114	419004
22706	6	0.14285714285714285	902222	2215	1510	1011	114	419004
24558	6	0.047619047619047616	902222	2215	1514	1411	114	419004
16720	7	0.14285714285714285	902222	2215	1510	109	95	54	419004
18827	8	0.47619047619047616	902222	2223	2324	2413	1312	123	34	419004
14873	7	0.07142857142857142	902222	2220	2018	187	78	86	619006
16999	7	0.21428571428571427	902222	2215	1510	109	98	86	619006
19078	7	0.42857142857142855	902222	2215	1510	109	95	56	619006
24768	7	0.14285714285714285	902222	2215	1510	1016	168	86	619006
18147	9	0.14285714285714285	902222	2215	1510	109	95	54	45	56	619006
14572	5	0.7931034482758621	902222	2220	2018	187	719007
24141	6	0.20689655172413793	902222	2221	2120	2018	187	719007
14792	6	0.1891891891891892	902222	2220	2018	187	78	819008
16934	6	0.4594594594594595	902222	2215	1510	109	98	819008
19022	6	0.10810810810810811	902222	2220	2018	1816	168	819008
24717	6	0.10810810810810811	902222	2215	1510	1016	168	819008
23755	7	0.08108108108108109	902222	2221	2120	2018	187	78	819008
25587	7	0.05405405405405406	902222	2215	1510	1017	1716	168	819008
14451	5	1.0	902222	2215	1510	109	919009
14517	4	1.0	902222	2215	1510	1019010
14751	5	0.17391304347826086	902222	2223	2314	1411	1119011
16903	5	0.391304347826087	902222	2215	1514	1411	1119011
18115	5	0.43478260869565216	902222	2215	1510	1011	1119011
14651	6	0.14285714285714285	902222	2221	2124	2413	1312	1219012
16826	6	0.7142857142857143	902222	2223	2324	2413	1312	1219012
21980	6	0.14285714285714285	902222	2215	1510	1011	1112	1219012
14670	5	0.24242424242424243	902222	2221	2124	2413	1319013
16843	5	0.7575757575757576	902222	2223	2324	2413	1319013
15282	4	0.225	902222	2223	2314	1419014
17336	4	0.775	902222	2215	1514	1419014
14492	3	1.0	902222	2215	1519015
17060	5	0.6857142857142857	902222	2215	1510	1016	1619016
19130	5	0.08571428571428572	902222	2220	2018	1816	1619016
14945	6	0.12857142857142856	902222	2215	1519	1917	1716	1619016
23577	6	0.1	902222	2215	1510	1017	1716	1619016
14895	5	0.2112676056338028	902222	2215	1519	1917	1719017
17015	5	0.6338028169014085	902222	2215	1510	1017	1719017
19092	6	0.11267605633802817	902222	2220	2018	1816	1617	1719017
21049	6	0.04225352112676056	902222	2215	1510	1016	1617	1719017
14441	4	0.7317073170731707	902222	2215	1519	1919019
17859	4	0.2682926829268293	902222	2220	2019	1919019
14688	3	0.9113924050632911	902222	2220	2019020
23796	4	0.08860759493670886	902222	2221	2120	2019020
14617	3	0.967741935483871	902222	2221	2119021
17861	4	0.03225806451612903	902222	2220	2021	2119021
14478	3	1.0	902222	2223	2319023
15376	4	0.24	902222	2221	2124	2419024
17419	4	0.76	902222	2223	2324	2419024
15378	7	1.0	902323	2324	2413	1312	123	31	119001
15340	6	1.0	902323	2324	2413	1312	123	319003
15117	5	0.5	902323	2314	1411	114	419004
18517	7	0.5	902323	2324	2413	1312	123	34	419004
18222	9	0.8571428571428571	902323	2324	2413	1312	123	31	12	26	619006
23238	9	0.14285714285714285	902323	2324	2413	1312	123	34	45	56	619006
15139	6	0.6363636363636364	902323	2322	2220	2018	187	719007
19974	7	0.2727272727272727	902323	2324	2421	2120	2018	187	719007
31027	7	0.09090909090909091	902323	2322	2221	2120	2018	187	719007
14968	7	0.29411764705882354	902323	2322	2220	2018	187	78	819008
17079	7	0.35294117647058826	902323	2322	2215	1510	109	98	819008
19148	7	0.058823529411764705	902323	2322	2220	2018	1816	168	819008
20436	7	0.058823529411764705	902323	2314	1415	1510	109	98	819008
22334	8	0.23529411764705882	902323	2324	2421	2120	2018	187	78	819008
15244	6	0.42857142857142855	902323	2314	1411	1110	109	919009
17302	6	0.5	902323	2322	2215	1510	109	919009
19349	6	0.07142857142857142	902323	2314	1415	1510	109	919009
14706	5	0.42592592592592593	902323	2314	1411	1110	1019010
16869	5	0.5	902323	2322	2215	1510	1019010
18964	5	0.07407407407407407	902323	2314	1415	1510	1019010
14881	4	1.0	902323	2314	1411	1119011
14532	5	1.0	902323	2324	2413	1312	1219012
15466	4	1.0	902323	2324	2413	1319013
14494	3	1.0	902323	2314	1419014
15277	4	0.7837837837837838	902323	2322	2215	1519015
19376	4	0.21621621621621623	902323	2314	1415	1519015
16898	6	0.38235294117647056	902323	2322	2215	1510	1016	1619016
18990	6	0.08823529411764706	902323	2322	2220	2018	1816	1619016
30143	6	0.058823529411764705	902323	2314	1411	1110	1016	1619016
14743	7	0.08823529411764706	902323	2322	2215	1519	1917	1716	1619016
20010	7	0.11764705882352941	902323	2324	2421	2120	2018	1816	1619016
27438	8	0.08823529411764706	902323	2322	2220	2018	187	718	1816	1619016
21915	9	0.14705882352941177	902323	2324	2421	2120	2018	187	718	1816	1619016
31060	9	0.029411764705882353	902323	2322	2221	2120	2018	187	718	1816	1619016
14846	6	0.08333333333333333	902323	2322	2215	1519	1917	1719017
16978	6	0.4722222222222222	902323	2322	2215	1510	1017	1719017
23658	6	0.1388888888888889	902323	2314	1411	1110	1017	1719017
19059	7	0.027777777777777776	902323	2322	2220	2018	1816	1617	1719017
21018	7	0.05555555555555555	902323	2322	2215	1510	1016	1617	1719017
32754	7	0.027777777777777776	902323	2324	2421	2120	2019	1917	1719017
19882	8	0.08333333333333333	902323	2324	2421	2120	2018	1816	1617	1719017
21791	10	0.1111111111111111	902323	2324	2421	2120	2018	187	718	1816	1617	1719017
14453	5	0.6842105263157895	902323	2322	2220	2018	1819018
19870	6	0.2631578947368421	902323	2324	2421	2120	2018	1819018
30931	6	0.05263157894736842	902323	2322	2221	2120	2018	1819018
15336	5	0.7222222222222222	902323	2322	2215	1519	1919019
19424	5	0.05555555555555555	902323	2322	2220	2019	1919019
20291	6	0.16666666666666666	902323	2324	2421	2120	2019	1919019
17384	7	0.05555555555555555	902323	2322	2215	1510	1017	1719	1919019
14496	4	0.7419354838709677	902323	2322	2220	2019020
20242	5	0.22580645161290322	902323	2324	2421	2120	2019020
31276	5	0.03225806451612903	902323	2322	2221	2120	2019020
15073	4	0.84	902323	2324	2421	2119021
17159	4	0.16	902323	2322	2221	2119021
15021	3	1.0	902323	2322	2219022
