2314	0	257.83098591549293	900	285.2	1800	242.16	2700	0.0	3600	0.0	4500	0.0	5400	0.0	6300	0.0	7200	0.0	8100	0.0	9000	0.0	9900	0.0	10800	0.0	11700	0.0	12600	0.0	13500	0.0	14400	0.0	15300	0.0	16200	0.0	17100	0.0	18000	0.0	18900	0.0	19800	0.0	20700	0.0	21600	0.0	22500	0.0	23400	0.0	24300	0.0	25200	0.0	26100	0.0	27000	0.0	27900	0.0	28800	0.0	29700	0.0	30600	0.0	31500	0.0	32400	0.0	33300	0.0	34200	0.0	35100	0.0	36000	0.0
12	0	363.5625	900	366.72727272727275	1800	360.0	2700	0.0	3600	0.0	4500	0.0	5400	0.0	6300	0.0	7200	0.0	8100	0.0	9000	0.0	9900	0.0	10800	0.0	11700	0.0	12600	0.0	13500	0.0	14400	0.0	15300	0.0	16200	0.0	17100	0.0	18000	0.0	18900	0.0	19800	0.0	20700	0.0	21600	0.0	22500	0.0	23400	0.0	24300	0.0	25200	0.0	26100	0.0	27000	0.0	27900	0.0	28800	0.0	29700	0.0	30600	0.0	31500	0.0	32400	0.0	33300	0.0	34200	0.0	35100	0.0	36000	0.0
13	0	240.10344827586206	900	240.0	1800	240.0	2700	0.0	3600	0.0	4500	0.0	5400	0.0	6300	0.0	7200	0.0	8100	0.0	9000	0.0	9900	0.0	10800	0.0	11700	0.0	12600	0.0	13500	0.0	14400	0.0	15300	0.0	16200	0.0	17100	0.0	18000	0.0	18900	0.0	19800	0.0	20700	0.0	21600	0.0	22500	0.0	23400	0.0	24300	0.0	25200	0.0	26100	0.0	27000	0.0	27900	0.0	28800	0.0	29700	0.0	30600	0.0	31500	0.0	32400	0.0	33300	0.0	34200	0.0	35100	0.0	36000	0.0
2322	0	244.64	900	243.84615384615384	1800	243.0	2700	240.0	3600	0.0	4500	0.0	5400	0.0	6300	0.0	7200	0.0	8100	0.0	9000	0.0	9900	0.0	10800	0.0	11700	0.0	12600	0.0	13500	0.0	14400	0.0	15300	0.0	16200	0.0	17100	0.0	18000	0.0	18900	0.0	19800	0.0	20700	0.0	21600	0.0	22500	0.0	23400	0.0	24300	0.0	25200	0.0	26100	0.0	27000	0.0	27900	0.0	28800	0.0	29700	0.0	30600	0.0	31500	0.0	32400	0.0	33300	0.0	34200	0.0	35100	0.0	36000	0.0
901919	0	9.44186046511628	900	9.801526717557252	1800	0.0	2700	0.0	3600	0.0	4500	0.0	5400	0.0	6300	0.0	7200	0.0	8100	0.0	9000	0.0	9900	0.0	10800	0.0	11700	0.0	12600	0.0	13500	0.0	14400	0.0	15300	0.0	16200	0.0	17100	0.0	18000	0.0	18900	0.0	19800	0.0	20700	0.0	21600	0.0	22500	0.0	23400	0.0	24300	0.0	25200	0.0	26100	0.0	27000	0.0	27900	0.0	28800	0.0	29700	0.0	30600	0.0	31500	0.0	32400	0.0	33300	0.0	34200	0.0	35100	0.0	36000	0.0
1419014	0	6.0	900	6.0	1800	6.0	2700	6.0	3600	6.0	4500	0.0	5400	0.0	6300	0.0	7200	0.0	8100	0.0	9000	0.0	9900	0.0	10800	0.0	11700	0.0	12600	0.0	13500	0.0	14400	0.0	15300	0.0	16200	0.0	17100	0.0	18000	0.0	18900	0.0	19800	0.0	20700	0.0	21600	0.0	22500	0.0	23400	0.0	24300	0.0	25200	0.0	26100	0.0	27000	0.0	27900	0.0	28800	0.0	29700	0.0	30600	0.0	31500	0.0	32400	0.0	33300	0.0	34200	0.0	35100	0.0	36000	0.0
2324	0	124.0	900	124.6046511627907	1800	121.63636363636364	2700	0.0	3600	0.0	4500	0.0	5400	0.0	6300	0.0	7200	0.0	8100	0.0	9000	0.0	9900	0.0	10800	0.0	11700	0.0	12600	0.0	13500	0.0	14400	0.0	15300	0.0	16200	0.0	17100	0.0	18000	0.0	18900	0.0	19800	0.0	20700	0.0	21600	0.0	22500	0.0	23400	0.0	24300	0.0	25200	0.0	26100	0.0	27000	0.0	27900	0.0	28800	0.0	29700	0.0	30600	0.0	31500	0.0	32400	0.0	33300	0.0	34200	0.0	35100	0.0	36000	0.0
21	0	360.0	900	360.0	1800	360.0	2700	360.0	3600	360.0	4500	0.0	5400	0.0	6300	0.0	7200	0.0	8100	0.0	9000	0.0	9900	0.0	10800	0.0	11700	0.0	12600	0.0	13500	0.0	14400	0.0	15300	0.0	16200	0.0	17100	0.0	18000	0.0	18900	0.0	19800	0.0	20700	0.0	21600	0.0	22500	0.0	23400	0.0	24300	0.0	25200	0.0	26100	0.0	27000	0.0	27900	0.0	28800	0.0	29700	0.0	30600	0.0	31500	0.0	32400	0.0	33300	0.0	34200	0.0	35100	0.0	36000	0.0
902424	0	11.220779220779221	900	11.68	1800	0.0	2700	0.0	3600	0.0	4500	0.0	5400	0.0	6300	0.0	7200	0.0	8100	0.0	9000	0.0	9900	0.0	10800	0.0	11700	0.0	12600	0.0	13500	0.0	14400	0.0	15300	0.0	16200	0.0	17100	0.0	18000	0.0	18900	0.0	19800	0.0	20700	0.0	21600	0.0	22500	0.0	23400	0.0	24300	0.0	25200	0.0	26100	0.0	27000	0.0	27900	0.0	28800	0.0	29700	0.0	30600	0.0	31500	0.0	32400	0.0	33300	0.0	34200	0.0	35100	0.0	36000	0.0
1816	0	316.89230769230767	900	543.0434782608696	1800	561.1304347826087	2700	0.0	3600	0.0	4500	0.0	5400	0.0	6300	0.0	7200	0.0	8100	0.0	9000	0.0	9900	0.0	10800	0.0	11700	0.0	12600	0.0	13500	0.0	14400	0.0	15300	0.0	16200	0.0	17100	0.0	18000	0.0	18900	0.0	19800	0.0	20700	0.0	21600	0.0	22500	0.0	23400	0.0	24300	0.0	25200	0.0	26100	0.0	27000	0.0	27900	0.0	28800	0.0	29700	0.0	30600	0.0	31500	0.0	32400	0.0	33300	0.0	34200	0.0	35100	0.0	36000	0.0
26	0	504.3529411764706	900	1007.3636363636364	1800	731.3333333333334	2700	0.0	3600	0.0	4500	0.0	5400	0.0	6300	0.0	7200	0.0	8100	0.0	9000	0.0	9900	0.0	10800	0.0	11700	0.0	12600	0.0	13500	0.0	14400	0.0	15300	0.0	16200	0.0	17100	0.0	18000	0.0	18900	0.0	19800	0.0	20700	0.0	21600	0.0	22500	0.0	23400	0.0	24300	0.0	25200	0.0	26100	0.0	27000	0.0	27900	0.0	28800	0.0	29700	0.0	30600	0.0	31500	0.0	32400	0.0	33300	0.0	34200	0.0	35100	0.0	36000	0.0
1820	0	242.02173913043478	900	241.45631067961165	1800	240.35294117647058	2700	240.0	3600	240.0	4500	0.0	5400	0.0	6300	0.0	7200	0.0	8100	0.0	9000	0.0	9900	0.0	10800	0.0	11700	0.0	12600	0.0	13500	0.0	14400	0.0	15300	0.0	16200	0.0	17100	0.0	18000	0.0	18900	0.0	19800	0.0	20700	0.0	21600	0.0	22500	0.0	23400	0.0	24300	0.0	25200	0.0	26100	0.0	27000	0.0	27900	0.0	28800	0.0	29700	0.0	30600	0.0	31500	0.0	32400	0.0	33300	0.0	34200	0.0	35100	0.0	36000	0.0
31	0	240.0	900	240.0	1800	240.0	2700	240.0	3600	0.0	4500	0.0	5400	0.0	6300	0.0	7200	0.0	8100	0.0	9000	0.0	9900	0.0	10800	0.0	11700	0.0	12600	0.0	13500	0.0	14400	0.0	15300	0.0	16200	0.0	17100	0.0	18000	0.0	18900	0.0	19800	0.0	20700	0.0	21600	0.0	22500	0.0	23400	0.0	24300	0.0	25200	0.0	26100	0.0	27000	0.0	27900	0.0	28800	0.0	29700	0.0	30600	0.0	31500	0.0	32400	0.0	33300	0.0	34200	0.0	35100	0.0	36000	0.0
319003	0	6.0	900	6.0	1800	6.0	2700	6.0	3600	0.0	4500	0.0	5400	0.0	6300	0.0	7200	0.0	8100	0.0	9000	0.0	9900	0.0	10800	0.0	11700	0.0	12600	0.0	13500	0.0	14400	0.0	15300	0.0	16200	0.0	17100	0.0	18000	0.0	18900	0.0	19800	0.0	20700	0.0	21600	0.0	22500	0.0	23400	0.0	24300	0.0	25200	0.0	26100	0.0	27000	0.0	27900	0.0	28800	0.0	29700	0.0	30600	0.0	31500	0.0	32400	0.0	33300	0.0	34200	0.0	35100	0.0	36000	0.0
1312	0	180.71559633027522	900	180.6046511627907	1800	180.27272727272728	2700	180.0	3600	0.0	4500	0.0	5400	0.0	6300	0.0	7200	0.0	8100	0.0	9000	0.0	9900	0.0	10800	0.0	11700	0.0	12600	0.0	13500	0.0	14400	0.0	15300	0.0	16200	0.0	17100	0.0	18000	0.0	18900	0.0	19800	0.0	20700	0.0	21600	0.0	22500	0.0	23400	0.0	24300	0.0	25200	0.0	26100	0.0	27000	0.0	27900	0.0	28800	0.0	29700	0.0	30600	0.0	31500	0.0	32400	0.0	33300	0.0	34200	0.0	35100	0.0	36000	0.0
34	0	240.33802816901408	900	240.37113402061857	1800	240.0	2700	0.0	3600	0.0	4500	0.0	5400	0.0	6300	0.0	7200	0.0	8100	0.0	9000	0.0	9900	0.0	10800	0.0	11700	0.0	12600	0.0	13500	0.0	14400	0.0	15300	0.0	16200	0.0	17100	0.0	18000	0.0	18900	0.0	19800	0.0	20700	0.0	21600	0.0	22500	0.0	23400	0.0	24300	0.0	25200	0.0	26100	0.0	27000	0.0	27900	0.0	28800	0.0	29700	0.0	30600	0.0	31500	0.0	32400	0.0	33300	0.0	34200	0.0	35100	0.0	36000	0.0
43	0	240.0	900	240.0	1800	240.0	2700	240.0	3600	0.0	4500	0.0	5400	0.0	6300	0.0	7200	0.0	8100	0.0	9000	0.0	9900	0.0	10800	0.0	11700	0.0	12600	0.0	13500	0.0	14400	0.0	15300	0.0	16200	0.0	17100	0.0	18000	0.0	18900	0.0	19800	0.0	20700	0.0	21600	0.0	22500	0.0	23400	0.0	24300	0.0	25200	0.0	26100	0.0	27000	0.0	27900	0.0	28800	0.0	29700	0.0	30600	0.0	31500	0.0	32400	0.0	33300	0.0	34200	0.0	35100	0.0	36000	0.0
901414	0	48.60431654676259	900	155.7	1800	498.0	2700	0.0	3600	0.0	4500	0.0	5400	0.0	6300	0.0	7200	0.0	8100	0.0	9000	0.0	9900	0.0	10800	0.0	11700	0.0	12600	0.0	13500	0.0	14400	0.0	15300	0.0	16200	0.0	17100	0.0	18000	0.0	18900	0.0	19800	0.0	20700	0.0	21600	0.0	22500	0.0	23400	0.0	24300	0.0	25200	0.0	26100	0.0	27000	0.0	27900	0.0	28800	0.0	29700	0.0	30600	0.0	31500	0.0	32400	0.0	33300	0.0	34200	0.0	35100	0.0	36000	0.0
1324	0	366.5833333333333	900	604.0666666666667	1800	411.0	2700	0.0	3600	0.0	4500	0.0	5400	0.0	6300	0.0	7200	0.0	8100	0.0	9000	0.0	9900	0.0	10800	0.0	11700	0.0	12600	0.0	13500	0.0	14400	0.0	15300	0.0	16200	0.0	17100	0.0	18000	0.0	18900	0.0	19800	0.0	20700	0.0	21600	0.0	22500	0.0	23400	0.0	24300	0.0	25200	0.0	26100	0.0	27000	0.0	27900	0.0	28800	0.0	29700	0.0	30600	0.0	31500	0.0	32400	0.0	33300	0.0	34200	0.0	35100	0.0	36000	0.0
45	0	123.25	900	121.968	1800	122.36363636363636	2700	120.0	3600	0.0	4500	0.0	5400	0.0	6300	0.0	7200	0.0	8100	0.0	9000	0.0	9900	0.0	10800	0.0	11700	0.0	12600	0.0	13500	0.0	14400	0.0	15300	0.0	16200	0.0	17100	0.0	18000	0.0	18900	0.0	19800	0.0	20700	0.0	21600	0.0	22500	0.0	23400	0.0	24300	0.0	25200	0.0	26100	0.0	27000	0.0	27900	0.0	28800	0.0	29700	0.0	30600	0.0	31500	0.0	32400	0.0	33300	0.0	34200	0.0	35100	0.0	36000	0.0
2219022	0	6.0	900	6.0	1800	6.0	2700	6.0	3600	6.0	4500	0.0	5400	0.0	6300	0.0	7200	0.0	8100	0.0	9000	0.0	9900	0.0	10800	0.0	11700	0.0	12600	0.0	13500	0.0	14400	0.0	15300	0.0	16200	0.0	17100	0.0	18000	0.0	18900	0.0	19800	0.0	20700	0.0	21600	0.0	22500	0.0	23400	0.0	24300	0.0	25200	0.0	26100	0.0	27000	0.0	27900	0.0	28800	0.0	29700	0.0	30600	0.0	31500	0.0	32400	0.0	33300	0.0	34200	0.0	35100	0.0	36000	0.0
816	0	311.60869565217394	900	380.57142857142856	1800	354.10714285714283	2700	303.6	3600	0.0	4500	0.0	5400	0.0	6300	0.0	7200	0.0	8100	0.0	9000	0.0	9900	0.0	10800	0.0	11700	0.0	12600	0.0	13500	0.0	14400	0.0	15300	0.0	16200	0.0	17100	0.0	18000	0.0	18900	0.0	19800	0.0	20700	0.0	21600	0.0	22500	0.0	23400	0.0	24300	0.0	25200	0.0	26100	0.0	27000	0.0	27900	0.0	28800	0.0	29700	0.0	30600	0.0	31500	0.0	32400	0.0	33300	0.0	34200	0.0	35100	0.0	36000	0.0
1119011	0	6.0	900	6.0	1800	6.0	2700	6.0	3600	6.0	4500	0.0	5400	0.0	6300	0.0	7200	0.0	8100	0.0	9000	0.0	9900	0.0	10800	0.0	11700	0.0	12600	0.0	13500	0.0	14400	0.0	15300	0.0	16200	0.0	17100	0.0	18000	0.0	18900	0.0	19800	0.0	20700	0.0	21600	0.0	22500	0.0	23400	0.0	24300	0.0	25200	0.0	26100	0.0	27000	0.0	27900	0.0	28800	0.0	29700	0.0	30600	0.0	31500	0.0	32400	0.0	33300	0.0	34200	0.0	35100	0.0	36000	0.0
54	0	120.44117647058823	900	120.4954128440367	1800	120.0	2700	120.0	3600	120.0	4500	0.0	5400	0.0	6300	0.0	7200	0.0	8100	0.0	9000	0.0	9900	0.0	10800	0.0	11700	0.0	12600	0.0	13500	0.0	14400	0.0	15300	0.0	16200	0.0	17100	0.0	18000	0.0	18900	0.0	19800	0.0	20700	0.0	21600	0.0	22500	0.0	23400	0.0	24300	0.0	25200	0.0	26100	0.0	27000	0.0	27900	0.0	28800	0.0	29700	0.0	30600	0.0	31500	0.0	32400	0.0	33300	0.0	34200	0.0	35100	0.0	36000	0.0
1919019	0	6.0	900	6.0	1800	6.0	2700	6.0	3600	6.0	4500	0.0	5400	0.0	6300	0.0	7200	0.0	8100	0.0	9000	0.0	9900	0.0	10800	0.0	11700	0.0	12600	0.0	13500	0.0	14400	0.0	15300	0.0	16200	0.0	17100	0.0	18000	0.0	18900	0.0	19800	0.0	20700	0.0	21600	0.0	22500	0.0	23400	0.0	24300	0.0	25200	0.0	26100	0.0	27000	0.0	27900	0.0	28800	0.0	29700	0.0	30600	0.0	31500	0.0	32400	0.0	33300	0.0	34200	0.0	35100	0.0	36000	0.0
312	0	241.69811320754718	900	240.8450704225352	1800	240.0	2700	240.0	3600	0.0	4500	0.0	5400	0.0	6300	0.0	7200	0.0	8100	0.0	9000	0.0	9900	0.0	10800	0.0	11700	0.0	12600	0.0	13500	0.0	14400	0.0	15300	0.0	16200	0.0	17100	0.0	18000	0.0	18900	0.0	19800	0.0	20700	0.0	21600	0.0	22500	0.0	23400	0.0	24300	0.0	25200	0.0	26100	0.0	27000	0.0	27900	0.0	28800	0.0	29700	0.0	30600	0.0	31500	0.0	32400	0.0	33300	0.0	34200	0.0	35100	0.0	36000	0.0
56	0	265.125	900	306.46153846153845	1800	249.10344827586206	2700	240.0	3600	0.0	4500	0.0	5400	0.0	6300	0.0	7200	0.0	8100	0.0	9000	0.0	9900	0.0	10800	0.0	11700	0.0	12600	0.0	13500	0.0	14400	0.0	15300	0.0	16200	0.0	17100	0.0	18000	0.0	18900	0.0	19800	0.0	20700	0.0	21600	0.0	22500	0.0	23400	0.0	24300	0.0	25200	0.0	26100	0.0	27000	0.0	27900	0.0	28800	0.0	29700	0.0	30600	0.0	31500	0.0	32400	0.0	33300	0.0	34200	0.0	35100	0.0	36000	0.0
59	0	306.48	900	303.35483870967744	1800	300.3157894736842	2700	0.0	3600	0.0	4500	0.0	5400	0.0	6300	0.0	7200	0.0	8100	0.0	9000	0.0	9900	0.0	10800	0.0	11700	0.0	12600	0.0	13500	0.0	14400	0.0	15300	0.0	16200	0.0	17100	0.0	18000	0.0	18900	0.0	19800	0.0	20700	0.0	21600	0.0	22500	0.0	23400	0.0	24300	0.0	25200	0.0	26100	0.0	27000	0.0	27900	0.0	28800	0.0	29700	0.0	30600	0.0	31500	0.0	32400	0.0	33300	0.0	34200	0.0	35100	0.0	36000	0.0
62	0	300.6666666666667	900	301.65	1800	301.625	2700	301.2	3600	301.0	4500	303.0	5400	0.0	6300	0.0	7200	0.0	8100	0.0	9000	0.0	9900	0.0	10800	0.0	11700	0.0	12600	0.0	13500	0.0	14400	0.0	15300	0.0	16200	0.0	17100	0.0	18000	0.0	18900	0.0	19800	0.0	20700	0.0	21600	0.0	22500	0.0	23400	0.0	24300	0.0	25200	0.0	26100	0.0	27000	0.0	27900	0.0	28800	0.0	29700	0.0	30600	0.0	31500	0.0	32400	0.0	33300	0.0	34200	0.0	35100	0.0	36000	0.0
65	0	243.69230769230768	900	243.46875	1800	241.86666666666667	2700	240.0	3600	240.0	4500	0.0	5400	0.0	6300	0.0	7200	0.0	8100	0.0	9000	0.0	9900	0.0	10800	0.0	11700	0.0	12600	0.0	13500	0.0	14400	0.0	15300	0.0	16200	0.0	17100	0.0	18000	0.0	18900	0.0	19800	0.0	20700	0.0	21600	0.0	22500	0.0	23400	0.0	24300	0.0	25200	0.0	26100	0.0	27000	0.0	27900	0.0	28800	0.0	29700	0.0	30600	0.0	31500	0.0	32400	0.0	33300	0.0	34200	0.0	35100	0.0	36000	0.0
902222	0	11.402489626556017	900	24.84297520661157	1800	15.0	2700	0.0	3600	0.0	4500	0.0	5400	0.0	6300	0.0	7200	0.0	8100	0.0	9000	0.0	9900	0.0	10800	0.0	11700	0.0	12600	0.0	13500	0.0	14400	0.0	15300	0.0	16200	0.0	17100	0.0	18000	0.0	18900	0.0	19800	0.0	20700	0.0	21600	0.0	22500	0.0	23400	0.0	24300	0.0	25200	0.0	26100	0.0	27000	0.0	27900	0.0	28800	0.0	29700	0.0	30600	0.0	31500	0.0	32400	0.0	33300	0.0	34200	0.0	35100	0.0	36000	0.0
68	0	126.91764705882353	900	149.5897435897436	1800	141.83505154639175	2700	124.0	3600	0.0	4500	0.0	5400	0.0	6300	0.0	7200	0.0	8100	0.0	9000	0.0	9900	0.0	10800	0.0	11700	0.0	12600	0.0	13500	0.0	14400	0.0	15300	0.0	16200	0.0	17100	0.0	18000	0.0	18900	0.0	19800	0.0	20700	0.0	21600	0.0	22500	0.0	23400	0.0	24300	0.0	25200	0.0	26100	0.0	27000	0.0	27900	0.0	28800	0.0	29700	0.0	30600	0.0	31500	0.0	32400	0.0	33300	0.0	34200	0.0	35100	0.0	36000	0.0
2120	0	361.3333333333333	900	361.0	1800	361.14285714285717	2700	0.0	3600	0.0	4500	0.0	5400	0.0	6300	0.0	7200	0.0	8100	0.0	9000	0.0	9900	0.0	10800	0.0	11700	0.0	12600	0.0	13500	0.0	14400	0.0	15300	0.0	16200	0.0	17100	0.0	18000	0.0	18900	0.0	19800	0.0	20700	0.0	21600	0.0	22500	0.0	23400	0.0	24300	0.0	25200	0.0	26100	0.0	27000	0.0	27900	0.0	28800	0.0	29700	0.0	30600	0.0	31500	0.0	32400	0.0	33300	0.0	34200	0.0	35100	0.0	36000	0.0
1610	0	243.48717948717947	900	243.47107438016528	1800	243.47107438016528	2700	243.39622641509433	3600	240.0	4500	0.0	5400	0.0	6300	0.0	7200	0.0	8100	0.0	9000	0.0	9900	0.0	10800	0.0	11700	0.0	12600	0.0	13500	0.0	14400	0.0	15300	0.0	16200	0.0	17100	0.0	18000	0.0	18900	0.0	19800	0.0	20700	0.0	21600	0.0	22500	0.0	23400	0.0	24300	0.0	25200	0.0	26100	0.0	27000	0.0	27900	0.0	28800	0.0	29700	0.0	30600	0.0	31500	0.0	32400	0.0	33300	0.0	34200	0.0	35100	0.0	36000	0.0
2122	0	246.54545454545453	900	465.6	1800	229.5	2700	120.0	3600	0.0	4500	0.0	5400	0.0	6300	0.0	7200	0.0	8100	0.0	9000	0.0	9900	0.0	10800	0.0	11700	0.0	12600	0.0	13500	0.0	14400	0.0	15300	0.0	16200	0.0	17100	0.0	18000	0.0	18900	0.0	19800	0.0	20700	0.0	21600	0.0	22500	0.0	23400	0.0	24300	0.0	25200	0.0	26100	0.0	27000	0.0	27900	0.0	28800	0.0	29700	0.0	30600	0.0	31500	0.0	32400	0.0	33300	0.0	34200	0.0	35100	0.0	36000	0.0
2124	0	199.23809523809524	900	231.4020618556701	1800	184.54545454545453	2700	181.875	3600	0.0	4500	0.0	5400	0.0	6300	0.0	7200	0.0	8100	0.0	9000	0.0	9900	0.0	10800	0.0	11700	0.0	12600	0.0	13500	0.0	14400	0.0	15300	0.0	16200	0.0	17100	0.0	18000	0.0	18900	0.0	19800	0.0	20700	0.0	21600	0.0	22500	0.0	23400	0.0	24300	0.0	25200	0.0	26100	0.0	27000	0.0	27900	0.0	28800	0.0	29700	0.0	30600	0.0	31500	0.0	32400	0.0	33300	0.0	34200	0.0	35100	0.0	36000	0.0
819008	0	6.0	900	6.0	1800	6.0	2700	6.0	3600	6.0	4500	6.0	5400	6.0	6300	0.0	7200	0.0	8100	0.0	9000	0.0	9900	0.0	10800	0.0	11700	0.0	12600	0.0	13500	0.0	14400	0.0	15300	0.0	16200	0.0	17100	0.0	18000	0.0	18900	0.0	19800	0.0	20700	0.0	21600	0.0	22500	0.0	23400	0.0	24300	0.0	25200	0.0	26100	0.0	27000	0.0	27900	0.0	28800	0.0	29700	0.0	30600	0.0	31500	0.0	32400	0.0	33300	0.0	34200	0.0	35100	0.0	36000	0.0
2119021	0	6.0	900	6.0	1800	6.0	2700	6.0	3600	6.0	4500	0.0	5400	0.0	6300	0.0	7200	0.0	8100	0.0	9000	0.0	9900	0.0	10800	0.0	11700	0.0	12600	0.0	13500	0.0	14400	0.0	15300	0.0	16200	0.0	17100	0.0	18000	0.0	18900	0.0	19800	0.0	20700	0.0	21600	0.0	22500	0.0	23400	0.0	24300	0.0	25200	0.0	26100	0.0	27000	0.0	27900	0.0	28800	0.0	29700	0.0	30600	0.0	31500	0.0	32400	0.0	33300	0.0	34200	0.0	35100	0.0	36000	0.0
78	0	325.1818181818182	900	614.3883495145631	1800	404.14285714285717	2700	180.0	3600	0.0	4500	0.0	5400	0.0	6300	0.0	7200	0.0	8100	0.0	9000	0.0	9900	0.0	10800	0.0	11700	0.0	12600	0.0	13500	0.0	14400	0.0	15300	0.0	16200	0.0	17100	0.0	18000	0.0	18900	0.0	19800	0.0	20700	0.0	21600	0.0	22500	0.0	23400	0.0	24300	0.0	25200	0.0	26100	0.0	27000	0.0	27900	0.0	28800	0.0	29700	0.0	30600	0.0	31500	0.0	32400	0.0	33300	0.0	34200	0.0	35100	0.0	36000	0.0
1619016	0	6.0	900	6.0	1800	6.0	2700	6.0	3600	6.0	4500	6.0	5400	6.0	6300	0.0	7200	0.0	8100	0.0	9000	0.0	9900	0.0	10800	0.0	11700	0.0	12600	0.0	13500	0.0	14400	0.0	15300	0.0	16200	0.0	17100	0.0	18000	0.0	18900	0.0	19800	0.0	20700	0.0	21600	0.0	22500	0.0	23400	0.0	24300	0.0	25200	0.0	26100	0.0	27000	0.0	27900	0.0	28800	0.0	29700	0.0	30600	0.0	31500	0.0	32400	0.0	33300	0.0	34200	0.0	35100	0.0	36000	0.0
1617	0	152.03669724770643	900	245.54198473282443	1800	337.32824427480915	2700	367.0	3600	122.66666666666667	4500	0.0	5400	0.0	6300	0.0	7200	0.0	8100	0.0	9000	0.0	9900	0.0	10800	0.0	11700	0.0	12600	0.0	13500	0.0	14400	0.0	15300	0.0	16200	0.0	17100	0.0	18000	0.0	18900	0.0	19800	0.0	20700	0.0	21600	0.0	22500	0.0	23400	0.0	24300	0.0	25200	0.0	26100	0.0	27000	0.0	27900	0.0	28800	0.0	29700	0.0	30600	0.0	31500	0.0	32400	0.0	33300	0.0	34200	0.0	35100	0.0	36000	0.0
901212	0	9.304347826086957	900	9.2	1800	6.0	2700	0.0	3600	0.0	4500	0.0	5400	0.0	6300	0.0	7200	0.0	8100	0.0	9000	0.0	9900	0.0	10800	0.0	11700	0.0	12600	0.0	13500	0.0	14400	0.0	15300	0.0	16200	0.0	17100	0.0	18000	0.0	18900	0.0	19800	0.0	20700	0.0	21600	0.0	22500	0.0	23400	0.0	24300	0.0	25200	0.0	26100	0.0	27000	0.0	27900	0.0	28800	0.0	29700	0.0	30600	0.0	31500	0.0	32400	0.0	33300	0.0	34200	0.0	35100	0.0	36000	0.0
1618	0	180.06382978723406	900	180.0	1800	180.0	2700	180.0	3600	180.0	4500	180.0	5400	0.0	6300	0.0	7200	0.0	8100	0.0	9000	0.0	9900	0.0	10800	0.0	11700	0.0	12600	0.0	13500	0.0	14400	0.0	15300	0.0	16200	0.0	17100	0.0	18000	0.0	18900	0.0	19800	0.0	20700	0.0	21600	0.0	22500	0.0	23400	0.0	24300	0.0	25200	0.0	26100	0.0	27000	0.0	27900	0.0	28800	0.0	29700	0.0	30600	0.0	31500	0.0	32400	0.0	33300	0.0	34200	0.0	35100	0.0	36000	0.0
86	0	168.27906976744185	900	352.15	1800	401.625	2700	124.28571428571429	3600	121.0909090909091	4500	124.5	5400	0.0	6300	0.0	7200	0.0	8100	0.0	9000	0.0	9900	0.0	10800	0.0	11700	0.0	12600	0.0	13500	0.0	14400	0.0	15300	0.0	16200	0.0	17100	0.0	18000	0.0	18900	0.0	19800	0.0	20700	0.0	21600	0.0	22500	0.0	23400	0.0	24300	0.0	25200	0.0	26100	0.0	27000	0.0	27900	0.0	28800	0.0	29700	0.0	30600	0.0	31500	0.0	32400	0.0	33300	0.0	34200	0.0	35100	0.0	36000	0.0
1110	0	301.7956204379562	900	301.9111111111111	1800	300.90909090909093	2700	300.46153846153845	3600	0.0	4500	0.0	5400	0.0	6300	0.0	7200	0.0	8100	0.0	9000	0.0	9900	0.0	10800	0.0	11700	0.0	12600	0.0	13500	0.0	14400	0.0	15300	0.0	16200	0.0	17100	0.0	18000	0.0	18900	0.0	19800	0.0	20700	0.0	21600	0.0	22500	0.0	23400	0.0	24300	0.0	25200	0.0	26100	0.0	27000	0.0	27900	0.0	28800	0.0	29700	0.0	30600	0.0	31500	0.0	32400	0.0	33300	0.0	34200	0.0	35100	0.0	36000	0.0
87	0	180.08695652173913	900	180.14814814814815	1800	180.0	2700	180.0	3600	0.0	4500	0.0	5400	0.0	6300	0.0	7200	0.0	8100	0.0	9000	0.0	9900	0.0	10800	0.0	11700	0.0	12600	0.0	13500	0.0	14400	0.0	15300	0.0	16200	0.0	17100	0.0	18000	0.0	18900	0.0	19800	0.0	20700	0.0	21600	0.0	22500	0.0	23400	0.0	24300	0.0	25200	0.0	26100	0.0	27000	0.0	27900	0.0	28800	0.0	29700	0.0	30600	0.0	31500	0.0	32400	0.0	33300	0.0	34200	0.0	35100	0.0	36000	0.0
1112	0	364.1904761904762	900	363.8863636363636	1800	362.1818181818182	2700	360.8	3600	363.0	4500	0.0	5400	0.0	6300	0.0	7200	0.0	8100	0.0	9000	0.0	9900	0.0	10800	0.0	11700	0.0	12600	0.0	13500	0.0	14400	0.0	15300	0.0	16200	0.0	17100	0.0	18000	0.0	18900	0.0	19800	0.0	20700	0.0	21600	0.0	22500	0.0	23400	0.0	24300	0.0	25200	0.0	26100	0.0	27000	0.0	27900	0.0	28800	0.0	29700	0.0	30600	0.0	31500	0.0	32400	0.0	33300	0.0	34200	0.0	35100	0.0	36000	0.0
901717	0	104.61538461538461	900	426.9230769230769	1800	1008.0	2700	0.0	3600	0.0	4500	0.0	5400	0.0	6300	0.0	7200	0.0	8100	0.0	9000	0.0	9900	0.0	10800	0.0	11700	0.0	12600	0.0	13500	0.0	14400	0.0	15300	0.0	16200	0.0	17100	0.0	18000	0.0	18900	0.0	19800	0.0	20700	0.0	21600	0.0	22500	0.0	23400	0.0	24300	0.0	25200	0.0	26100	0.0	27000	0.0	27900	0.0	28800	0.0	29700	0.0	30600	0.0	31500	0.0	32400	0.0	33300	0.0	34200	0.0	35100	0.0	36000	0.0
89	0	600.0	900	601.5	1800	0.0	2700	0.0	3600	0.0	4500	0.0	5400	0.0	6300	0.0	7200	0.0	8100	0.0	9000	0.0	9900	0.0	10800	0.0	11700	0.0	12600	0.0	13500	0.0	14400	0.0	15300	0.0	16200	0.0	17100	0.0	18000	0.0	18900	0.0	19800	0.0	20700	0.0	21600	0.0	22500	0.0	23400	0.0	24300	0.0	25200	0.0	26100	0.0	27000	0.0	27900	0.0	28800	0.0	29700	0.0	30600	0.0	31500	0.0	32400	0.0	33300	0.0	34200	0.0	35100	0.0	36000	0.0
1114	0	245.87755102040816	900	289.9830508474576	1800	291.2926829268293	2700	240.54545454545453	3600	0.0	4500	0.0	5400	0.0	6300	0.0	7200	0.0	8100	0.0	9000	0.0	9900	0.0	10800	0.0	11700	0.0	12600	0.0	13500	0.0	14400	0.0	15300	0.0	16200	0.0	17100	0.0	18000	0.0	18900	0.0	19800	0.0	20700	0.0	21600	0.0	22500	0.0	23400	0.0	24300	0.0	25200	0.0	26100	0.0	27000	0.0	27900	0.0	28800	0.0	29700	0.0	30600	0.0	31500	0.0	32400	0.0	33300	0.0	34200	0.0	35100	0.0	36000	0.0
519005	0	6.0	900	6.0	1800	6.0	2700	0.0	3600	0.0	4500	0.0	5400	0.0	6300	0.0	7200	0.0	8100	0.0	9000	0.0	9900	0.0	10800	0.0	11700	0.0	12600	0.0	13500	0.0	14400	0.0	15300	0.0	16200	0.0	17100	0.0	18000	0.0	18900	0.0	19800	0.0	20700	0.0	21600	0.0	22500	0.0	23400	0.0	24300	0.0	25200	0.0	26100	0.0	27000	0.0	27900	0.0	28800	0.0	29700	0.0	30600	0.0	31500	0.0	32400	0.0	33300	0.0	34200	0.0	35100	0.0	36000	0.0
95	0	300.3157894736842	900	300.4390243902439	1800	300.0	2700	0.0	3600	0.0	4500	0.0	5400	0.0	6300	0.0	7200	0.0	8100	0.0	9000	0.0	9900	0.0	10800	0.0	11700	0.0	12600	0.0	13500	0.0	14400	0.0	15300	0.0	16200	0.0	17100	0.0	18000	0.0	18900	0.0	19800	0.0	20700	0.0	21600	0.0	22500	0.0	23400	0.0	24300	0.0	25200	0.0	26100	0.0	27000	0.0	27900	0.0	28800	0.0	29700	0.0	30600	0.0	31500	0.0	32400	0.0	33300	0.0	34200	0.0	35100	0.0	36000	0.0
98	0	600.0	900	600.0	1800	0.0	2700	0.0	3600	0.0	4500	0.0	5400	0.0	6300	0.0	7200	0.0	8100	0.0	9000	0.0	9900	0.0	10800	0.0	11700	0.0	12600	0.0	13500	0.0	14400	0.0	15300	0.0	16200	0.0	17100	0.0	18000	0.0	18900	0.0	19800	0.0	20700	0.0	21600	0.0	22500	0.0	23400	0.0	24300	0.0	25200	0.0	26100	0.0	27000	0.0	27900	0.0	28800	0.0	29700	0.0	30600	0.0	31500	0.0	32400	0.0	33300	0.0	34200	0.0	35100	0.0	36000	0.0
109	0	180.66257668711657	900	180.5084745762712	1800	180.11320754716982	2700	180.0	3600	180.0	4500	0.0	5400	0.0	6300	0.0	7200	0.0	8100	0.0	9000	0.0	9900	0.0	10800	0.0	11700	0.0	12600	0.0	13500	0.0	14400	0.0	15300	0.0	16200	0.0	17100	0.0	18000	0.0	18900	0.0	19800	0.0	20700	0.0	21600	0.0	22500	0.0	23400	0.0	24300	0.0	25200	0.0	26100	0.0	27000	0.0	27900	0.0	28800	0.0	29700	0.0	30600	0.0	31500	0.0	32400	0.0	33300	0.0	34200	0.0	35100	0.0	36000	0.0
2413	0	241.3090909090909	900	241.57894736842104	1800	241.14285714285714	2700	242.57142857142858	3600	240.0	4500	0.0	5400	0.0	6300	0.0	7200	0.0	8100	0.0	9000	0.0	9900	0.0	10800	0.0	11700	0.0	12600	0.0	13500	0.0	14400	0.0	15300	0.0	16200	0.0	17100	0.0	18000	0.0	18900	0.0	19800	0.0	20700	0.0	21600	0.0	22500	0.0	23400	0.0	24300	0.0	25200	0.0	26100	0.0	27000	0.0	27900	0.0	28800	0.0	29700	0.0	30600	0.0	31500	0.0	32400	0.0	33300	0.0	34200	0.0	35100	0.0	36000	0.0
1319013	0	6.0	900	6.0	1800	6.0	2700	6.0	3600	6.0	4500	0.0	5400	0.0	6300	0.0	7200	0.0	8100	0.0	9000	0.0	9900	0.0	10800	0.0	11700	0.0	12600	0.0	13500	0.0	14400	0.0	15300	0.0	16200	0.0	17100	0.0	18000	0.0	18900	0.0	19800	0.0	20700	0.0	21600	0.0	22500	0.0	23400	0.0	24300	0.0	25200	0.0	26100	0.0	27000	0.0	27900	0.0	28800	0.0	29700	0.0	30600	0.0	31500	0.0	32400	0.0	33300	0.0	34200	0.0	35100	0.0	36000	0.0
114	0	362.25	900	363.0	1800	361.5	2700	363.0	3600	0.0	4500	0.0	5400	0.0	6300	0.0	7200	0.0	8100	0.0	9000	0.0	9900	0.0	10800	0.0	11700	0.0	12600	0.0	13500	0.0	14400	0.0	15300	0.0	16200	0.0	17100	0.0	18000	0.0	18900	0.0	19800	0.0	20700	0.0	21600	0.0	22500	0.0	23400	0.0	24300	0.0	25200	0.0	26100	0.0	27000	0.0	27900	0.0	28800	0.0	29700	0.0	30600	0.0	31500	0.0	32400	0.0	33300	0.0	34200	0.0	35100	0.0	36000	0.0
2419024	0	6.0	900	6.0	1800	6.0	2700	6.0	3600	6.0	4500	0.0	5400	0.0	6300	0.0	7200	0.0	8100	0.0	9000	0.0	9900	0.0	10800	0.0	11700	0.0	12600	0.0	13500	0.0	14400	0.0	15300	0.0	16200	0.0	17100	0.0	18000	0.0	18900	0.0	19800	0.0	20700	0.0	21600	0.0	22500	0.0	23400	0.0	24300	0.0	25200	0.0	26100	0.0	27000	0.0	27900	0.0	28800	0.0	29700	0.0	30600	0.0	31500	0.0	32400	0.0	33300	0.0	34200	0.0	35100	0.0	36000	0.0
2421	0	291.47727272727275	900	567.8969072164948	1800	442.40816326530614	2700	0.0	3600	0.0	4500	0.0	5400	0.0	6300	0.0	7200	0.0	8100	0.0	9000	0.0	9900	0.0	10800	0.0	11700	0.0	12600	0.0	13500	0.0	14400	0.0	15300	0.0	16200	0.0	17100	0.0	18000	0.0	18900	0.0	19800	0.0	20700	0.0	21600	0.0	22500	0.0	23400	0.0	24300	0.0	25200	0.0	26100	0.0	27000	0.0	27900	0.0	28800	0.0	29700	0.0	30600	0.0	31500	0.0	32400	0.0	33300	0.0	34200	0.0	35100	0.0	36000	0.0
2423	0	121.77777777777777	900	121.57142857142857	1800	121.5	2700	0.0	3600	0.0	4500	0.0	5400	0.0	6300	0.0	7200	0.0	8100	0.0	9000	0.0	9900	0.0	10800	0.0	11700	0.0	12600	0.0	13500	0.0	14400	0.0	15300	0.0	16200	0.0	17100	0.0	18000	0.0	18900	0.0	19800	0.0	20700	0.0	21600	0.0	22500	0.0	23400	0.0	24300	0.0	25200	0.0	26100	0.0	27000	0.0	27900	0.0	28800	0.0	29700	0.0	30600	0.0	31500	0.0	32400	0.0	33300	0.0	34200	0.0	35100	0.0	36000	0.0
219002	0	6.0	900	6.0	1800	6.0	2700	6.0	3600	6.0	4500	0.0	5400	6.0	6300	0.0	7200	0.0	8100	0.0	9000	0.0	9900	0.0	10800	0.0	11700	0.0	12600	0.0	13500	0.0	14400	0.0	15300	0.0	16200	0.0	17100	0.0	18000	0.0	18900	0.0	19800	0.0	20700	0.0	21600	0.0	22500	0.0	23400	0.0	24300	0.0	25200	0.0	26100	0.0	27000	0.0	27900	0.0	28800	0.0	29700	0.0	30600	0.0	31500	0.0	32400	0.0	33300	0.0	34200	0.0	35100	0.0	36000	0.0
123	0	240.08219178082192	900	240.07692307692307	1800	240.0	2700	240.0	3600	0.0	4500	0.0	5400	0.0	6300	0.0	7200	0.0	8100	0.0	9000	0.0	9900	0.0	10800	0.0	11700	0.0	12600	0.0	13500	0.0	14400	0.0	15300	0.0	16200	0.0	17100	0.0	18000	0.0	18900	0.0	19800	0.0	20700	0.0	21600	0.0	22500	0.0	23400	0.0	24300	0.0	25200	0.0	26100	0.0	27000	0.0	27900	0.0	28800	0.0	29700	0.0	30600	0.0	31500	0.0	32400	0.0	33300	0.0	34200	0.0	35100	0.0	36000	0.0
1915	0	208.48888888888888	900	301.2	1800	182.6341463414634	2700	180.0	3600	180.0	4500	0.0	5400	0.0	6300	0.0	7200	0.0	8100	0.0	9000	0.0	9900	0.0	10800	0.0	11700	0.0	12600	0.0	13500	0.0	14400	0.0	15300	0.0	16200	0.0	17100	0.0	18000	0.0	18900	0.0	19800	0.0	20700	0.0	21600	0.0	22500	0.0	23400	0.0	24300	0.0	25200	0.0	26100	0.0	27000	0.0	27900	0.0	28800	0.0	29700	0.0	30600	0.0	31500	0.0	32400	0.0	33300	0.0	34200	0.0	35100	0.0	36000	0.0
1917	0	1618.8990825688074	900	1768.1	1800	1818.5	2700	1890.1016949152543	3600	1902.0	4500	0.0	5400	0.0	6300	0.0	7200	0.0	8100	0.0	9000	0.0	9900	0.0	10800	0.0	11700	0.0	12600	0.0	13500	0.0	14400	0.0	15300	0.0	16200	0.0	17100	0.0	18000	0.0	18900	0.0	19800	0.0	20700	0.0	21600	0.0	22500	0.0	23400	0.0	24300	0.0	25200	0.0	26100	0.0	27000	0.0	27900	0.0	28800	0.0	29700	0.0	30600	0.0	31500	0.0	32400	0.0	33300	0.0	34200	0.0	35100	0.0	36000	0.0
1920	0	242.52631578947367	900	242.25	1800	241.3548387096774	2700	242.30769230769232	3600	0.0	4500	0.0	5400	0.0	6300	0.0	7200	0.0	8100	0.0	9000	0.0	9900	0.0	10800	0.0	11700	0.0	12600	0.0	13500	0.0	14400	0.0	15300	0.0	16200	0.0	17100	0.0	18000	0.0	18900	0.0	19800	0.0	20700	0.0	21600	0.0	22500	0.0	23400	0.0	24300	0.0	25200	0.0	26100	0.0	27000	0.0	27900	0.0	28800	0.0	29700	0.0	30600	0.0	31500	0.0	32400	0.0	33300	0.0	34200	0.0	35100	0.0	36000	0.0
1411	0	294.72727272727275	900	412.5245901639344	1800	471.38028169014086	2700	0.0	3600	0.0	4500	0.0	5400	0.0	6300	0.0	7200	0.0	8100	0.0	9000	0.0	9900	0.0	10800	0.0	11700	0.0	12600	0.0	13500	0.0	14400	0.0	15300	0.0	16200	0.0	17100	0.0	18000	0.0	18900	0.0	19800	0.0	20700	0.0	21600	0.0	22500	0.0	23400	0.0	24300	0.0	25200	0.0	26100	0.0	27000	0.0	27900	0.0	28800	0.0	29700	0.0	30600	0.0	31500	0.0	32400	0.0	33300	0.0	34200	0.0	35100	0.0	36000	0.0
901515	0	6.771428571428571	900	6.694444444444445	1800	0.0	2700	0.0	3600	0.0	4500	0.0	5400	0.0	6300	0.0	7200	0.0	8100	0.0	9000	0.0	9900	0.0	10800	0.0	11700	0.0	12600	0.0	13500	0.0	14400	0.0	15300	0.0	16200	0.0	17100	0.0	18000	0.0	18900	0.0	19800	0.0	20700	0.0	21600	0.0	22500	0.0	23400	0.0	24300	0.0	25200	0.0	26100	0.0	27000	0.0	27900	0.0	28800	0.0	29700	0.0	30600	0.0	31500	0.0	32400	0.0	33300	0.0	34200	0.0	35100	0.0	36000	0.0
1415	0	330.2823529411765	900	314.3181818181818	1800	300.82758620689657	2700	300.0	3600	0.0	4500	0.0	5400	0.0	6300	0.0	7200	0.0	8100	0.0	9000	0.0	9900	0.0	10800	0.0	11700	0.0	12600	0.0	13500	0.0	14400	0.0	15300	0.0	16200	0.0	17100	0.0	18000	0.0	18900	0.0	19800	0.0	20700	0.0	21600	0.0	22500	0.0	23400	0.0	24300	0.0	25200	0.0	26100	0.0	27000	0.0	27900	0.0	28800	0.0	29700	0.0	30600	0.0	31500	0.0	32400	0.0	33300	0.0	34200	0.0	35100	0.0	36000	0.0
902020	0	7.615384615384615	900	7.290322580645161	1800	0.0	2700	0.0	3600	0.0	4500	0.0	5400	0.0	6300	0.0	7200	0.0	8100	0.0	9000	0.0	9900	0.0	10800	0.0	11700	0.0	12600	0.0	13500	0.0	14400	0.0	15300	0.0	16200	0.0	17100	0.0	18000	0.0	18900	0.0	19800	0.0	20700	0.0	21600	0.0	22500	0.0	23400	0.0	24300	0.0	25200	0.0	26100	0.0	27000	0.0	27900	0.0	28800	0.0	29700	0.0	30600	0.0	31500	0.0	32400	0.0	33300	0.0	34200	0.0	35100	0.0	36000	0.0
2319023	0	6.0	900	6.0	1800	6.0	2700	6.0	3600	6.0	4500	0.0	5400	0.0	6300	0.0	7200	0.0	8100	0.0	9000	0.0	9900	0.0	10800	0.0	11700	0.0	12600	0.0	13500	0.0	14400	0.0	15300	0.0	16200	0.0	17100	0.0	18000	0.0	18900	0.0	19800	0.0	20700	0.0	21600	0.0	22500	0.0	23400	0.0	24300	0.0	25200	0.0	26100	0.0	27000	0.0	27900	0.0	28800	0.0	29700	0.0	30600	0.0	31500	0.0	32400	0.0	33300	0.0	34200	0.0	35100	0.0	36000	0.0
1019010	0	6.0	900	6.0	1800	6.0	2700	6.0	3600	6.0	4500	0.0	5400	0.0	6300	0.0	7200	0.0	8100	0.0	9000	0.0	9900	0.0	10800	0.0	11700	0.0	12600	0.0	13500	0.0	14400	0.0	15300	0.0	16200	0.0	17100	0.0	18000	0.0	18900	0.0	19800	0.0	20700	0.0	21600	0.0	22500	0.0	23400	0.0	24300	0.0	25200	0.0	26100	0.0	27000	0.0	27900	0.0	28800	0.0	29700	0.0	30600	0.0	31500	0.0	32400	0.0	33300	0.0	34200	0.0	35100	0.0	36000	0.0
910	0	186.24561403508773	900	183.77884615384616	1800	180.0	2700	0.0	3600	0.0	4500	0.0	5400	0.0	6300	0.0	7200	0.0	8100	0.0	9000	0.0	9900	0.0	10800	0.0	11700	0.0	12600	0.0	13500	0.0	14400	0.0	15300	0.0	16200	0.0	17100	0.0	18000	0.0	18900	0.0	19800	0.0	20700	0.0	21600	0.0	22500	0.0	23400	0.0	24300	0.0	25200	0.0	26100	0.0	27000	0.0	27900	0.0	28800	0.0	29700	0.0	30600	0.0	31500	0.0	32400	0.0	33300	0.0	34200	0.0	35100	0.0	36000	0.0
1423	0	241.73333333333332	900	241.88888888888889	1800	240.28571428571428	2700	240.0	3600	0.0	4500	0.0	5400	0.0	6300	0.0	7200	0.0	8100	0.0	9000	0.0	9900	0.0	10800	0.0	11700	0.0	12600	0.0	13500	0.0	14400	0.0	15300	0.0	16200	0.0	17100	0.0	18000	0.0	18900	0.0	19800	0.0	20700	0.0	21600	0.0	22500	0.0	23400	0.0	24300	0.0	25200	0.0	26100	0.0	27000	0.0	27900	0.0	28800	0.0	29700	0.0	30600	0.0	31500	0.0	32400	0.0	33300	0.0	34200	0.0	35100	0.0	36000	0.0
1819018	0	6.0	900	6.0	1800	6.0	2700	6.0	3600	6.0	4500	6.0	5400	6.0	6300	0.0	7200	0.0	8100	0.0	9000	0.0	9900	0.0	10800	0.0	11700	0.0	12600	0.0	13500	0.0	14400	0.0	15300	0.0	16200	0.0	17100	0.0	18000	0.0	18900	0.0	19800	0.0	20700	0.0	21600	0.0	22500	0.0	23400	0.0	24300	0.0	25200	0.0	26100	0.0	27000	0.0	27900	0.0	28800	0.0	29700	0.0	30600	0.0	31500	0.0	32400	0.0	33300	0.0	34200	0.0	35100	0.0	36000	0.0
719007	0	6.0	900	6.0	1800	6.0	2700	6.0	3600	6.0	4500	6.0	5400	6.0	6300	0.0	7200	0.0	8100	0.0	9000	0.0	9900	0.0	10800	0.0	11700	0.0	12600	0.0	13500	0.0	14400	0.0	15300	0.0	16200	0.0	17100	0.0	18000	0.0	18900	0.0	19800	0.0	20700	0.0	21600	0.0	22500	0.0	23400	0.0	24300	0.0	25200	0.0	26100	0.0	27000	0.0	27900	0.0	28800	0.0	29700	0.0	30600	0.0	31500	0.0	32400	0.0	33300	0.0	34200	0.0	35100	0.0	36000	0.0
90011	0	6.0	900	6.0	1800	6.0	2700	0.0	3600	0.0	4500	0.0	5400	0.0	6300	0.0	7200	0.0	8100	0.0	9000	0.0	9900	0.0	10800	0.0	11700	0.0	12600	0.0	13500	0.0	14400	0.0	15300	0.0	16200	0.0	17100	0.0	18000	0.0	18900	0.0	19800	0.0	20700	0.0	21600	0.0	22500	0.0	23400	0.0	24300	0.0	25200	0.0	26100	0.0	27000	0.0	27900	0.0	28800	0.0	29700	0.0	30600	0.0	31500	0.0	32400	0.0	33300	0.0	34200	0.0	35100	0.0	36000	0.0
411	0	746.3478260869565	900	931.7910447761194	1800	551.2	2700	360.0	3600	0.0	4500	0.0	5400	0.0	6300	0.0	7200	0.0	8100	0.0	9000	0.0	9900	0.0	10800	0.0	11700	0.0	12600	0.0	13500	0.0	14400	0.0	15300	0.0	16200	0.0	17100	0.0	18000	0.0	18900	0.0	19800	0.0	20700	0.0	21600	0.0	22500	0.0	23400	0.0	24300	0.0	25200	0.0	26100	0.0	27000	0.0	27900	0.0	28800	0.0	29700	0.0	30600	0.0	31500	0.0	32400	0.0	33300	0.0	34200	0.0	35100	0.0	36000	0.0
901010	0	70.9271523178808	900	219.03340757238308	1800	10.0	2700	0.0	3600	0.0	4500	0.0	5400	0.0	6300	0.0	7200	0.0	8100	0.0	9000	0.0	9900	0.0	10800	0.0	11700	0.0	12600	0.0	13500	0.0	14400	0.0	15300	0.0	16200	0.0	17100	0.0	18000	0.0	18900	0.0	19800	0.0	20700	0.0	21600	0.0	22500	0.0	23400	0.0	24300	0.0	25200	0.0	26100	0.0	27000	0.0	27900	0.0	28800	0.0	29700	0.0	30600	0.0	31500	0.0	32400	0.0	33300	0.0	34200	0.0	35100	0.0	36000	0.0
2215	0	185.06024096385542	900	190.6595744680851	1800	180.36144578313252	2700	180.0	3600	0.0	4500	0.0	5400	0.0	6300	0.0	7200	0.0	8100	0.0	9000	0.0	9900	0.0	10800	0.0	11700	0.0	12600	0.0	13500	0.0	14400	0.0	15300	0.0	16200	0.0	17100	0.0	18000	0.0	18900	0.0	19800	0.0	20700	0.0	21600	0.0	22500	0.0	23400	0.0	24300	0.0	25200	0.0	26100	0.0	27000	0.0	27900	0.0	28800	0.0	29700	0.0	30600	0.0	31500	0.0	32400	0.0	33300	0.0	34200	0.0	35100	0.0	36000	0.0
90022	0	7.35	900	7.35	1800	0.0	2700	0.0	3600	0.0	4500	0.0	5400	0.0	6300	0.0	7200	0.0	8100	0.0	9000	0.0	9900	0.0	10800	0.0	11700	0.0	12600	0.0	13500	0.0	14400	0.0	15300	0.0	16200	0.0	17100	0.0	18000	0.0	18900	0.0	19800	0.0	20700	0.0	21600	0.0	22500	0.0	23400	0.0	24300	0.0	25200	0.0	26100	0.0	27000	0.0	27900	0.0	28800	0.0	29700	0.0	30600	0.0	31500	0.0	32400	0.0	33300	0.0	34200	0.0	35100	0.0	36000	0.0
168	0	309.2413793103448	900	308.0470588235294	1800	303.2432432432432	2700	304.1666666666667	3600	302.0	4500	301.8	5400	300.0	6300	0.0	7200	0.0	8100	0.0	9000	0.0	9900	0.0	10800	0.0	11700	0.0	12600	0.0	13500	0.0	14400	0.0	15300	0.0	16200	0.0	17100	0.0	18000	0.0	18900	0.0	19800	0.0	20700	0.0	21600	0.0	22500	0.0	23400	0.0	24300	0.0	25200	0.0	26100	0.0	27000	0.0	27900	0.0	28800	0.0	29700	0.0	30600	0.0	31500	0.0	32400	0.0	33300	0.0	34200	0.0	35100	0.0	36000	0.0
2220	0	302.03225806451616	900	302.14925373134326	1800	300.0	2700	0.0	3600	0.0	4500	0.0	5400	0.0	6300	0.0	7200	0.0	8100	0.0	9000	0.0	9900	0.0	10800	0.0	11700	0.0	12600	0.0	13500	0.0	14400	0.0	15300	0.0	16200	0.0	17100	0.0	18000	0.0	18900	0.0	19800	0.0	20700	0.0	21600	0.0	22500	0.0	23400	0.0	24300	0.0	25200	0.0	26100	0.0	27000	0.0	27900	0.0	28800	0.0	29700	0.0	30600	0.0	31500	0.0	32400	0.0	33300	0.0	34200	0.0	35100	0.0	36000	0.0
2221	0	138.16438356164383	900	433.16129032258067	1800	400.62295081967216	2700	120.75	3600	120.0	4500	0.0	5400	0.0	6300	0.0	7200	0.0	8100	0.0	9000	0.0	9900	0.0	10800	0.0	11700	0.0	12600	0.0	13500	0.0	14400	0.0	15300	0.0	16200	0.0	17100	0.0	18000	0.0	18900	0.0	19800	0.0	20700	0.0	21600	0.0	22500	0.0	23400	0.0	24300	0.0	25200	0.0	26100	0.0	27000	0.0	27900	0.0	28800	0.0	29700	0.0	30600	0.0	31500	0.0	32400	0.0	33300	0.0	34200	0.0	35100	0.0	36000	0.0
1710	0	0.0	900	0.0	1800	0.0	2700	0.0	3600	0.0	4500	0.0	5400	0.0	6300	0.0	7200	0.0	8100	0.0	9000	0.0	9900	0.0	10800	0.0	11700	0.0	12600	0.0	13500	0.0	14400	0.0	15300	0.0	16200	0.0	17100	0.0	18000	0.0	18900	0.0	19800	0.0	20700	0.0	21600	0.0	22500	0.0	23400	0.0	24300	0.0	25200	0.0	26100	0.0	27000	0.0	27900	0.0	28800	0.0	29700	0.0	30600	0.0	31500	0.0	32400	0.0	33300	0.0	34200	0.0	35100	0.0	36000	0.0
2223	0	260.9142857142857	900	256.94117647058823	1800	247.3953488372093	2700	241.0	3600	240.0	4500	0.0	5400	0.0	6300	0.0	7200	0.0	8100	0.0	9000	0.0	9900	0.0	10800	0.0	11700	0.0	12600	0.0	13500	0.0	14400	0.0	15300	0.0	16200	0.0	17100	0.0	18000	0.0	18900	0.0	19800	0.0	20700	0.0	21600	0.0	22500	0.0	23400	0.0	24300	0.0	25200	0.0	26100	0.0	27000	0.0	27900	0.0	28800	0.0	29700	0.0	30600	0.0	31500	0.0	32400	0.0	33300	0.0	34200	0.0	35100	0.0	36000	0.0
90033	0	6.0	900	6.0	1800	0.0	2700	0.0	3600	0.0	4500	0.0	5400	0.0	6300	0.0	7200	0.0	8100	0.0	9000	0.0	9900	0.0	10800	0.0	11700	0.0	12600	0.0	13500	0.0	14400	0.0	15300	0.0	16200	0.0	17100	0.0	18000	0.0	18900	0.0	19800	0.0	20700	0.0	21600	0.0	22500	0.0	23400	0.0	24300	0.0	25200	0.0	26100	0.0	27000	0.0	27900	0.0	28800	0.0	29700	0.0	30600	0.0	31500	0.0	32400	0.0	33300	0.0	34200	0.0	35100	0.0	36000	0.0
1519015	0	6.0	900	6.0	1800	6.0	2700	6.0	3600	6.0	4500	0.0	5400	0.0	6300	0.0	7200	0.0	8100	0.0	9000	0.0	9900	0.0	10800	0.0	11700	0.0	12600	0.0	13500	0.0	14400	0.0	15300	0.0	16200	0.0	17100	0.0	18000	0.0	18900	0.0	19800	0.0	20700	0.0	21600	0.0	22500	0.0	23400	0.0	24300	0.0	25200	0.0	26100	0.0	27000	0.0	27900	0.0	28800	0.0	29700	0.0	30600	0.0	31500	0.0	32400	0.0	33300	0.0	34200	0.0	35100	0.0	36000	0.0
1716	0	170.40983606557376	900	368.26771653543307	1800	261.1818181818182	2700	122.06896551724138	3600	121.7	4500	121.45161290322581	5400	121.2	6300	0.0	7200	0.0	8100	0.0	9000	0.0	9900	0.0	10800	0.0	11700	0.0	12600	0.0	13500	0.0	14400	0.0	15300	0.0	16200	0.0	17100	0.0	18000	0.0	18900	0.0	19800	0.0	20700	0.0	21600	0.0	22500	0.0	23400	0.0	24300	0.0	25200	0.0	26100	0.0	27000	0.0	27900	0.0	28800	0.0	29700	0.0	30600	0.0	31500	0.0	32400	0.0	33300	0.0	34200	0.0	35100	0.0	36000	0.0
1719	0	150.35	900	203.35	1800	235.28925619834712	2700	160.54545454545453	3600	123.6	4500	0.0	5400	0.0	6300	0.0	7200	0.0	8100	0.0	9000	0.0	9900	0.0	10800	0.0	11700	0.0	12600	0.0	13500	0.0	14400	0.0	15300	0.0	16200	0.0	17100	0.0	18000	0.0	18900	0.0	19800	0.0	20700	0.0	21600	0.0	22500	0.0	23400	0.0	24300	0.0	25200	0.0	26100	0.0	27000	0.0	27900	0.0	28800	0.0	29700	0.0	30600	0.0	31500	0.0	32400	0.0	33300	0.0	34200	0.0	35100	0.0	36000	0.0
901818	0	6.130434782608695	900	6.0	1800	6.0	2700	0.0	3600	0.0	4500	0.0	5400	0.0	6300	0.0	7200	0.0	8100	0.0	9000	0.0	9900	0.0	10800	0.0	11700	0.0	12600	0.0	13500	0.0	14400	0.0	15300	0.0	16200	0.0	17100	0.0	18000	0.0	18900	0.0	19800	0.0	20700	0.0	21600	0.0	22500	0.0	23400	0.0	24300	0.0	25200	0.0	26100	0.0	27000	0.0	27900	0.0	28800	0.0	29700	0.0	30600	0.0	31500	0.0	32400	0.0	33300	0.0	34200	0.0	35100	0.0	36000	0.0
419004	0	6.0	900	6.0	1800	6.0	2700	6.0	3600	6.0	4500	0.0	5400	0.0	6300	0.0	7200	0.0	8100	0.0	9000	0.0	9900	0.0	10800	0.0	11700	0.0	12600	0.0	13500	0.0	14400	0.0	15300	0.0	16200	0.0	17100	0.0	18000	0.0	18900	0.0	19800	0.0	20700	0.0	21600	0.0	22500	0.0	23400	0.0	24300	0.0	25200	0.0	26100	0.0	27000	0.0	27900	0.0	28800	0.0	29700	0.0	30600	0.0	31500	0.0	32400	0.0	33300	0.0	34200	0.0	35100	0.0	36000	0.0
1211	0	1056.439024390244	900	1529.123595505618	1800	1356.0	2700	0.0	3600	0.0	4500	0.0	5400	0.0	6300	0.0	7200	0.0	8100	0.0	9000	0.0	9900	0.0	10800	0.0	11700	0.0	12600	0.0	13500	0.0	14400	0.0	15300	0.0	16200	0.0	17100	0.0	18000	0.0	18900	0.0	19800	0.0	20700	0.0	21600	0.0	22500	0.0	23400	0.0	24300	0.0	25200	0.0	26100	0.0	27000	0.0	27900	0.0	28800	0.0	29700	0.0	30600	0.0	31500	0.0	32400	0.0	33300	0.0	34200	0.0	35100	0.0	36000	0.0
187	0	120.28571428571429	900	120.76	1800	120.41379310344827	2700	120.0	3600	120.0	4500	120.0	5400	120.0	6300	0.0	7200	0.0	8100	0.0	9000	0.0	9900	0.0	10800	0.0	11700	0.0	12600	0.0	13500	0.0	14400	0.0	15300	0.0	16200	0.0	17100	0.0	18000	0.0	18900	0.0	19800	0.0	20700	0.0	21600	0.0	22500	0.0	23400	0.0	24300	0.0	25200	0.0	26100	0.0	27000	0.0	27900	0.0	28800	0.0	29700	0.0	30600	0.0	31500	0.0	32400	0.0	33300	0.0	34200	0.0	35100	0.0	36000	0.0
1213	0	182.88	900	182.03305785123968	1800	180.24	2700	180.0	3600	180.0	4500	0.0	5400	0.0	6300	0.0	7200	0.0	8100	0.0	9000	0.0	9900	0.0	10800	0.0	11700	0.0	12600	0.0	13500	0.0	14400	0.0	15300	0.0	16200	0.0	17100	0.0	18000	0.0	18900	0.0	19800	0.0	20700	0.0	21600	0.0	22500	0.0	23400	0.0	24300	0.0	25200	0.0	26100	0.0	27000	0.0	27900	0.0	28800	0.0	29700	0.0	30600	0.0	31500	0.0	32400	0.0	33300	0.0	34200	0.0	35100	0.0	36000	0.0
90044	0	8.051282051282051	900	7.6173913043478265	1800	0.0	2700	0.0	3600	0.0	4500	0.0	5400	0.0	6300	0.0	7200	0.0	8100	0.0	9000	0.0	9900	0.0	10800	0.0	11700	0.0	12600	0.0	13500	0.0	14400	0.0	15300	0.0	16200	0.0	17100	0.0	18000	0.0	18900	0.0	19800	0.0	20700	0.0	21600	0.0	22500	0.0	23400	0.0	24300	0.0	25200	0.0	26100	0.0	27000	0.0	27900	0.0	28800	0.0	29700	0.0	30600	0.0	31500	0.0	32400	0.0	33300	0.0	34200	0.0	35100	0.0	36000	0.0
902323	0	11.538461538461538	900	10.675862068965516	1800	12.0	2700	0.0	3600	0.0	4500	0.0	5400	0.0	6300	0.0	7200	0.0	8100	0.0	9000	0.0	9900	0.0	10800	0.0	11700	0.0	12600	0.0	13500	0.0	14400	0.0	15300	0.0	16200	0.0	17100	0.0	18000	0.0	18900	0.0	19800	0.0	20700	0.0	21600	0.0	22500	0.0	23400	0.0	24300	0.0	25200	0.0	26100	0.0	27000	0.0	27900	0.0	28800	0.0	29700	0.0	30600	0.0	31500	0.0	32400	0.0	33300	0.0	34200	0.0	35100	0.0	36000	0.0
90055	0	6.096774193548387	900	6.2	1800	6.0	2700	0.0	3600	0.0	4500	0.0	5400	0.0	6300	0.0	7200	0.0	8100	0.0	9000	0.0	9900	0.0	10800	0.0	11700	0.0	12600	0.0	13500	0.0	14400	0.0	15300	0.0	16200	0.0	17100	0.0	18000	0.0	18900	0.0	19800	0.0	20700	0.0	21600	0.0	22500	0.0	23400	0.0	24300	0.0	25200	0.0	26100	0.0	27000	0.0	27900	0.0	28800	0.0	29700	0.0	30600	0.0	31500	0.0	32400	0.0	33300	0.0	34200	0.0	35100	0.0	36000	0.0
901313	0	7.014084507042254	900	7.094594594594595	1800	6.0	2700	0.0	3600	0.0	4500	0.0	5400	0.0	6300	0.0	7200	0.0	8100	0.0	9000	0.0	9900	0.0	10800	0.0	11700	0.0	12600	0.0	13500	0.0	14400	0.0	15300	0.0	16200	0.0	17100	0.0	18000	0.0	18900	0.0	19800	0.0	20700	0.0	21600	0.0	22500	0.0	23400	0.0	24300	0.0	25200	0.0	26100	0.0	27000	0.0	27900	0.0	28800	0.0	29700	0.0	30600	0.0	31500	0.0	32400	0.0	33300	0.0	34200	0.0	35100	0.0	36000	0.0
718	0	120.14173228346456	900	120.08888888888889	1800	120.0	2700	120.0	3600	0.0	4500	0.0	5400	0.0	6300	0.0	7200	0.0	8100	0.0	9000	0.0	9900	0.0	10800	0.0	11700	0.0	12600	0.0	13500	0.0	14400	0.0	15300	0.0	16200	0.0	17100	0.0	18000	0.0	18900	0.0	19800	0.0	20700	0.0	21600	0.0	22500	0.0	23400	0.0	24300	0.0	25200	0.0	26100	0.0	27000	0.0	27900	0.0	28800	0.0	29700	0.0	30600	0.0	31500	0.0	32400	0.0	33300	0.0	34200	0.0	35100	0.0	36000	0.0
2019020	0	6.0	900	6.0	1800	6.0	2700	6.0	3600	6.0	4500	0.0	5400	0.0	6300	0.0	7200	0.0	8100	0.0	9000	0.0	9900	0.0	10800	0.0	11700	0.0	12600	0.0	13500	0.0	14400	0.0	15300	0.0	16200	0.0	17100	0.0	18000	0.0	18900	0.0	19800	0.0	20700	0.0	21600	0.0	22500	0.0	23400	0.0	24300	0.0	25200	0.0	26100	0.0	27000	0.0	27900	0.0	28800	0.0	29700	0.0	30600	0.0	31500	0.0	32400	0.0	33300	0.0	34200	0.0	35100	0.0	36000	0.0
90066	0	9.307692307692308	900	10.831168831168831	1800	0.0	2700	0.0	3600	0.0	4500	0.0	5400	0.0	6300	0.0	7200	0.0	8100	0.0	9000	0.0	9900	0.0	10800	0.0	11700	0.0	12600	0.0	13500	0.0	14400	0.0	15300	0.0	16200	0.0	17100	0.0	18000	0.0	18900	0.0	19800	0.0	20700	0.0	21600	0.0	22500	0.0	23400	0.0	24300	0.0	25200	0.0	26100	0.0	27000	0.0	27900	0.0	28800	0.0	29700	0.0	30600	0.0	31500	0.0	32400	0.0	33300	0.0	34200	0.0	35100	0.0	36000	0.0
1219012	0	6.0	900	6.0	1800	6.0	2700	6.0	3600	6.0	4500	0.0	5400	0.0	6300	0.0	7200	0.0	8100	0.0	9000	0.0	9900	0.0	10800	0.0	11700	0.0	12600	0.0	13500	0.0	14400	0.0	15300	0.0	16200	0.0	17100	0.0	18000	0.0	18900	0.0	19800	0.0	20700	0.0	21600	0.0	22500	0.0	23400	0.0	24300	0.0	25200	0.0	26100	0.0	27000	0.0	27900	0.0	28800	0.0	29700	0.0	30600	0.0	31500	0.0	32400	0.0	33300	0.0	34200	0.0	35100	0.0	36000	0.0
119001	0	6.0	900	6.0	1800	6.0	2700	6.0	3600	6.0	4500	0.0	5400	0.0	6300	0.0	7200	0.0	8100	0.0	9000	0.0	9900	0.0	10800	0.0	11700	0.0	12600	0.0	13500	0.0	14400	0.0	15300	0.0	16200	0.0	17100	0.0	18000	0.0	18900	0.0	19800	0.0	20700	0.0	21600	0.0	22500	0.0	23400	0.0	24300	0.0	25200	0.0	26100	0.0	27000	0.0	27900	0.0	28800	0.0	29700	0.0	30600	0.0	31500	0.0	32400	0.0	33300	0.0	34200	0.0	35100	0.0	36000	0.0
90077	0	6.545454545454546	900	8.15	1800	0.0	2700	0.0	3600	0.0	4500	0.0	5400	0.0	6300	0.0	7200	0.0	8100	0.0	9000	0.0	9900	0.0	10800	0.0	11700	0.0	12600	0.0	13500	0.0	14400	0.0	15300	0.0	16200	0.0	17100	0.0	18000	0.0	18900	0.0	19800	0.0	20700	0.0	21600	0.0	22500	0.0	23400	0.0	24300	0.0	25200	0.0	26100	0.0	27000	0.0	27900	0.0	28800	0.0	29700	0.0	30600	0.0	31500	0.0	32400	0.0	33300	0.0	34200	0.0	35100	0.0	36000	0.0
2018	0	240.05128205128204	900	240.0	1800	240.0	2700	240.0	3600	0.0	4500	0.0	5400	0.0	6300	0.0	7200	0.0	8100	0.0	9000	0.0	9900	0.0	10800	0.0	11700	0.0	12600	0.0	13500	0.0	14400	0.0	15300	0.0	16200	0.0	17100	0.0	18000	0.0	18900	0.0	19800	0.0	20700	0.0	21600	0.0	22500	0.0	23400	0.0	24300	0.0	25200	0.0	26100	0.0	27000	0.0	27900	0.0	28800	0.0	29700	0.0	30600	0.0	31500	0.0	32400	0.0	33300	0.0	34200	0.0	35100	0.0	36000	0.0
2019	0	261.1764705882353	900	249.42857142857142	1800	0.0	2700	0.0	3600	0.0	4500	0.0	5400	0.0	6300	0.0	7200	0.0	8100	0.0	9000	0.0	9900	0.0	10800	0.0	11700	0.0	12600	0.0	13500	0.0	14400	0.0	15300	0.0	16200	0.0	17100	0.0	18000	0.0	18900	0.0	19800	0.0	20700	0.0	21600	0.0	22500	0.0	23400	0.0	24300	0.0	25200	0.0	26100	0.0	27000	0.0	27900	0.0	28800	0.0	29700	0.0	30600	0.0	31500	0.0	32400	0.0	33300	0.0	34200	0.0	35100	0.0	36000	0.0
902121	0	8.196428571428571	900	9.079646017699115	1800	0.0	2700	0.0	3600	0.0	4500	0.0	5400	0.0	6300	0.0	7200	0.0	8100	0.0	9000	0.0	9900	0.0	10800	0.0	11700	0.0	12600	0.0	13500	0.0	14400	0.0	15300	0.0	16200	0.0	17100	0.0	18000	0.0	18900	0.0	19800	0.0	20700	0.0	21600	0.0	22500	0.0	23400	0.0	24300	0.0	25200	0.0	26100	0.0	27000	0.0	27900	0.0	28800	0.0	29700	0.0	30600	0.0	31500	0.0	32400	0.0	33300	0.0	34200	0.0	35100	0.0	36000	0.0
2021	0	365.3076923076923	900	368.1818181818182	1800	360.0	2700	0.0	3600	0.0	4500	0.0	5400	0.0	6300	0.0	7200	0.0	8100	0.0	9000	0.0	9900	0.0	10800	0.0	11700	0.0	12600	0.0	13500	0.0	14400	0.0	15300	0.0	16200	0.0	17100	0.0	18000	0.0	18900	0.0	19800	0.0	20700	0.0	21600	0.0	22500	0.0	23400	0.0	24300	0.0	25200	0.0	26100	0.0	27000	0.0	27900	0.0	28800	0.0	29700	0.0	30600	0.0	31500	0.0	32400	0.0	33300	0.0	34200	0.0	35100	0.0	36000	0.0
1510	0	360.0	900	360.0	1800	360.0	2700	0.0	3600	0.0	4500	0.0	5400	0.0	6300	0.0	7200	0.0	8100	0.0	9000	0.0	9900	0.0	10800	0.0	11700	0.0	12600	0.0	13500	0.0	14400	0.0	15300	0.0	16200	0.0	17100	0.0	18000	0.0	18900	0.0	19800	0.0	20700	0.0	21600	0.0	22500	0.0	23400	0.0	24300	0.0	25200	0.0	26100	0.0	27000	0.0	27900	0.0	28800	0.0	29700	0.0	30600	0.0	31500	0.0	32400	0.0	33300	0.0	34200	0.0	35100	0.0	36000	0.0
2022	0	312.1764705882353	900	321.1914893617021	1800	302.11764705882354	2700	300.0	3600	0.0	4500	0.0	5400	0.0	6300	0.0	7200	0.0	8100	0.0	9000	0.0	9900	0.0	10800	0.0	11700	0.0	12600	0.0	13500	0.0	14400	0.0	15300	0.0	16200	0.0	17100	0.0	18000	0.0	18900	0.0	19800	0.0	20700	0.0	21600	0.0	22500	0.0	23400	0.0	24300	0.0	25200	0.0	26100	0.0	27000	0.0	27900	0.0	28800	0.0	29700	0.0	30600	0.0	31500	0.0	32400	0.0	33300	0.0	34200	0.0	35100	0.0	36000	0.0
90088	0	29.381818181818183	900	38.73053892215569	1800	0.0	2700	0.0	3600	0.0	4500	0.0	5400	0.0	6300	0.0	7200	0.0	8100	0.0	9000	0.0	9900	0.0	10800	0.0	11700	0.0	12600	0.0	13500	0.0	14400	0.0	15300	0.0	16200	0.0	17100	0.0	18000	0.0	18900	0.0	19800	0.0	20700	0.0	21600	0.0	22500	0.0	23400	0.0	24300	0.0	25200	0.0	26100	0.0	27000	0.0	27900	0.0	28800	0.0	29700	0.0	30600	0.0	31500	0.0	32400	0.0	33300	0.0	34200	0.0	35100	0.0	36000	0.0
1514	0	302.16	900	301.125	1800	304.2857142857143	2700	300.85714285714283	3600	0.0	4500	0.0	5400	0.0	6300	0.0	7200	0.0	8100	0.0	9000	0.0	9900	0.0	10800	0.0	11700	0.0	12600	0.0	13500	0.0	14400	0.0	15300	0.0	16200	0.0	17100	0.0	18000	0.0	18900	0.0	19800	0.0	20700	0.0	21600	0.0	22500	0.0	23400	0.0	24300	0.0	25200	0.0	26100	0.0	27000	0.0	27900	0.0	28800	0.0	29700	0.0	30600	0.0	31500	0.0	32400	0.0	33300	0.0	34200	0.0	35100	0.0	36000	0.0
1519	0	866.7721518987341	900	1389.974358974359	1800	1402.0344827586207	2700	593.1428571428571	3600	0.0	4500	0.0	5400	0.0	6300	0.0	7200	0.0	8100	0.0	9000	0.0	9900	0.0	10800	0.0	11700	0.0	12600	0.0	13500	0.0	14400	0.0	15300	0.0	16200	0.0	17100	0.0	18000	0.0	18900	0.0	19800	0.0	20700	0.0	21600	0.0	22500	0.0	23400	0.0	24300	0.0	25200	0.0	26100	0.0	27000	0.0	27900	0.0	28800	0.0	29700	0.0	30600	0.0	31500	0.0	32400	0.0	33300	0.0	34200	0.0	35100	0.0	36000	0.0
919009	0	6.0	900	6.0	1800	6.0	2700	6.0	3600	6.0	4500	0.0	5400	0.0	6300	0.0	7200	0.0	8100	0.0	9000	0.0	9900	0.0	10800	0.0	11700	0.0	12600	0.0	13500	0.0	14400	0.0	15300	0.0	16200	0.0	17100	0.0	18000	0.0	18900	0.0	19800	0.0	20700	0.0	21600	0.0	22500	0.0	23400	0.0	24300	0.0	25200	0.0	26100	0.0	27000	0.0	27900	0.0	28800	0.0	29700	0.0	30600	0.0	31500	0.0	32400	0.0	33300	0.0	34200	0.0	35100	0.0	36000	0.0
1522	0	195.13907284768212	900	254.30973451327435	1800	250.74545454545455	2700	180.48648648648648	3600	180.0	4500	0.0	5400	0.0	6300	0.0	7200	0.0	8100	0.0	9000	0.0	9900	0.0	10800	0.0	11700	0.0	12600	0.0	13500	0.0	14400	0.0	15300	0.0	16200	0.0	17100	0.0	18000	0.0	18900	0.0	19800	0.0	20700	0.0	21600	0.0	22500	0.0	23400	0.0	24300	0.0	25200	0.0	26100	0.0	27000	0.0	27900	0.0	28800	0.0	29700	0.0	30600	0.0	31500	0.0	32400	0.0	33300	0.0	34200	0.0	35100	0.0	36000	0.0
90099	0	6.8789808917197455	900	6.6455696202531644	1800	6.0	2700	0.0	3600	0.0	4500	0.0	5400	0.0	6300	0.0	7200	0.0	8100	0.0	9000	0.0	9900	0.0	10800	0.0	11700	0.0	12600	0.0	13500	0.0	14400	0.0	15300	0.0	16200	0.0	17100	0.0	18000	0.0	18900	0.0	19800	0.0	20700	0.0	21600	0.0	22500	0.0	23400	0.0	24300	0.0	25200	0.0	26100	0.0	27000	0.0	27900	0.0	28800	0.0	29700	0.0	30600	0.0	31500	0.0	32400	0.0	33300	0.0	34200	0.0	35100	0.0	36000	0.0
1011	0	304.3137254901961	900	309.97714285714284	1800	300.52941176470586	2700	300.3333333333333	3600	300.0	4500	0.0	5400	0.0	6300	0.0	7200	0.0	8100	0.0	9000	0.0	9900	0.0	10800	0.0	11700	0.0	12600	0.0	13500	0.0	14400	0.0	15300	0.0	16200	0.0	17100	0.0	18000	0.0	18900	0.0	19800	0.0	20700	0.0	21600	0.0	22500	0.0	23400	0.0	24300	0.0	25200	0.0	26100	0.0	27000	0.0	27900	0.0	28800	0.0	29700	0.0	30600	0.0	31500	0.0	32400	0.0	33300	0.0	34200	0.0	35100	0.0	36000	0.0
1719017	0	6.0	900	6.0	1800	6.0	2700	6.0	3600	6.0	4500	6.0	5400	6.0	6300	0.0	7200	0.0	8100	0.0	9000	0.0	9900	0.0	10800	0.0	11700	0.0	12600	0.0	13500	0.0	14400	0.0	15300	0.0	16200	0.0	17100	0.0	18000	0.0	18900	0.0	19800	0.0	20700	0.0	21600	0.0	22500	0.0	23400	0.0	24300	0.0	25200	0.0	26100	0.0	27000	0.0	27900	0.0	28800	0.0	29700	0.0	30600	0.0	31500	0.0	32400	0.0	33300	0.0	34200	0.0	35100	0.0	36000	0.0
1015	0	361.8045112781955	900	360.7972027972028	1800	361.09090909090907	2700	0.0	3600	0.0	4500	0.0	5400	0.0	6300	0.0	7200	0.0	8100	0.0	9000	0.0	9900	0.0	10800	0.0	11700	0.0	12600	0.0	13500	0.0	14400	0.0	15300	0.0	16200	0.0	17100	0.0	18000	0.0	18900	0.0	19800	0.0	20700	0.0	21600	0.0	22500	0.0	23400	0.0	24300	0.0	25200	0.0	26100	0.0	27000	0.0	27900	0.0	28800	0.0	29700	0.0	30600	0.0	31500	0.0	32400	0.0	33300	0.0	34200	0.0	35100	0.0	36000	0.0
619006	0	6.0	900	6.0	1800	6.0	2700	6.0	3600	6.0	4500	6.0	5400	0.0	6300	0.0	7200	0.0	8100	0.0	9000	0.0	9900	0.0	10800	0.0	11700	0.0	12600	0.0	13500	0.0	14400	0.0	15300	0.0	16200	0.0	17100	0.0	18000	0.0	18900	0.0	19800	0.0	20700	0.0	21600	0.0	22500	0.0	23400	0.0	24300	0.0	25200	0.0	26100	0.0	27000	0.0	27900	0.0	28800	0.0	29700	0.0	30600	0.0	31500	0.0	32400	0.0	33300	0.0	34200	0.0	35100	0.0	36000	0.0
1016	0	339.9	900	627.5702479338843	1800	863.1074380165289	2700	627.75	3600	0.0	4500	0.0	5400	0.0	6300	0.0	7200	0.0	8100	0.0	9000	0.0	9900	0.0	10800	0.0	11700	0.0	12600	0.0	13500	0.0	14400	0.0	15300	0.0	16200	0.0	17100	0.0	18000	0.0	18900	0.0	19800	0.0	20700	0.0	21600	0.0	22500	0.0	23400	0.0	24300	0.0	25200	0.0	26100	0.0	27000	0.0	27900	0.0	28800	0.0	29700	0.0	30600	0.0	31500	0.0	32400	0.0	33300	0.0	34200	0.0	35100	0.0	36000	0.0
1017	0	0.0	900	0.0	1800	0.0	2700	0.0	3600	0.0	4500	0.0	5400	0.0	6300	0.0	7200	0.0	8100	0.0	9000	0.0	9900	0.0	10800	0.0	11700	0.0	12600	0.0	13500	0.0	14400	0.0	15300	0.0	16200	0.0	17100	0.0	18000	0.0	18900	0.0	19800	0.0	20700	0.0	21600	0.0	22500	0.0	23400	0.0	24300	0.0	25200	0.0	26100	0.0	27000	0.0	27900	0.0	28800	0.0	29700	0.0	30600	0.0	31500	0.0	32400	0.0	33300	0.0	34200	0.0	35100	0.0	36000	0.0
901111	0	11.590909090909092	900	16.194690265486727	1800	0.0	2700	0.0	3600	0.0	4500	0.0	5400	0.0	6300	0.0	7200	0.0	8100	0.0	9000	0.0	9900	0.0	10800	0.0	11700	0.0	12600	0.0	13500	0.0	14400	0.0	15300	0.0	16200	0.0	17100	0.0	18000	0.0	18900	0.0	19800	0.0	20700	0.0	21600	0.0	22500	0.0	23400	0.0	24300	0.0	25200	0.0	26100	0.0	27000	0.0	27900	0.0	28800	0.0	29700	0.0	30600	0.0	31500	0.0	32400	0.0	33300	0.0	34200	0.0	35100	0.0	36000	0.0
901616	0	352.83720930232556	900	823.9694656488549	1800	6.0	2700	0.0	3600	0.0	4500	0.0	5400	0.0	6300	0.0	7200	0.0	8100	0.0	9000	0.0	9900	0.0	10800	0.0	11700	0.0	12600	0.0	13500	0.0	14400	0.0	15300	0.0	16200	0.0	17100	0.0	18000	0.0	18900	0.0	19800	0.0	20700	0.0	21600	0.0	22500	0.0	23400	0.0	24300	0.0	25200	0.0	26100	0.0	27000	0.0	27900	0.0	28800	0.0	29700	0.0	30600	0.0	31500	0.0	32400	0.0	33300	0.0	34200	0.0	35100	0.0	36000	0.0
