7257	6	1.0	902424	2421	2122	2215	1510	1019010
7275	4	1.0	902424	2413	1312	1219012
7817	3	1.0	902424	2413	1319013
7581	5	1.0	902424	2421	2122	2215	1519015
8003	3	1.0	902424	2421	2119021
7437	4	1.0	902424	2421	2122	2219022
7557	3	1.0	902424	2423	2319023
7793	7	1.0	902424	2421	2120	2018	187	78	819008
8077	3	1.0	90011	12	219002
7259	3	1.0	90011	13	319003
7389	4	1.0	90011	13	34	419004
7939	4	1.0	90011	12	26	619006
7965	6	1.0	90011	12	26	68	87	719007
7807	5	1.0	90011	12	26	68	819008
7885	6	1.0	90011	13	34	45	59	919009
7303	7	1.0	90011	13	34	45	59	910	1019010
7703	5	1.0	90011	13	34	411	1119011
7973	4	1.0	90011	13	312	1219012
7651	5	1.0	90011	13	312	1213	1319013
7851	6	1.0	90011	13	34	411	1114	1419014
7717	7	1.0	90011	13	34	411	1114	1415	1519015
7775	6	1.0	90011	12	26	68	816	1619016
7847	7	1.0	90011	12	26	68	816	1617	1719017
7733	7	1.0	90011	12	26	68	87	718	1819018
7215	8	1.0	90011	12	26	68	816	1617	1719	1919019
7983	8	1.0	90011	12	26	68	87	718	1820	2019020
7977	7	1.0	90011	13	312	1213	1324	2421	2119021
7489	8	1.0	90011	13	312	1213	1324	2421	2122	2219022
7667	7	1.0	90011	13	312	1213	1324	2423	2319023
8027	6	1.0	90011	13	312	1213	1324	2419024
8005	3	1.0	90022	21	119001
7407	5	1.0	90022	26	65	54	419004
8089	3	1.0	90022	26	619006
7853	5	1.0	90022	26	68	87	719007
7471	4	1.0	90022	26	68	819008
7841	5	1.0	90022	26	65	59	919009
7893	6	1.0	90022	26	68	816	1610	1019010
7917	6	1.0	90022	26	65	54	411	1119011
7953	5	1.0	90022	21	13	312	1219012
8049	6	1.0	90022	21	13	312	1213	1319013
8007	7	1.0	90022	26	65	54	411	1114	1419014
8069	8	1.0	90022	26	68	816	1617	1719	1915	1519015
7241	5	1.0	90022	26	68	816	1619016
8023	6	1.0	90022	26	68	816	1617	1719017
8009	7	1.0	90022	26	68	816	1617	1719	1919019
7887	7	1.0	90022	26	68	87	718	1820	2019020
7263	8	1.0	90022	26	68	87	718	1820	2022	2219022
8073	3	1.0	90033	31	119001
7517	3	1.0	90033	34	419004
8067	5	1.0	90033	34	45	56	619006
7993	7	1.0	90033	34	45	56	68	87	719007
7921	6	1.0	90033	34	45	56	68	819008
8051	5	1.0	90033	34	45	59	919009
7427	6	1.0	90033	34	45	59	910	1019010
7607	4	1.0	90033	312	1211	1119011
7937	3	1.0	90033	312	1219012
7855	4	1.0	90033	312	1213	1319013
8083	5	1.0	90033	312	1211	1114	1419014
7949	6	1.0	90033	312	1211	1114	1415	1519015
7829	7	1.0	90033	34	45	56	68	816	1619016
8021	8	1.0	90033	34	45	56	68	816	1617	1719017
8039	7	1.0	90033	312	1213	1324	2421	2122	2219022
7767	6	1.0	90033	312	1213	1324	2423	2319023
7377	4	1.0	90044	43	31	119001
8029	5	1.0	90044	45	56	62	219002
8013	3	1.0	90044	43	319003
7753	4	1.0	90044	45	56	619006
8079	6	1.0	90044	45	56	68	87	719007
7305	5	1.0	90044	45	56	68	819008
7559	4	1.0	90044	45	59	919009
7217	5	1.0	90044	45	59	910	1019010
7849	3	1.0	90044	411	1119011
7203	4	1.0	90044	43	312	1219012
7409	5	1.0	90044	43	312	1213	1319013
7895	4	1.0	90044	411	1114	1419014
7725	5	1.0	90044	411	1114	1415	1519015
7659	6	1.0	90044	45	56	68	816	1619016
7463	7	1.0	90044	45	56	68	816	1617	1719017
7477	8	1.0	90044	45	56	68	816	1617	1719	1919019
7561	8	1.0	90044	45	56	68	87	718	1820	2019020
8063	7	1.0	90044	43	312	1213	1324	2421	2119021
7619	6	1.0	90044	411	1114	1423	2322	2219022
7317	5	1.0	90044	411	1114	1423	2319023
7639	6	1.0	90044	43	312	1213	1324	2419024
7419	4	1.0	90055	59	910	1019010
7359	5	1.0	90055	54	411	1114	1419014
7473	7	1.0	90055	59	910	1015	1522	2221	2119021
7741	4	1.0	90066	62	21	119001
7785	3	1.0	90066	62	219002
7727	5	1.0	90066	65	54	43	319003
8045	4	1.0	90066	65	54	419004
7777	4	1.0	90066	68	87	719007
7661	3	1.0	90066	68	819008
7987	4	1.0	90066	65	59	919009
7769	5	1.0	90066	68	816	1610	1019010
7879	5	1.0	90066	65	54	411	1119011
7589	6	1.0	90066	65	54	43	312	1219012
7957	7	1.0	90066	65	54	43	312	1213	1319013
7995	6	1.0	90066	65	54	411	1114	1419014
7745	7	1.0	90066	68	816	1617	1719	1915	1519015
7897	4	1.0	90066	68	816	1619016
7467	5	1.0	90066	68	816	1617	1719017
8059	6	1.0	90066	68	816	1617	1719	1919019
7697	6	1.0	90066	68	87	718	1820	2019020
7931	7	1.0	90066	68	87	718	1820	2021	2119021
7699	7	1.0	90066	68	87	718	1820	2022	2219022
8085	8	1.0	90066	68	87	718	1820	2022	2223	2319023
7521	8	1.0	90066	68	87	718	1820	2021	2124	2419024
8087	6	1.0	90077	78	86	62	21	119001
8019	5	1.0	90077	78	86	62	219002
7997	7	1.0	90077	78	86	65	54	43	319003
8057	6	1.0	90077	78	86	65	54	419004
7749	4	1.0	90077	78	86	619006
7251	3	1.0	90077	78	819008
8033	6	1.0	90077	718	1816	1610	109	919009
7269	5	1.0	90077	718	1816	1610	1019010
7577	6	1.0	90077	718	1816	1610	1011	1119011
8041	8	1.0	90077	78	86	65	54	43	312	1219012
7923	7	1.0	90077	718	1820	2021	2124	2413	1319013
7935	8	1.0	90077	718	1816	1617	1719	1915	1514	1419014
7391	7	1.0	90077	718	1816	1617	1719	1915	1519015
7277	4	1.0	90077	718	1816	1619016
7379	5	1.0	90077	718	1816	1617	1719017
7439	6	1.0	90077	718	1816	1617	1719	1919019
7219	4	1.0	90077	718	1820	2019020
7735	5	1.0	90077	718	1820	2021	2119021
7609	5	1.0	90077	718	1820	2022	2219022
8011	6	1.0	90077	718	1820	2022	2223	2319023
7689	5	1.0	90088	86	62	21	119001
7751	4	1.0	90088	86	62	219002
7963	6	1.0	90088	86	65	54	43	319003
7309	5	1.0	90088	86	65	54	419004
7319	4	1.0	90088	86	65	519005
7253	3	1.0	90088	86	619006
7631	3	1.0	90088	87	719007
7307	3	1.0	90088	89	919009
7837	4	1.0	90088	816	1610	1019010
7867	5	1.0	90088	816	1610	1011	1119011
7809	7	1.0	90088	86	65	54	43	312	1219012
7999	8	1.0	90088	86	65	54	43	312	1213	1319013
7881	7	1.0	90088	816	1617	1719	1915	1514	1419014
7613	6	1.0	90088	816	1617	1719	1915	1519015
7523	3	1.0	90088	816	1619016
7625	4	1.0	90088	816	1617	1719017
7681	5	1.0	90088	816	1617	1719	1919019
7221	5	1.0	90088	87	718	1820	2019020
7919	6	1.0	90088	87	718	1820	2021	2119021
7871	6	1.0	90088	87	718	1820	2022	2219022
7831	7	1.0	90088	87	718	1820	2022	2223	2319023
7695	7	1.0	90088	87	718	1820	2021	2124	2419024
7571	6	1.0	90099	95	54	43	31	119001
8031	5	1.0	90099	95	56	62	219002
7289	5	1.0	90099	95	54	43	319003
7687	4	1.0	90099	95	54	419004
7537	4	1.0	90099	95	56	619006
7479	6	1.0	90099	910	1016	1618	187	719007
7685	3	1.0	90099	98	819008
7321	3	1.0	90099	910	1019010
7291	4	1.0	90099	910	1011	1119011
8037	5	1.0	90099	910	1011	1112	1219012
7361	6	1.0	90099	910	1011	1112	1213	1319013
7821	5	1.0	90099	910	1011	1114	1419014
7959	4	1.0	90099	910	1015	1519015
7435	4	1.0	90099	910	1016	1619016
7333	5	1.0	90099	910	1016	1617	1719017
7943	6	1.0	90099	910	1016	1617	1719	1919019
7545	6	1.0	90099	910	1016	1618	1820	2019020
7573	6	1.0	90099	910	1015	1522	2221	2119021
7347	5	1.0	90099	910	1015	1522	2219022
7411	6	1.0	90099	910	1011	1114	1423	2319023
7899	7	1.0	90099	910	1015	1522	2221	2124	2419024
7323	7	1.0	901010	109	95	54	43	31	119001
7945	6	1.0	901010	1016	168	86	62	219002
7873	6	1.0	901010	109	95	54	43	319003
7627	5	1.0	901010	109	95	54	419004
7223	4	1.0	901010	109	95	519005
7441	5	1.0	901010	1016	168	86	619006
7677	5	1.0	901010	1016	1618	187	719007
7227	4	1.0	901010	1016	168	819008
7261	3	1.0	901010	109	919009
7249	3	1.0	901010	1011	1119011
7527	4	1.0	901010	1011	1112	1219012
7229	5	1.0	901010	1011	1112	1213	1319013
7335	4	1.0	901010	1011	1114	1419014
7739	3	1.0	901010	1015	1519015
7397	3	1.0	901010	1016	1619016
7293	4	1.0	901010	1016	1617	1719017
7325	5	1.0	901010	1016	1617	1719	1919019
7209	5	1.0	901010	1016	1618	1820	2019020
7783	5	1.0	901010	1015	1522	2221	2119021
7297	4	1.0	901010	1015	1522	2219022
7617	5	1.0	901010	1015	1522	2223	2319023
7629	6	1.0	901010	1015	1522	2221	2124	2419024
7339	5	1.0	901111	114	43	31	119001
7759	6	1.0	901111	114	45	56	62	219002
7715	4	1.0	901111	114	43	319003
7633	3	1.0	901111	114	419004
7547	5	1.0	901111	114	45	56	619006
7429	6	1.0	901111	1110	1016	1618	187	719007
7779	5	1.0	901111	1110	1016	168	819008
7491	4	1.0	901111	1110	109	919009
7205	3	1.0	901111	1110	1019010
7773	3	1.0	901111	1112	1219012
7341	4	1.0	901111	1112	1213	1319013
7443	3	1.0	901111	1114	1419014
7413	4	1.0	901111	1114	1415	1519015
7271	4	1.0	901111	1110	1016	1619016
7343	5	1.0	901111	1110	1016	1617	1719017
7529	5	1.0	901111	1114	1415	1519	1919019
7799	6	1.0	901111	1114	1415	1519	1920	2019020
7835	6	1.0	901111	1114	1423	2324	2421	2119021
7583	5	1.0	901111	1114	1415	1522	2219022
7331	4	1.0	901111	1114	1423	2319023
7369	5	1.0	901111	1114	1423	2324	2419024
7713	4	1.0	901212	123	31	119001
7863	5	1.0	901212	123	31	12	219002
8081	3	1.0	901212	123	319003
7455	4	1.0	901212	123	34	419004
7399	5	1.0	901212	123	34	45	519005
7501	6	1.0	901212	123	34	45	56	619006
7839	8	1.0	901212	123	34	45	56	68	87	719007
7691	7	1.0	901212	123	34	45	56	68	819008
7635	5	1.0	901212	1211	1110	109	919009
7237	4	1.0	901212	1211	1110	1019010
7623	3	1.0	901212	1211	1119011
7279	3	1.0	901212	1213	1319013
7493	4	1.0	901212	1211	1114	1419014
7985	5	1.0	901212	1211	1114	1415	1519015
7991	5	1.0	901212	1211	1110	1016	1619016
7585	6	1.0	901212	1211	1110	1016	1617	1719017
7621	6	1.0	901212	1211	1110	1016	1618	1819018
8015	6	1.0	901212	1211	1114	1415	1519	1919019
7743	6	1.0	901212	1213	1324	2421	2120	2019020
7611	5	1.0	901212	1213	1324	2421	2119021
7371	6	1.0	901212	1213	1324	2421	2122	2219022
7755	5	1.0	901212	1213	1324	2423	2319023
7955	4	1.0	901212	1213	1324	2419024
8001	5	1.0	901313	1312	123	31	119001
7719	6	1.0	901313	1312	123	31	12	219002
7519	4	1.0	901313	1312	123	319003
7281	5	1.0	901313	1312	123	34	419004
7905	7	1.0	901313	1312	123	34	45	56	619006
7833	7	1.0	901313	1324	2421	2120	2018	187	719007
7539	8	1.0	901313	1312	123	34	45	56	68	819008
7805	6	1.0	901313	1312	1211	1110	109	919009
7595	5	1.0	901313	1312	1211	1110	1019010
7349	4	1.0	901313	1312	1211	1119011
7231	3	1.0	901313	1312	1219012
7597	5	1.0	901313	1324	2423	2314	1419014
7503	6	1.0	901313	1324	2421	2122	2215	1519015
7701	6	1.0	901313	1312	1211	1110	1016	1619016
7637	8	1.0	901313	1324	2421	2122	2215	1519	1917	1719017
7857	7	1.0	901313	1324	2421	2122	2215	1519	1919019
7771	5	1.0	901313	1324	2421	2120	2019020
7827	4	1.0	901313	1324	2421	2119021
7283	5	1.0	901313	1324	2421	2122	2219022
7663	4	1.0	901313	1324	2423	2319023
7729	3	1.0	901313	1324	2419024
7351	6	1.0	901414	1411	1112	123	31	119001
7781	7	1.0	901414	1411	114	45	56	62	219002
7901	5	1.0	901414	1411	1112	123	319003
7875	4	1.0	901414	1411	114	419004
7911	6	1.0	901414	1411	114	45	56	619006
7665	8	1.0	901414	1415	1519	1917	1716	1618	187	719007
7615	7	1.0	901414	1415	1519	1917	1716	168	819008
7295	5	1.0	901414	1411	1110	109	919009
7705	4	1.0	901414	1411	1110	1019010
7565	3	1.0	901414	1411	1119011
7927	4	1.0	901414	1411	1112	1219012
7947	5	1.0	901414	1423	2324	2413	1319013
7525	3	1.0	901414	1415	1519015
7299	6	1.0	901414	1415	1519	1917	1716	1619016
7675	5	1.0	901414	1415	1519	1917	1719017
7883	4	1.0	901414	1415	1519	1919019
8035	5	1.0	901414	1415	1519	1920	2019020
7707	5	1.0	901414	1423	2324	2421	2119021
7709	4	1.0	901414	1415	1522	2219022
7211	3	1.0	901414	1423	2319023
7365	4	1.0	901414	1423	2324	2419024
7669	7	1.0	901515	1514	1411	1112	123	31	119001
8043	8	1.0	901515	1519	1917	1716	168	86	62	219002
7979	6	1.0	901515	1514	1411	1112	123	319003
7393	5	1.0	901515	1514	1411	114	419004
7981	7	1.0	901515	1519	1917	1716	168	86	619006
7967	7	1.0	901515	1519	1917	1716	1618	187	719007
7823	6	1.0	901515	1519	1917	1716	168	819008
7891	4	1.0	901515	1510	109	919009
7421	3	1.0	901515	1510	1019010
7311	4	1.0	901515	1514	1411	1119011
7593	5	1.0	901515	1514	1411	1112	1219012
7903	6	1.0	901515	1522	2221	2124	2413	1319013
7445	3	1.0	901515	1514	1419014
7353	5	1.0	901515	1519	1917	1716	1619016
7247	4	1.0	901515	1519	1917	1719017
7813	6	1.0	901515	1519	1917	1716	1618	1819018
7447	3	1.0	901515	1519	1919019
7909	4	1.0	901515	1519	1920	2019020
7913	4	1.0	901515	1522	2221	2119021
7549	3	1.0	901515	1522	2219022
7313	4	1.0	901515	1522	2223	2319023
8071	5	1.0	901515	1522	2221	2124	2419024
7859	6	1.0	901616	168	86	62	21	119001
7907	5	1.0	901616	168	86	62	219002
8025	7	1.0	901616	168	86	65	54	43	319003
7789	6	1.0	901616	168	86	65	54	419004
7563	4	1.0	901616	168	86	619006
7207	4	1.0	901616	1618	187	719007
7465	3	1.0	901616	168	819008
7757	4	1.0	901616	1610	109	919009
7395	3	1.0	901616	1610	1019010
7601	4	1.0	901616	1610	1011	1119011
7457	5	1.0	901616	1610	1011	1112	1219012
7403	6	1.0	901616	1610	1011	1112	1213	1319013
7811	6	1.0	901616	1617	1719	1915	1514	1419014
7591	5	1.0	901616	1617	1719	1915	1519015
7481	3	1.0	901616	1617	1719017
7265	3	1.0	901616	1618	1819018
7355	4	1.0	901616	1617	1719	1919019
7213	4	1.0	901616	1618	1820	2019020
7941	7	1.0	901616	1617	1719	1915	1522	2221	2119021
7449	6	1.0	901616	1617	1719	1915	1522	2219022
7509	7	1.0	901616	1617	1719	1915	1522	2223	2319023
7765	7	1.0	901717	1716	168	86	62	21	119001
7551	6	1.0	901717	1716	168	86	62	219002
7567	8	1.0	901717	1716	168	86	65	54	43	319003
7535	7	1.0	901717	1716	168	86	65	54	419004
7569	5	1.0	901717	1716	168	86	619006
7763	5	1.0	901717	1716	1618	187	719007
7495	4	1.0	901717	1716	168	819008
7483	5	1.0	901717	1716	1610	109	919009
7373	4	1.0	901717	1716	1610	1019010
7505	5	1.0	901717	1716	1610	1011	1119011
7243	6	1.0	901717	1716	1610	1011	1112	1219012
7415	8	1.0	901717	1719	1915	1522	2221	2124	2413	1319013
7233	5	1.0	901717	1719	1915	1514	1419014
7235	4	1.0	901717	1719	1915	1519015
7417	3	1.0	901717	1716	1619016
7553	3	1.0	901717	1719	1919019
7225	4	1.0	901717	1719	1920	2019020
7737	6	1.0	901717	1719	1915	1522	2221	2119021
7423	5	1.0	901717	1719	1915	1522	2219022
7387	6	1.0	901717	1719	1915	1522	2223	2319023
7431	7	1.0	901717	1719	1915	1522	2221	2124	2419024
7673	5	1.0	901818	1816	1610	109	919009
7425	6	1.0	901818	1816	1610	1011	1112	1219012
7587	7	1.0	901818	187	78	86	62	21	119001
7845	5	1.0	901818	1816	1617	1719	1919019
8061	8	1.0	901919	1917	1716	168	86	62	21	119001
7485	7	1.0	901919	1917	1716	168	86	62	219002
8017	8	1.0	901919	1917	1716	168	86	65	54	419004
8091	6	1.0	901919	1917	1716	168	86	619006
7327	6	1.0	901919	1917	1716	1618	187	719007
7459	5	1.0	901919	1917	1716	168	819008
7497	6	1.0	901919	1917	1716	1610	109	919009
7345	5	1.0	901919	1917	1716	1610	1019010
7721	5	1.0	901919	1915	1514	1411	1119011
7647	8	1.0	901919	1915	1522	2221	2124	2413	1312	1219012
7961	7	1.0	901919	1915	1522	2221	2124	2413	1319013
7711	4	1.0	901919	1915	1514	1419014
7513	3	1.0	901919	1915	1519015
7541	4	1.0	901919	1917	1716	1619016
7239	3	1.0	901919	1917	1719017
7643	3	1.0	901919	1920	2019020
7791	5	1.0	901919	1915	1522	2221	2119021
7603	4	1.0	901919	1915	1522	2219022
7815	5	1.0	901919	1915	1522	2223	2319023
7925	6	1.0	901919	1915	1522	2221	2124	2419024
7819	8	1.0	902020	2018	187	78	86	62	21	119001
7761	7	1.0	902020	2018	187	78	86	62	219002
7787	8	1.0	902020	2018	187	78	86	65	54	419004
7975	6	1.0	902020	2018	187	78	86	619006
7679	4	1.0	902020	2018	187	719007
7579	5	1.0	902020	2018	187	78	819008
7731	6	1.0	902020	2018	1816	1610	109	919009
7653	5	1.0	902020	2018	1816	1610	1019010
7951	6	1.0	902020	2019	1915	1514	1411	1119011
7989	6	1.0	902020	2021	2124	2413	1312	1219012
7929	5	1.0	902020	2021	2124	2413	1319013
7433	5	1.0	902020	2019	1915	1514	1419014
7401	4	1.0	902020	2019	1915	1519015
7357	4	1.0	902020	2018	1816	1619016
7337	4	1.0	902020	2019	1917	1719017
7543	3	1.0	902020	2019	1919019
7655	3	1.0	902020	2021	2119021
7199	3	1.0	902020	2022	2219022
7381	4	1.0	902020	2022	2223	2319023
7795	4	1.0	902020	2021	2124	2419024
8065	7	1.0	902121	2124	2413	1312	123	31	119001
7803	7	1.0	902121	2124	2413	1312	123	34	419004
7801	7	1.0	902121	2120	2018	187	78	86	619006
7861	5	1.0	902121	2120	2018	187	719007
7933	6	1.0	902121	2120	2018	187	78	819008
8053	6	1.0	902121	2122	2215	1510	109	919009
7451	5	1.0	902121	2122	2215	1510	1019010
7575	6	1.0	902121	2124	2423	2314	1411	1119011
7683	5	1.0	902121	2124	2413	1312	1219012
7915	4	1.0	902121	2124	2413	1319013
7499	5	1.0	902121	2124	2423	2314	1419014
7825	4	1.0	902121	2122	2215	1519015
7531	7	1.0	902121	2122	2215	1519	1917	1716	1619016
7511	6	1.0	902121	2122	2215	1519	1917	1719017
7869	5	1.0	902121	2122	2215	1519	1919019
7843	3	1.0	902121	2120	2019020
7405	3	1.0	902121	2122	2219022
7641	4	1.0	902121	2124	2423	2319023
7723	3	1.0	902121	2124	2419024
7657	8	1.0	902222	2221	2124	2413	1312	123	31	119001
8055	8	1.0	902222	2220	2018	187	78	86	62	219002
7383	7	1.0	902222	2221	2124	2413	1312	123	319003
7747	6	1.0	902222	2223	2314	1411	114	419004
7315	7	1.0	902222	2220	2018	187	78	86	619006
7267	5	1.0	902222	2220	2018	187	719007
7469	6	1.0	902222	2220	2018	187	78	819008
7507	5	1.0	902222	2215	1510	109	919009
7201	4	1.0	902222	2215	1510	1019010
7255	5	1.0	902222	2223	2314	1411	1119011
7797	6	1.0	902222	2221	2124	2413	1312	1219012
7645	5	1.0	902222	2221	2124	2413	1319013
7533	4	1.0	902222	2223	2314	1419014
7285	3	1.0	902222	2215	1519015
7693	6	1.0	902222	2215	1519	1917	1716	1619016
7287	5	1.0	902222	2215	1519	1917	1719017
7273	4	1.0	902222	2215	1519	1919019
7301	3	1.0	902222	2220	2019020
7245	3	1.0	902222	2221	2119021
7649	3	1.0	902222	2223	2319023
7367	4	1.0	902222	2221	2124	2419024
7671	7	1.0	902323	2324	2413	1312	123	31	119001
8047	6	1.0	902323	2324	2413	1312	123	319003
8075	5	1.0	902323	2314	1411	114	419004
7605	7	1.0	902323	2314	1411	114	45	56	619006
7971	6	1.0	902323	2322	2220	2018	187	719007
7865	7	1.0	902323	2322	2220	2018	187	78	819008
7889	6	1.0	902323	2314	1411	1110	109	919009
7461	5	1.0	902323	2314	1411	1110	1019010
7515	4	1.0	902323	2314	1411	1119011
7599	5	1.0	902323	2324	2413	1312	1219012
7475	4	1.0	902323	2324	2413	1319013
7555	3	1.0	902323	2314	1419014
7375	4	1.0	902323	2322	2215	1519015
7877	7	1.0	902323	2322	2215	1519	1917	1716	1619016
7385	6	1.0	902323	2322	2215	1519	1917	1719017
7363	5	1.0	902323	2322	2220	2018	1819018
7487	5	1.0	902323	2322	2215	1519	1919019
7969	4	1.0	902323	2322	2220	2019020
7453	4	1.0	902323	2324	2421	2119021
7329	3	1.0	902323	2322	2219022
