5993	7199
6359	7201
432	7203
2727	7205
4399	7207
2461	7209
3887	7211
4762	7213
149	7215
373	7217
1018	7219
1343	7221
1810	7223
5214	7225
1886	7227
2187	7229
3469	7231
5059	7233
5091	7235
3153	7237
5575	7239
5997	7199
229	7241
5037	7243
5594	7239
6656	7245
4134	7247
6657	7245
2033	7249
843	7251
1124	7253
6410	7255
7082	7257
4	7259
1944	7261
252	7263
4707	7265
6312	7267
896	7269
2059	7249
2922	7271
6310	7267
6596	7273
7110	7275
956	7277
1021	7219
3212	7279
3367	7281
3589	7283
6411	7255
6481	7285
6569	7287
1406	7289
1557	7291
2377	7293
3671	7295
1023	7219
2528	7297
3790	7299
4760	7213
5581	7239
6632	7301
56	7303
348	7305
1178	7307
1080	7309
4049	7311
4313	7313
6300	7315
251	7263
532	7317
1091	7319
1475	7321
1714	7323
2437	7325
5433	7327
7008	7329
2738	7205
3032	7331
1652	7333
2207	7335
2726	7205
5925	7337
5935	7337
2619	7339
2840	7341
2947	7343
4747	7213
4776	7213
5453	7345
5934	7337
1690	7347
3436	7349
3590	7283
3632	7351
4094	7353
4394	7207
4739	7355
5863	7357
1456	7321
630	7359
850	7251
1587	7361
1889	7227
2081	7249
3466	7231
6958	7363
3903	7365
6744	7367
1553	7291
3055	7369
3314	7371
4980	7373
5995	7199
6898	7375
317	7377
987	7379
1345	7221
2068	7249
3885	7211
6027	7381
6284	7383
6934	7385
5295	7387
7080	7257
8	7389
929	7391
1476	7321
3925	7393
4044	7311
4538	7395
1941	7261
2343	7397
3112	7399
3197	7279
5064	7233
5842	7401
2841	7341
4628	7403
6212	7405
180	7407
442	7409
1699	7411
2897	7413
5043	7415
5141	7417
5293	7387
6488	7285
573	7419
3998	7421
4623	7403
5253	7423
5383	7425
6677	7245
272	7427
1341	7221
2181	7229
2666	7429
4136	7247
5209	7225
5313	7431
5835	7433
1628	7435
2440	7325
3110	7399
5262	7423
7169	7437
1008	7439
1118	7253
1861	7441
1955	7261
2871	7443
4082	7445
4099	7353
4183	7447
4824	7449
6087	7451
7000	7453
3084	7455
4616	7457
5437	7459
4398	7207
4537	7395
4710	7265
6801	7461
495	7463
1457	7321
4444	7465
784	7467
1809	7223
3995	7421
6324	7469
4958	7373
189	7471
649	7473
3361	7281
6860	7475
503	7477
990	7379
1433	7479
2071	7249
2715	7205
4681	7481
4949	7483
5093	7235
5422	7485
5884	7357
1866	7441
2034	7249
6971	7487
159	7489
443	7409
1181	7307
2691	7491
3103	7399
3253	7493
6352	7201
6419	7255
3460	7231
3902	7365
4927	7495
5218	7225
5444	7497
6128	7499
3125	7501
3530	7503
4174	7447
4510	7395
5213	7225
4525	7395
4972	7373
5019	7505
5573	7239
6340	7507
2346	7397
4664	7481
4849	7509
6168	7511
2728	7205
5520	7513
6829	7515
259	7517
3357	7519
5996	7199
819	7521
4501	7395
6325	7469
1271	7523
2063	7249
3773	7525
2154	7527
2687	7491
5290	7387
5886	7357
494	7463
841	7251
2467	7209
2972	7529
2974	7529
5090	7235
6152	7531
6464	7533
2334	7397
3673	7295
4885	7535
1427	7537
2954	7343
3028	7331
3389	7539
4531	7395
5553	7541
5590	7239
2523	7297
5965	7543
1673	7545
2660	7547
4254	7549
4748	7213
4756	7213
4868	7551
5177	7553
5265	7423
6873	7555
6940	7385
7187	7557
357	7559
509	7561
2758	7205
4372	7563
5044	7415
6412	7255
3720	7565
4877	7567
4894	7569
7182	7557
857	7251
1395	7571
2862	7443
493	7463
1481	7321
2179	7229
1632	7435
1681	7573
1911	7261
6105	7575
376	7217
2382	7293
2434	7325
908	7577
4402	7207
4758	7213
4376	7563
4448	7465
5738	7579
7018	7329
7140	7581
7166	7437
3008	7583
3279	7585
5334	7587
6329	7469
745	7589
4654	7591
1717	7323
4061	7593
4676	7481
230	7241
1951	7261
3792	7299
6025	7381
2517	7297
3414	7595
3522	7597
6847	7599
4594	7601
5654	7603
6883	7555
2043	7249
6773	7605
279	7607
1046	7609
3309	7611
4845	7509
5651	7603
1247	7613
2524	7297
3663	7615
6327	7469
7136	7581
2578	7617
3968	7421
5734	7579
521	7619
1248	7613
51	7303
3286	7621
5652	7603
5882	7357
429	7203
1434	7479
3180	7623
4105	7353
4440	7465
4771	7213
6499	7285
6666	7245
6941	7385
1311	7625
1768	7627
2603	7629
4674	7481
1155	7631
1926	7261
2641	7633
2753	7205
4048	7311
6480	7285
1762	7627
3143	7635
3416	7595
3552	7637
3977	7421
537	7639
942	7277
3052	7369
6253	7641
6496	7285
6665	7245
1096	7319
4081	7445
5627	7643
6443	7645
6835	7515
1626	7435
5489	7647
1914	7261
4682	7481
6716	7649
96	7651
2371	7293
2570	7617
2923	7271
4737	7355
4125	7247
5883	7357
3464	7231
5785	7653
5984	7655
6272	7657
4717	7265
5999	7199
571	7419
3104	7399
3113	7399
3723	7565
3727	7565
5740	7579
480	7659
698	7661
2729	7205
3601	7663
3658	7665
167	7667
1806	7223
3911	7669
4626	7403
6757	7671
6877	7555
1115	7253
5355	7673
3812	7675
1877	7677
2690	7491
4583	7601
4597	7601
5712	7679
1327	7681
1814	7223
2180	7229
6085	7451
6111	7683
1441	7685
1808	7223
4319	7313
6560	7287
6997	7453
6999	7453
1413	7687
2441	7325
4063	7593
6214	7405
6717	7649
1065	7689
1753	7627
1922	7261
2383	7293
4374	7563
4883	7535
6995	7453
546	7419
3136	7691
6170	7511
6531	7693
6616	7301
2920	7271
4187	7447
4826	7449
3984	7421
6708	7649
7168	7437
1387	7695
2580	7617
3811	7675
4175	7447
1144	7631
798	7697
809	7699
3085	7455
3541	7701
71	7703
550	7419
3681	7705
3848	7707
3856	7709
4185	7447
4450	7465
5499	7711
5873	7357
6622	7301
2863	7443
3066	7713
4513	7395
1428	7537
2037	7249
2634	7715
2874	7443
3471	7231
4740	7355
5548	7541
1468	7321
1807	7223
6372	7201
114	7717
1116	7253
1461	7321
1946	7261
2567	7617
2465	7209
3353	7719
5136	7417
6379	7201
6597	7273
5482	7721
6268	7723
1334	7221
1472	7321
467	7725
3665	7615
5524	7513
431	7203
3316	7371
3857	7709
2431	7325
5866	7357
6308	7267
2206	7335
3479	7231
5452	7345
5508	7513
6155	7531
674	7727
1490	7321
1817	7223
3620	7729
5765	7731
6669	7245
139	7733
1016	7219
1041	7735
6374	7201
6078	7451
6620	7301
7083	7257
428	7203
1624	7435
2393	7293
4738	7355
5236	7737
5745	7579
2267	7739
6112	7683
668	7741
1338	7221
1790	7223
50	7303
4705	7265
3174	7623
3304	7743
5982	7655
6153	7531
559	7419
1479	7321
2153	7527
3434	7349
5357	7673
5625	7643
760	7745
952	7277
5115	7417
6623	7301
1098	7319
2736	7205
6710	7649
7078	7257
3877	7211
4766	7213
847	7251
985	7379
1451	7321
1758	7627
2838	7341
3151	7237
6288	7747
190	7471
1919	7261
3480	7231
4624	7403
5182	7553
5515	7513
832	7749
1069	7751
334	7753
743	7589
1936	7261
4264	7549
2521	7297
3325	7755
5547	7541
3067	7713
1452	7321
3277	7585
94	7651
851	7251
3179	7623
3358	7519
4491	7757
2599	7629
6850	7599
95	7651
332	7753
2628	7759
4650	7591
5685	7761
950	7277
1416	7687
2658	7547
3138	7691
3719	7565
5775	7653
5981	7655
2381	7293
3107	7399
4407	7207
4535	7395
4908	7763
894	7269
1559	7291
2074	7249
4858	7765
308	7767
723	7769
3568	7771
7066	7257
2042	7249
4137	7247
5513	7513
6494	7285
6905	7375
7074	7257
2821	7773
3037	7331
3657	7665
119	7775
684	7777
818	7521
2268	7739
2277	7739
2679	7779
1761	7627
5258	7423
5519	7513
5841	7401
6833	7515
1558	7291
3636	7781
4587	7601
374	7217
6673	7245
4123	7247
4750	7213
5960	7543
632	7359
986	7379
1141	7631
2156	7527
2490	7783
2646	7633
2330	7397
3411	7595
6226	7405
2257	7739
6413	7255
672	7785
2926	7271
5259	7423
6126	7499
6495	7285
6563	7287
2946	7343
5546	7541
5692	7787
6881	7555
1759	7627
5777	7653
6169	7511
2816	7773
4362	7789
4678	7481
5374	7425
5640	7791
6664	7245
7049	7793
6039	7795
6431	7797
2986	7799
3218	7279
6056	7801
6884	7555
1411	7687
3631	7351
3855	7709
3983	7421
4266	7549
4273	7549
6052	7803
3402	7805
6001	7199
36	7807
558	7419
1013	7219
3198	7279
7022	7329
1226	7809
5125	7417
1298	7625
1879	7677
165	7667
2710	7205
4639	7811
846	7251
2443	7325
2506	7297
2601	7629
3200	7279
3777	7525
4158	7813
4458	7465
427	7203
2085	7249
5116	7417
5666	7815
7123	7817
7159	7437
5555	7541
1493	7321
6089	7451
6444	7645
5681	7819
34	7807
1957	7261
5763	7731
7073	7257
988	7379
3193	7279
5711	7679
621	7359
1494	7321
1562	7291
2516	7297
2847	7341
11	7389
781	7467
2876	7443
5480	7721
1151	7631
5315	7431
1598	7821
4490	7757
6667	7245
7121	7817
648	7473
1409	7687
3670	7295
3944	7823
4943	7483
6135	7825
6878	7555
2091	7249
3157	7237
4586	7601
4752	7213
6082	7451
6215	7405
1674	7545
3580	7827
5668	7815
5717	7679
6628	7301
2073	7249
4967	7373
5591	7239
6876	7555
7011	7329
293	7829
3682	7705
3178	7623
3991	7421
4190	7447
4613	7457
6083	7451
722	7769
1890	7227
3875	7211
4251	7549
4267	7549
5128	7417
5556	7541
696	7661
1381	7831
1496	7321
1754	7627
4670	7481
3384	7833
3969	7421
943	7277
1147	7631
2373	7293
3001	7835
4532	7395
6831	7515
1465	7321
1860	7441
3413	7595
744	7589
2239	7739
4925	7495
1196	7837
3209	7279
4946	7483
4765	7213
5719	7679
2486	7783
5963	7543
6799	7461
5241	7737
1802	7223
1933	7261
2617	7339
3205	7279
4314	7313
4541	7395
1720	7323
2718	7205
2870	7443
5875	7357
166	7667
2070	7249
3131	7839
3518	7597
4716	7265
5219	7225
4585	7601
5772	7653
3038	7331
3415	7595
3538	7701
5138	7417
5881	7357
5962	7543
142	7733
4866	7551
1388	7695
1823	7223
4530	7395
5076	7235
7188	7557
194	7841
444	7409
3437	7349
6309	7267
7019	7329
1261	7523
1820	7223
2711	7205
3368	7281
5932	7337
6633	7301
1560	7291
530	7317
2668	7429
6192	7843
2342	7397
3322	7755
4534	7395
6028	7381
5397	7845
5478	7721
6023	7381
132	7847
1187	7837
1477	7321
2530	7297
2688	7491
3467	7231
4486	7757
5206	7225
5966	7543
409	7849
1339	7221
2898	7413
3622	7729
544	7419
2483	7783
5709	7679
6311	7267
6533	7693
108	7851
693	7661
186	7853
845	7251
4386	7207
5086	7235
891	7269
2493	7783
835	7749
1934	7261
2331	7397
6	7389
3572	7771
5379	7425
5405	7845
285	7855
2970	7529
3144	7635
3458	7231
3564	7857
4339	7859
4617	7457
3054	7369
3417	7595
3793	7299
1048	7609
1266	7523
3542	7701
4098	7353
6060	7861
3079	7863
4337	7859
4517	7395
5130	7417
6785	7865
12	7389
1917	7261
2957	7343
4128	7247
5743	7579
6223	7405
1648	7333
5624	7643
5983	7655
360	7559
1484	7321
3569	7771
4882	7535
4387	7207
4679	7481
5088	7235
6447	7645
1213	7867
2030	7249
2633	7715
2737	7205
3000	7835
4485	7757
5351	7673
6183	7869
6746	7367
2905	7413
3007	7583
3770	7525
7071	7257
508	7561
959	7277
1959	7261
5186	7553
1191	7837
1366	7871
3778	7525
4449	7465
5212	7225
6882	7555
7053	7793
1742	7873
3290	7621
1713	7323
2514	7297
3217	7279
3252	7493
3644	7875
2639	7633
3664	7615
3882	7211
5135	7417
4400	7207
6917	7877
1079	7309
1824	7223
2161	7527
2439	7325
2505	7297
736	7879
1241	7881
1818	7223
2213	7335
5593	7239
6561	7287
1246	7613
3883	7211
4930	7495
6433	7797
1367	7871
1438	7685
1752	7627
6301	7315
1625	7435
1862	7441
3679	7705
6532	7693
6856	7475
496	7463
1051	7609
2397	7293
5185	7553
6487	7285
1804	7223
2078	7249
2900	7413
3980	7421
540	7639
3725	7565
6534	7693
1432	7479
2732	7205
4928	7495
6113	7683
350	7305
1265	7523
3971	7421
5585	7239
6828	7515
5078	7235
5327	7587
410	7849
2468	7209
6678	7245
2579	7617
6156	7531
6449	7645
7012	7329
7106	7275
1369	7871
1864	7441
2899	7413
5455	7345
6704	7649
941	7277
3825	7883
3860	7709
1370	7871
1701	7411
4646	7591
5306	7431
6197	7843
761	7745
4096	7353
6213	7405
5742	7579
43	7885
1426	7537
2158	7527
7138	7581
246	7887
685	7777
3053	7369
3539	7701
4977	7373
5016	7505
6794	7889
651	7473
2264	7739
3688	7705
6289	7747
1891	7227
4157	7813
4261	7549
4965	7373
6492	7285
2245	7739
2689	7491
3922	7393
5511	7513
5874	7357
6134	7825
1156	7631
4901	7763
5014	7505
5766	7731
6302	7315
6834	7515
3958	7891
5554	7541
196	7893
460	7895
6373	7201
7117	7817
3006	7583
3691	7705
4443	7465
4947	7483
797	7697
381	7217
768	7897
1940	7261
4533	7395
4651	7591
1258	7523
3477	7231
2695	7491
6129	7499
1552	7291
2255	7739
3623	7729
5328	7587
6676	7245
954	7277
3973	7421
4884	7535
5870	7357
6857	7475
6879	7555
3776	7525
631	7359
1707	7899
3642	7901
5184	7553
5648	7603
782	7467
4070	7903
6956	7363
3379	7905
3923	7393
6631	7301
7185	7557
382	7217
384	7217
3946	7823
4769	7213
5680	7819
294	7829
482	7659
655	7473
2618	7339
2678	7779
4347	7907
3086	7455
4212	7909
4668	7481
6805	7461
3362	7281
5576	7239
2254	7739
2462	7209
1599	7821
1927	7261
2210	7335
3982	7421
4192	7447
7075	7257
2708	7205
1960	7261
3201	7279
247	7887
2242	7739
3624	7729
129	7847
1865	7441
2271	7739
3876	7211
5582	7239
5653	7603
1094	7319
1464	7321
2246	7739
3970	7421
5352	7673
5646	7603
1471	7321
3621	7729
3652	7911
6299	7315
461	7895
856	7251
951	7277
955	7277
1306	7625
2345	7397
6209	7405
2742	7205
4359	7789
4974	7373
5780	7653
6458	7533
3713	7565
1895	7227
2576	7617
3392	7539
2217	7335
4068	7903
4238	7913
4506	7395
5332	7587
138	7733
4103	7353
6266	7723
1805	7223
4345	7907
6120	7915
6599	7273
208	7917
860	7251
3862	7709
5518	7513
5890	7357
2089	7249
2463	7209
3607	7663
459	7895
1800	7223
3475	7231
6378	7201
1362	7919
5782	7653
1931	7261
4508	7395
5382	7425
265	7921
1408	7687
6826	7515
4921	7495
5521	7513
10	7389
555	7419
918	7923
1415	7687
1965	7261
3439	7349
7009	7329
931	7391
1687	7347
2269	7739
5710	7679
2157	7527
2973	7529
4453	7465
4948	7483
5187	7553
5676	7925
2951	7343
4164	7813
6830	7515
2661	7547
3751	7927
3797	7299
6051	7803
7021	7329
385	7217
430	7203
1588	7361
5266	7423
6193	7843
6218	7405
2642	7633
7120	7817
7167	7437
140	7733
531	7317
570	7419
701	7661
765	7897
5509	7513
2065	7249
3154	7237
6139	7825
2251	7739
4263	7549
3476	7231
4046	7311
4077	7445
5310	7431
6809	7461
1812	7223
5248	7423
5823	7929
6462	7533
3630	7351
3712	7565
6291	7747
6535	7693
3556	7637
1113	7253
1152	7631
2260	7739
3323	7755
4736	7355
7067	7257
4268	7549
547	7419
2083	7249
3441	7349
5877	7357
6418	7255
405	7849
1792	7223
7077	7257
1189	7837
3194	7279
6722	7649
806	7931
1474	7321
2054	7249
4969	7373
5626	7643
2259	7739
2860	7443
5061	7233
6064	7933
6832	7515
378	7217
799	7697
923	7935
2159	7527
529	7317
3106	7399
3989	7421
4860	7765
5551	7541
283	7937
5058	7233
6713	7649
2276	7739
2488	7783
3956	7891
22	7939
2667	7429
4397	7207
4593	7601
6703	7649
7084	7257
2258	7739
3090	7455
4214	7909
4815	7941
5941	7337
6040	7795
3111	7399
3752	7927
4520	7395
1075	7309
1119	7253
1662	7943
2209	7335
2270	7739
3419	7595
3553	7637
6221	7405
478	7659
5376	7425
2714	7205
4821	7449
5587	7239
5938	7337
6004	7199
6748	7367
6861	7475
1486	7321
3551	7637
4761	7213
5460	7345
2186	7229
2484	7783
4395	7207
5892	7357
1734	7945
1874	7677
2036	7249
2252	7739
3762	7947
5249	7423
1193	7837
2604	7629
4131	7247
4340	7859
4773	7213
1346	7221
3814	7675
4191	7447
5183	7553
1651	7333
2050	7249
3132	7839
3456	7231
4768	7213
5940	7337
697	7661
909	7577
291	7949
5254	7423
5735	7579
290	7949
4262	7549
5805	7951
5872	7357
6491	7285
6952	7363
6973	7487
1049	7609
2072	7249
4396	7207
5783	7653
6542	7693
3035	7331
3482	7231
6361	7201
44	7885
212	7953
1706	7899
1920	7261
3152	7237
4961	7373
5588	7239
2062	7249
2329	7397
3332	7955
4248	7549
5350	7673
749	7957
1262	7523
1607	7959
1721	7323
5237	7737
5578	7239
6793	7889
695	7661
1458	7321
2575	7617
313	7377
4217	7909
5493	7961
5806	7951
1908	7261
2430	7325
3579	7827
4527	7395
5375	7425
49	7303
3109	7399
3794	7299
4960	7373
5123	7417
5577	7239
5620	7643
5650	7603
6104	7575
7026	7329
23	7939
411	7849
983	7379
3753	7927
4827	7449
5888	7357
6369	7201
1073	7963
5057	7233
5083	7235
5210	7225
6783	7865
1664	7943
123	7775
1022	7219
1380	7831
1801	7223
4503	7395
4515	7395
5454	7345
29	7965
471	7725
1140	7631
3938	7967
6106	7575
549	7419
2178	7229
1799	7223
2265	7739
2349	7397
5402	7845
5512	7513
426	7203
1120	7253
1214	7867
3360	7281
3904	7365
5308	7431
7119	7817
949	7277
3581	7827
3586	7283
6211	7405
6985	7969
5622	7643
6006	7199
6356	7201
228	7241
4360	7789
6157	7531
1123	7253
2741	7205
3433	7349
5432	7327
6776	7971
77	7973
5700	7975
157	7977
1192	7837
3012	7583
4770	7213
1329	7681
3919	7979
4124	7247
6671	7245
1090	7319
1718	7323
2734	7205
3591	7283
6747	7367
5238	7737
6415	7255
6900	7375
946	7277
3932	7981
6482	7285
6920	7877
3936	7967
4669	7481
2385	7293
2950	7343
5639	7791
6705	7649
1305	7625
3011	7583
6779	7971
7068	7257
1487	7321
1609	7959
1612	7959
2518	7297
3363	7281
4667	7481
4715	7265
4735	7355
5848	7401
7189	7557
4714	7265
6800	7461
1087	7319
1949	7261
3884	7211
6478	7285
6539	7693
447	7409
2730	7205
2845	7341
5586	7239
5746	7579
1586	7361
5139	7417
7024	7329
151	7983
1276	7523
3016	7583
3259	7985
5330	7587
359	7559
1145	7631
1336	7221
2928	7271
4039	7311
5849	7401
6568	7287
1700	7411
1755	7627
4944	7483
6916	7877
309	7767
727	7769
1689	7347
2971	7529
5507	7513
6625	7301
2190	7229
4959	7373
715	7987
5817	7989
6849	7599
750	7957
2079	7249
2438	7325
2988	7799
700	7661
1491	7321
1663	7943
4135	7247
6621	7301
957	7277
1095	7319
1397	7571
2048	7249
3266	7991
4677	7481
5113	7417
5250	7423
5887	7357
6634	7301
2244	7739
2485	7783
2750	7205
4237	7913
4489	7757
6103	7575
6151	7531
7081	7257
153	7983
855	7251
2087	7249
2512	7297
5240	7737
5929	7337
6222	7405
6858	7475
1007	7439
1307	7625
1398	7571
1462	7321
4962	7373
6921	7877
2680	7779
4346	7907
7070	7257
1605	7959
1613	7959
3365	7281
6957	7363
1439	7685
2212	7335
2387	7293
4255	7549
992	7379
2391	7293
3478	7231
4277	7549
4893	7569
6536	7693
1760	7627
2817	7773
6323	7469
1894	7227
4278	7549
1263	7523
2693	7491
4317	7313
5826	7929
7137	7581
1708	7899
3761	7947
4511	7395
2643	7633
4847	7509
5570	7239
5589	7239
1906	7261
3251	7493
4437	7465
893	7269
1015	7219
4945	7483
5998	7199
654	7473
4075	7445
505	7477
1372	7871
5552	7541
1876	7677
3051	7369
5140	7417
1180	7307
2049	7249
2347	7397
5644	7603
6996	7453
4121	7247
4455	7465
767	7897
263	7993
6058	7861
6479	7285
756	7995
1953	7261
826	7997
1767	7627
3529	7503
3653	7911
4409	7207
4881	7535
5747	7579
1194	7837
2279	7739
3465	7231
4126	7247
1916	7261
2337	7397
991	7379
1231	7999
2340	7397
3390	7539
5980	7655
6029	7381
6435	7797
315	7377
2084	7249
3342	8001
5112	7417
5117	7417
5450	7345
7105	7275
7152	8003
4216	7909
177	8005
1097	7319
3555	7637
3602	7663
3685	7705
4080	7445
6493	7285
2163	7527
1893	7227
2720	7205
3391	7539
4180	7447
4484	7757
5122	7417
2390	7293
4127	7247
6461	7533
910	7577
3146	7635
5667	7815
221	8007
2956	7343
6366	7201
6564	7287
6714	7649
1554	7291
1892	7227
2278	7739
2761	7205
3976	7421
2069	7249
3410	7595
5693	7787
5928	7337
5778	7653
6715	7649
7135	7581
1368	7871
6979	7969
244	8009
2386	7293
4528	7395
5869	7357
7052	7793
1058	8011
1907	7261
5584	7239
724	7769
2432	7325
2982	7799
4767	7213
5779	7653
6707	7649
115	7717
699	7661
2596	7629
5843	7401
6267	7723
1631	7435
4371	7563
5845	7401
5865	7357
557	7419
5445	7497
6778	7971
4215	7909
6575	7287
3015	7583
3354	7719
3563	7857
7055	7793
2056	7249
2712	7205
3444	7349
4906	7763
5127	7417
5143	7417
5451	7345
329	8013
3299	8015
3846	7707
5348	7673
2676	7779
5424	8017
6784	7865
57	7303
824	8019
4647	7591
388	7217
1485	7321
2077	7249
2725	7205
6465	7533
300	8021
519	7619
1025	7219
5036	7243
6307	7267
6460	7533
6846	7599
1928	7261
2509	7297
3341	8001
4040	7311
4252	7549
629	7359
3034	7331
4259	7549
5120	7417
6712	7649
622	7359
1158	7631
3161	7237
3474	7231
4759	7213
239	8023
2755	7205
4516	7395
3678	7705
4352	8025
5706	7679
4777	7213
5583	7239
7046	7793
958	7277
2629	7759
173	8027
316	7377
1143	7631
5021	7505
5891	7357
7017	7329
735	7879
2273	7739
2372	7293
1757	7627
3254	7493
5825	7929
6357	7201
863	7251
470	7725
575	7419
3684	7705
3796	7299
5647	7603
2869	7443
5406	7845
6663	7245
477	7659
657	7473
2917	7271
3481	7231
4097	7353
1716	7323
2864	7443
3694	7705
892	7269
5924	7337
327	8029
1326	7681
1404	8031
1921	7261
2051	7249
3715	7565
6322	7469
3985	7421
4596	7601
4649	7591
4822	7449
6541	7693
6981	7969
887	8033
1733	7945
3305	7743
4182	7447
4981	7373
2522	7297
4405	7207
5372	7425
6723	7649
445	7409
1766	7627
2219	7335
2573	7617
3717	7565
3813	7675
4753	7213
5288	7387
5708	7679
1478	7321
2185	7229
2519	7297
2754	7205
5781	7653
1794	7223
1924	7261
2492	7783
2677	7779
5048	7415
5623	7643
5669	7815
92	7651
3176	7623
4356	7789
4673	7481
4859	7765
5714	7679
1233	7999
1736	7945
5354	7673
380	7217
3947	7823
3716	7565
3826	7883
4814	7941
1198	7837
3078	7863
5399	7845
6792	7889
808	7699
3485	7231
3834	8035
4218	7909
5930	7337
6219	7405
1627	7435
6827	7515
6365	7201
6772	7605
83	7973
3203	7279
4385	7207
1114	7253
2464	7209
3268	7991
5846	7401
6434	7797
7025	7329
1963	7261
2031	7249
2919	7271
2396	7293
2903	7413
5498	7711
6360	7201
1577	8037
2086	7249
2744	7205
5868	7357
6658	7245
2155	7527
3324	7755
305	8039
914	8041
1763	7627
5312	7431
5378	7425
5690	7787
1225	7809
3680	7705
3759	7947
5461	7345
5701	7975
6067	7933
2877	7443
4133	7247
3730	7565
580	7419
3208	7279
4487	7757
3288	7621
3916	8043
5517	7513
3521	7597
5522	7513
54	7303
766	7897
1798	7223
3686	7705
890	7269
3215	7279
3520	7597
5784	7653
6227	7405
6252	7641
553	7419
1647	7333
3554	7637
677	8045
679	8045
2243	7739
3443	7349
3837	8035
1344	7221
1042	7735
3343	8001
4076	7445
548	7419
2526	7297
2826	7773
3806	7675
3769	7525
4219	7909
5264	7423
771	7897
1967	7261
5056	7233
6080	7451
4665	7481
565	7419
687	7777
4920	7495
5038	7243
3847	7707
4441	7465
4876	7567
5081	7235
5309	7431
6363	7201
1751	7627
4823	7449
55	7303
989	7379
2055	7249
5089	7235
335	7753
833	7749
1382	7831
2266	7739
2696	7491
3207	7279
5175	7553
6137	7825
2436	7325
2724	7205
3158	7237
1024	7219
2697	7491
237	8023
907	7577
3196	7279
4406	7207
5260	7423
42	7885
2709	7205
2975	7529
4483	7757
5880	7357
1670	7545
6343	7507
3692	7705
3775	7525
3202	7279
3693	7705
4519	7395
4529	7395
5216	7225
6627	7301
6859	7475
6972	7487
30	7965
161	7489
562	7419
6808	7461
6984	7969
930	7391
6848	7599
4258	7549
6002	7199
2820	7773
3603	7663
207	7917
737	7879
1473	7321
2924	7271
5425	8017
6721	7649
1121	7253
4392	7207
4895	7569
6339	7507
6375	7201
6786	7865
280	7607
686	7777
2064	7249
2348	7397
4408	7207
6171	7511
738	7879
3199	7279
5580	7239
6763	8047
318	7377
2748	7205
3606	7663
5371	7425
6603	7273
1962	7261
3219	7279
4454	7465
4680	7481
5133	7417
6806	7461
356	7559
2902	7413
4505	7395
4757	7213
5834	7433
122	7775
216	8049
3009	7583
5961	7543
6969	7487
936	7277
6037	7795
6065	7933
3472	7231
2038	7249
2848	7341
2949	7343
3461	7231
4978	7373
1070	7751
2253	7739
4106	7353
5181	7553
6618	7301
5803	7951
6501	7285
406	7849
6600	7273
2241	7739
1821	7223
2925	7271
4975	7373
1440	7685
1952	7261
53	7303
314	7377
1179	7307
1497	7321
1938	7261
1303	7625
1688	7347
2177	7229
2333	7397
566	7419
626	7359
1450	7321
1555	7291
2569	7617
3267	7991
3750	7927
3945	7823
4830	7449
5286	7387
6005	7199
6484	7285
113	7717
413	7849
1086	7319
1216	7867
2904	7413
3285	7621
3835	8035
4358	7789
6526	7693
5809	7951
5878	7357
1735	7945
1750	7627
4524	7395
4813	7941
5456	7345
6118	7915
751	7957
6483	7285
1685	7347
2216	7335
2238	7739
3646	7875
4922	7495
5142	7417
1611	7959
6377	7201
567	7419
1803	7223
4233	7913
6138	7825
6477	7285
755	7995
1556	7291
269	8051
274	7427
560	7419
1308	7625
3978	7421
6489	7285
2380	7293
2987	7799
2989	7799
4043	7311
2598	7629
3364	7281
3954	7891
4439	7465
4640	7811
5571	7239
5964	7543
783	7467
810	7699
5179	7553
6140	7825
414	7849
1050	7609
4438	7465
2435	7325
3345	8001
3771	7525
4584	7601
895	7269
2211	7335
4069	7903
4181	7447
7013	7329
7	7389
652	7473
2621	7339
3760	7947
5523	7513
6024	7381
349	7305
3063	7713
3588	7283
5188	7553
6073	8053
2035	7249
2075	7249
2374	7293
6617	7301
3315	7371
7015	7329
7151	8003
1009	7439
1878	7677
3728	7565
2164	7527
2640	7633
4247	7549
4504	7395
5457	7345
5463	7345
5967	7543
6983	7969
7051	7793
7161	7437
1273	7523
1460	7321
1937	7261
2600	7629
4186	7447
6497	7285
82	7973
1950	7261
5500	7711
2061	7249
5804	7951
1267	7523
4964	7373
6278	8055
81	7973
3214	7279
4445	7465
6802	7461
7162	7437
172	8027
449	7409
829	8057
3013	7583
6088	7451
9	7389
1756	7627
1815	7223
3261	7985
6207	7405
6863	7475
7186	7557
3540	7701
4957	7373
446	7409
577	7419
2644	7633
346	7305
3724	7565
5377	7425
5381	7425
6194	7843
6565	7287
2442	7325
2955	7343
4447	7465
5373	7425
5862	7357
2489	7783
3195	7279
3774	7525
4401	7207
522	7619
523	7619
2376	7293
3662	7615
6577	7287
6986	7969
2344	7397
5077	7235
6196	7843
2047	7249
4907	7763
6326	7469
6936	7385
198	7893
563	7419
1488	7321
1888	7227
2249	7739
2389	7293
3031	7331
3317	7371
3880	7211
5087	7235
5969	7543
1443	7685
3959	7891
4713	7265
7065	7257
304	8039
1371	7871
3275	7585
4968	7373
5085	7235
793	8059
1195	7837
5649	7603
6570	7287
6661	7245
861	7251
1059	8011
1863	7441
2067	7249
3159	7237
3340	8001
3638	7781
3974	7421
3399	7805
6923	7877
41	7885
1342	7221
2694	7491
3366	7281
3999	7421
4084	7445
5046	7415
6880	7555
6922	7877
407	7849
3859	7709
6442	7645
1148	7631
1956	7261
2459	7209
2861	7443
4892	7569
6290	7747
6566	7287
786	7467
1309	7625
2160	7527
2388	7293
4393	7207
6954	7363
1078	7309
2875	7443
4512	7395
7010	7329
130	7847
412	7849
925	7935
1360	7919
2332	7397
3175	7623
3571	7771
4825	7449
4919	7495
886	8033
2627	7759
2846	7341
3608	7663
7184	7557
2743	7205
3377	7905
4671	7481
5691	7787
859	7251
3726	7565
3912	7669
5844	7401
6417	7255
2261	7739
2745	7205
3065	7713
5349	7673
6172	7511
556	7419
2218	7335
2508	7297
2568	7617
3683	7705
5022	7505
6376	7201
4718	7265
5263	7423
6279	8055
7079	7257
171	8027
299	8021
3014	7583
4256	7549
4979	7373
5431	7327
6127	7499
6208	7405
6538	7693
6540	7693
6576	7287
1680	7573
4389	7207
5331	7587
383	7217
714	7987
1064	7689
4591	7601
6918	7877
479	7659
920	7923
1403	8031
3827	7883
5252	7423
1816	7223
4361	7789
5744	7579
6485	7285
1466	7321
1482	7321
2248	7739
2535	7297
2746	7205
5645	7603
5936	7337
6459	7533
844	7251
1499	7321
2470	7209
4249	7549
4436	7465
5018	7505
5786	7653
2929	7271
4250	7549
4929	7495
6258	7641
948	7277
3874	7211
4179	7447
6225	7405
924	7935
2433	7325
6720	7649
181	7407
5020	7505
5400	7845
6528	7693
1302	7625
2531	7297
5132	7417
5818	7989
1712	7323
4751	7213
769	7897
1020	7219
5479	7721
6749	7367
852	7251
4684	7481
6811	7461
828	8057
2844	7341
3808	7675
4711	7265
3994	7421
4213	7909
4518	7395
2184	7229
2256	7739
3092	7455
3609	7663
5251	7423
6292	7747
295	7829
576	7419
2339	7397
6567	7287
483	7659
539	7639
4926	7495
5401	7845
6181	7869
5217	7225
5335	7587
5358	7673
6038	7795
6602	7273
121	7775
137	7733
702	7661
5819	7989
6980	7969
1217	7867
2818	7773
3287	7621
3656	7665
4062	7593
6344	7507
624	7359
1264	7523
2577	7617
2719	7205
3400	7805
5291	7387
5939	7337
2751	7205
3221	7279
3809	7675
3886	7211
4312	7313
5420	8061
6321	7469
481	7659
1089	7319
1240	7881
4857	7765
6573	7287
6970	7487
1935	7261
3975	7421
1122	7253
1732	7945
5679	7819
939	7277
1596	7821
3838	8035
3924	7393
1915	7261
2825	7773
4522	7395
13	7389
1270	7523
2045	7249
3763	7947
5311	7431
98	7651
3484	7231
516	8063
1255	7523
1442	7685
2394	7293
6059	7861
80	7973
6662	7245
2735	7205
2985	7799
5628	7643
6328	7469
6047	8065
3967	7421
5438	7459
5492	7961
6709	7649
2534	7297
1463	7321
4712	7265
5178	7553
5462	7345
2927	7271
3030	7331
3265	7991
3378	7905
4637	7811
7149	8003
120	7775
261	8067
4047	7311
5638	7791
358	7559
1939	7261
1597	7821
1875	7677
4162	7813
4257	7549
4638	7811
5015	7505
653	7473
2429	7325
3605	7663
5403	7845
6167	7511
3721	7565
4156	7813
5289	7387
5407	7845
225	8069
1304	7625
2208	7335
2731	7205
3442	7349
6141	7825
7165	7437
1942	7261
2466	7209
3979	7421
4636	7811
6619	7301
2247	7739
2398	7293
2921	7271
2948	7343
4328	8071
6598	7273
213	7953
564	7419
897	7269
1190	7837
1744	7873
3333	7955
4184	7447
4970	7373
6872	7555
944	7277
1743	7873
4446	7465
5084	7235
6675	7245
623	7359
1117	7253
551	7419
1197	7837
947	7277
1623	7435
1966	7261
3036	7331
4265	7549
5850	7401
6255	7641
3206	7279
3435	7349
5776	7653
2399	7293
2713	7205
4161	7813
206	7917
848	7251
5205	7225
6136	7825
2272	7739
6416	7255
7023	7329
1337	7221
3091	7455
4614	7457
3105	7399
5398	7845
6370	7201
3310	7611
3473	7231
3641	7901
4909	7763
5851	7401
7014	7329
7016	7329
510	7561
1019	7219
3300	8015
5992	7199
1017	7219
3068	7713
3587	7283
4488	7757
6604	7273
6787	7865
569	7419
1672	7545
3931	7981
6003	7199
794	8059
5114	7417
5292	7387
197	7893
572	7419
1932	7261
2220	7335
2722	7205
3127	7501
3795	7299
3714	7565
4083	7445
4831	7449
5356	7673
5497	7711
1610	7959
4869	7551
6937	7385
199	7893
3791	7299
6624	7301
33	7807
919	7923
5458	7345
271	7427
379	7217
2076	7249
6935	7385
3303	7743
6635	7301
78	7973
257	8073
1234	7999
2865	7443
3344	8001
4754	7213
953	7277
1650	7333
3126	7501
5011	7505
5741	7579
1410	7687
5092	7235
5131	7417
5256	7423
5380	7425
1272	7523
3409	7595
4778	7213
5592	7239
6766	8075
7160	7437
650	7473
3339	8001
3807	7675
3993	7421
4272	7549
4844	7509
1719	7323
2469	7209
1813	7223
4101	7353
4666	7481
6195	7843
178	8005
619	7359
726	7769
2721	7205
854	7251
1257	7523
1301	7625
1629	7435
2280	7739
2901	7413
3881	7211
5459	7345
6117	7915
579	7419
1469	7321
2282	7739
2605	7629
4104	7353
5203	7225
849	7251
2336	7397
3610	7663
4451	7465
4627	7403
4973	7373
5488	7647
7133	7581
1454	7321
5506	7513
6706	7649
6767	8075
1	8077
67	7703
717	7987
1925	7261
2080	7249
2867	7443
4375	7563
6807	7461
2040	7249
3905	7365
3972	7421
4595	7601
35	7807
1224	7809
4189	7447
4982	7373
5847	7401
52	7303
716	7987
1340	7221
1550	7291
6537	7693
6670	7245
1239	7881
1691	7347
2204	7335
2723	7205
2757	7205
3401	7805
5118	7417
5516	7513
1590	7361
2747	7205
4536	7395
4749	7213
2525	7297
7047	7793
3935	7967
4042	7311
4774	7213
6256	7641
6574	7287
2341	7397
3996	7421
4675	7481
5180	7553
6216	7405
1047	7609
1954	7261
4078	7445
4235	7913
4540	7395
5718	7679
6527	7693
1793	7223
2044	7249
2868	7443
6904	7375
6066	7933
6903	7375
7020	7329
938	7277
2645	7633
2392	7293
4220	7909
4514	7395
1633	7435
5045	7415
5446	7497
6899	7375
220	8007
2896	7413
2952	7343
4269	7549
6191	7843
1964	7261
3211	7279
5991	7199
6180	7869
363	7559
721	7769
5063	7233
5307	7431
4502	7395
676	8045
2188	7229
2733	7205
273	7427
331	7753
3988	7421
5824	7929
6674	7245
1551	7291
2675	7779
4902	7763
3069	7713
4067	7903
4271	7549
5329	7587
6041	7795
1157	7631
1259	7523
3953	7891
4102	7353
5129	7417
6217	7405
6939	7385
24	7939
2487	7783
4178	7447
6074	8053
3687	7705
4589	7601
468	7725
620	7359
2620	7339
469	7725
2046	7249
2378	7293
3604	7663
4384	7207
5211	7225
5255	7423
6380	7201
326	8029
2240	7739
3155	7237
4275	7549
5994	7199
6072	8053
1412	7687
2039	7249
2984	7799
4709	7265
2215	7335
2823	7773
3050	7369
4971	7373
6719	7649
1299	7625
5867	7357
7153	8003
3220	7279
3943	7823
2574	7617
377	7217
2659	7547
3182	7623
3398	7805
6874	7555
6875	7555
993	7379
2058	7249
3462	7231
253	7263
1579	8037
2262	7739
3570	7771
5065	7233
5404	7845
6938	7385
928	7391
2756	7205
4388	7207
1014	7219
2595	7629
4588	7601
4755	7213
6184	7869
2183	7229
6190	7843
6354	7201
6166	7511
341	8079
3064	7713
5121	7417
7108	7275
915	8041
3334	7955
4521	7395
6500	7285
4338	7859
4811	7941
4903	7763
4966	7373
5579	7239
1630	7435
2515	7297
4590	7601
5550	7541
5715	7679
5739	7579
511	7561
2384	7293
2918	7271
3592	7283
6342	7507
2999	7835
2182	7229
4923	7495
842	7251
1414	7687
3986	7421
1495	7321
2395	7293
3645	7875
858	7251
1063	7689
1929	7261
2274	7739
3289	7621
6490	7285
347	7305
853	7251
2214	7335
5012	7505
5034	7243
5549	7541
7164	7437
800	7697
3088	7455
3828	7883
4452	7465
3440	7349
6758	7671
627	7359
2749	7205
4000	7421
5353	7673
1126	7253
1249	7613
3992	7421
5419	8061
5545	7541
70	7703
2275	7739
2335	7397
3082	8081
1483	7321
3033	7331
628	7359
1459	7321
1822	7223
3260	7985
4592	7601
4828	7449
5544	7541
937	7277
1453	7321
1576	8037
2692	7491
3532	7503
3858	7709
5736	7579
6668	7245
1745	7873
5333	7587
6081	7451
109	7851
342	8079
2930	7271
5737	7579
6605	7273
6919	7877
312	7377
361	7559
1256	7523
1275	7523
2527	7297
2638	7633
2824	7773
3854	7709
5047	7415
6362	7201
1310	7625
2520	7297
2839	7341
561	7419
1646	7333
1715	7323
3955	7891
4177	7447
4672	7481
6436	7797
1269	7523
5926	7337
578	7419
1606	7959
2189	7229
2205	7335
2819	7773
4129	7247
3637	7781
3853	7709
5831	7433
6224	7405
4260	7549
4330	8071
4523	7395
4848	7509
6718	7649
4403	7207
288	8083
387	7217
2529	7297
3578	7827
5707	7679
6959	7363
940	7277
1142	7631
1245	7613
1887	7227
2338	7397
3087	7455
4188	7447
4442	7465
4625	7403
6498	7285
6955	7363
801	7697
1671	7545
1819	7223
4239	7913
6777	7971
1088	7319
2873	7443
3276	7585
4318	7313
5060	7233
5124	7417
5257	7423
6571	7287
2752	7205
3213	7279
6000	7199
1608	7959
3145	7635
3173	7623
4276	7549
6367	7201
187	7853
3486	7231
3519	7597
3981	7421
4373	7563
6765	8075
7183	7557
3459	7231
4719	7265
6274	7657
6530	7693
7050	7793
5137	7417
6672	7245
372	7217
1791	7223
3010	7583
4370	7563
4706	7265
834	7749
862	7251
1077	7309
1470	7321
2283	7739
2983	7799
3284	7621
3836	8035
5514	7513
7124	7817
2082	7249
5439	7459
6026	7381
6902	7375
2532	7297
3824	7883
333	7753
1580	8037
3137	7691
4829	7449
5764	7731
2866	7443
3102	7399
4775	7213
5574	7239
1260	7523
6206	7405
7150	8003
238	8023
1150	7631
1268	7523
2162	7527
2647	7633
3216	7279
3997	7421
5035	7243
5134	7417
554	7419
1769	7627
3108	7399
5933	7337
1912	7261
1913	7261
1923	7261
3990	7421
4976	7373
6210	7405
6630	7301
6711	7649
7170	7437
224	8069
2060	7249
2572	7617
4176	7447
2822	7773
3772	7525
3921	7393
5927	7337
7163	7437
5864	7357
6862	7475
1948	7261
2740	7205
2842	7341
3910	7669
5937	7337
6285	7383
6562	7287
6906	7375
7076	7257
1578	8037
1665	7943
3160	7237
3210	7279
4221	7909
6341	7507
7122	7817
625	7359
5207	7225
6371	7201
6445	7645
1149	7631
6055	7801
6079	7451
2507	7297
3181	7623
1154	7631
4045	7311
5889	7357
6048	8065
2597	7629
4163	7813
4865	7551
4924	7495
759	7745
2041	7249
3722	7565
5698	7975
4764	7213
5716	7679
5832	7433
7048	7793
2511	7297
3326	7755
3457	7231
3729	7565
6601	7273
945	7277
3135	7691
4253	7549
4763	7213
7069	7257
6084	7451
6629	7301
28	7965
1480	7321
4041	7311
4270	7549
5013	7505
6432	7797
3470	7231
4648	7591
5017	7505
5239	7737
6409	7255
3937	7967
141	7733
770	7897
1467	7321
4160	7813
160	7489
1489	7321
5481	7721
6982	7969
994	7379
1361	7919
5062	7233
1389	7695
5440	7459
5885	7357
5931	7337
6572	7287
725	7769
1390	7695
1396	7571
4846	7509
2090	7249
2571	7617
4772	7213
1645	7333
1797	7223
2533	7297
2872	7443
3388	7539
4904	7763
5675	7925
200	7893
552	7419
694	7661
2053	7249
2602	7629
2088	7249
6446	7645
375	7217
3878	7211
4236	7913
814	8085
7118	7817
236	8023
574	7419
1498	7321
1589	7361
1961	7261
3408	7595
3483	7231
4653	7591
5833	7433
2739	7205
3418	7595
3690	7705
6998	7453
815	8085
3957	7891
4357	7789
5968	7543
5979	7655
6626	7301
2491	7783
4353	8025
4526	7395
6659	7245
6280	8055
93	7651
1796	7223
4390	7207
462	7895
1764	7627
6313	7267
520	7619
2066	7249
656	7473
1093	7319
3089	7455
6220	7405
6368	7201
1274	7523
1686	7347
2032	7249
1057	8011
1232	7999
1335	7221
6257	7641
6810	7461
2716	7205
3531	7503
5771	7653
6953	7363
131	7847
545	7419
984	7379
1212	7867
4159	7813
4234	7913
6486	7285
7109	7275
491	7463
785	7467
1958	7261
3204	7279
4274	7549
4509	7395
6759	7671
7139	7581
4122	7247
5808	7951
6205	7405
2953	7343
3029	7331
5126	7417
6660	7245
2052	7249
2375	7293
5674	7925
1561	7291
2379	7293
3463	7231
4331	8071
4507	7395
822	8087
6364	7201
6414	7255
286	7855
450	7409
1186	7837
2250	7739
2510	7297
4100	7353
5119	7417
618	7359
2843	7341
3269	7991
3861	7709
1795	7223
2717	7205
5208	7225
6273	7657
6463	7533
231	7241
1492	7321
1910	7261
4316	7313
266	7921
1076	7309
4652	7591
6358	7201
6803	7461
667	7741
2669	7429
3839	8035
4683	7481
5807	7951
6182	7869
6529	7693
1215	7867
3172	7623
6154	7531
1455	7321
2760	7205
3156	7237
5080	7235
2057	7249
3383	7833
4615	7457
4812	7941
184	8089
1909	7261
4391	7207
6804	7461
504	7477
6951	7363
5082	7235
692	7661
5773	7653
7107	7275
152	7983
1918	7261
4130	7247
492	7463
2281	7739
3987	7421
5713	7679
1092	7319
1300	7625
1765	7627
3468	7231
5176	7553
5215	7225
5686	7761
7054	7793
7134	7581
107	7851
1649	7333
2998	7835
4002	7421
4867	7551
4963	7373
7072	7257
568	7419
1873	7677
3278	7585
3810	7675
4001	7421
5204	7225
5572	7239
772	7897
3879	7211
5314	7431
678	8045
5774	7653
6355	7201
6466	7533
6086	7451
1947	7261
4095	7353
4456	7465
5294	7387
5326	7587
2460	7209
97	7651
3672	7295
4079	7445
5287	7387
5336	7587
5871	7357
6119	7915
6353	7201
1125	7253
3873	7211
68	7703
425	7203
3718	7565
6901	7375
4457	7465
5510	7513
6448	7645
408	7849
4404	7207
3177	7623
3412	7595
4539	7395
1328	7681
3689	7705
4875	7567
4905	7763
69	7703
362	7559
386	7217
4983	7373
6102	7575
217	8049
6228	7405
1945	7261
448	7409
538	7639
5621	7643
1930	7261
4329	8071
5261	7423
5879	7357
6933	7385
1153	7631
1188	7837
1811	7223
4708	7265
79	7973
1943	7261
4315	7313
2759	7205
3543	7701
4132	7247
2513	7297
3533	7503
3647	7875
1026	7219
2263	7739
4886	7535
6254	7641
1146	7631
5876	7357
3438	7349
5079	7235
5428	8091
6745	7367
4336	7859
5699	7975
6615	7273
4931	7495
5096	7235
3737	7565
3004	7835
4608	7601
5199	7553
639	7359
1832	7223
2413	7293
5388	7425
7090	7257
4800	7213
340	7753
1840	7223
2613	7629
4285	7549
6175	7511
7035	7329
1513	7321
2145	7249
3700	7705
4378	7563
7092	7257
192	7471
4934	7495
5496	7961
5704	7975
5790	7653
258	8073
321	7377
3097	7455
4292	7549
6475	7533
830	8057
1165	7631
2623	7339
5531	7513
7089	7257
2592	7617
4633	7403
5860	7401
1780	7627
2000	7261
254	7263
641	7359
2588	7617
5296	7387
5973	7543
1504	7321
5837	7433
3352	8001
2543	7297
3335	7955
3764	7947
4956	7483
7132	7817
2792	7205
3421	7595
4434	7207
155	7983
489	7659
1997	7261
4601	7601
4605	7601
6928	7877
2116	7249
4733	7265
128	7775
1182	7307
3423	7595
4571	7395
1393	7695
2294	7739
4306	7549
2891	7443
5643	7791
6607	7273
6896	7555
1514	7321
3406	7805
4565	7395
202	7893
6403	7201
150	7215
371	7559
2563	7297
3930	7393
6452	7645
7112	7275
124	7775
204	7893
267	7921
463	7895
1431	7537
2796	7205
4032	7421
402	7217
3248	7279
5165	7417
6593	7287
1027	7219
3507	7231
3695	7705
5566	7541
6439	7797
3262	7985
5168	7417
6133	7499
2301	7739
5191	7553
5304	7387
1449	7685
2016	7261
6963	7363
3833	7883
5635	7643
3639	7781
5858	7401
6754	7367
156	7983
203	7893
7001	7453
14	7389
3865	7709
4696	7481
6610	7273
6975	7487
2701	7491
5151	7417
5614	7239
1828	7223
2103	7249
2105	7249
4621	7457
5770	7731
1330	7681
3755	7927
5392	7425
5923	7357
6348	7507
26	7939
243	8023
1532	7321
1669	7943
2001	7261
2093	7249
2593	7617
2835	7773
4872	7551
6241	7405
6385	7201
1250	7613
2191	7229
5170	7417
5797	7653
5957	7337
6062	7861
3337	7955
5365	7673
6174	7511
6390	7201
6641	7301
7115	7275
59	7303
597	7419
2791	7205
3960	7891
4228	7909
5465	7345
6320	7267
968	7277
3677	7295
4351	7907
7064	7793
977	7277
5172	7417
6889	7555
3188	7623
5787	7653
6948	7385
4553	7395
6176	7511
1054	7609
2883	7443
5814	7951
2785	7205
3822	7675
4166	7813
6590	7287
1530	7321
2328	7739
6897	7555
6929	7877
1056	7609
4803	7213
1621	7959
3536	7503
4686	7481
5613	7239
6235	7405
6788	7865
7100	7257
452	7409
3115	7399
3298	7621
5040	7243
6688	7245
969	7277
3618	7663
76	7703
1103	7319
1583	8037
4342	7859
5054	7415
4556	7395
7126	7817
451	7409
2781	7205
3307	7743
4912	7763
2453	7325
4932	7495
7195	7557
4199	7447
5200	7553
6795	7889
6932	7877
3017	7583
3280	7585
5189	7553
5277	7423
6122	7915
682	8045
1354	7221
1641	7435
3043	7331
6011	7199
543	7639
5194	7553
5274	7423
5897	7357
6644	7301
1099	7319
1698	7347
2968	7343
3184	7623
4149	7247
5618	7239
6516	7285
319	7377
732	7769
734	7769
1595	7361
4918	7763
6096	7451
6728	7649
5153	7417
5232	7225
5435	7327
6679	7245
6978	7487
500	7463
1537	7321
2325	7739
2411	7293
2857	7341
4428	7207
5562	7541
2402	7293
2480	7209
3239	7279
4155	7247
4172	7813
4193	7447
4197	7447
6550	7693
284	7937
2327	7739
5245	7737
6841	7515
7114	7275
201	7893
3829	7883
6837	7515
2287	7739
3851	7707
2909	7413
3743	7565
4598	7601
5098	7235
5607	7239
5912	7357
162	7489
1857	7223
3425	7595
3595	7283
4989	7373
1223	7867
6317	7267
2651	7633
6148	7825
4691	7481
4349	7907
5278	7423
6124	7915
2608	7629
4998	7373
1518	7321
2299	7739
2606	7629
4037	7421
6398	7201
6924	7877
3567	7857
4471	7465
6513	7285
73	7703
1582	8037
4023	7421
5100	7235
392	7217
424	7849
4951	7483
5273	7423
1199	7837
1548	7321
1830	7223
2994	7799
6281	8055
6638	7301
476	7725
3258	7493
3872	7709
6966	7363
5477	7345
146	7733
2117	7249
2990	7799
606	7419
1407	7289
3733	7565
5385	7425
5813	7951
264	7993
3452	7349
4570	7395
4692	7481
5390	7425
5629	7643
1202	7837
1592	7361
1789	7627
2008	7261
3561	7637
5633	7643
15	7389
3966	7891
135	7847
1177	7631
4367	7789
4991	7373
5225	7225
6077	8053
747	7589
2631	7759
3666	7615
4787	7213
5564	7541
7180	7437
322	7377
4072	7903
6388	7201
6764	8047
6895	7555
871	7251
976	7277
1976	7261
3661	7665
4066	7593
4655	7591
5226	7225
5665	7603
6731	7649
6992	7969
1043	7735
1511	7321
2317	7739
3557	7637
4727	7265
436	7203
922	7923
1313	7625
2653	7633
3093	7455
3758	7927
100	7651
2307	7739
4950	7483
1510	7321
1565	7291
5221	7225
720	7987
1833	7223
1901	7227
2121	7249
5276	7423
6818	7461
1896	7227
6057	7801
6642	7301
2497	7783
3350	8001
4093	7445
5721	7679
1083	7309
3429	7595
4578	7395
4841	7449
4309	7549
4688	7481
5029	7505
5068	7233
5190	7553
7005	7453
1322	7625
2100	7249
3230	7279
6546	7693
248	7887
1870	7441
2362	7397
3022	7583
5898	7357
6613	7273
7190	7557
1444	7685
1693	7347
1834	7223
3250	7279
4281	7549
6046	7795
2	8077
5340	7587
6276	7657
2788	7205
5166	7417
6819	7461
876	7251
975	7277
4695	7481
5023	7505
1374	7871
2671	7429
6070	7933
6187	7869
222	8007
3675	7295
5317	7431
1851	7223
3002	7835
4379	7563
6177	7511
1696	7347
2889	7443
4435	7207
6332	7469
2143	7249
2288	7739
3495	7231
5072	7233
5908	7357
454	7409
1210	7837
5243	7737
3117	7399
6469	7533
2130	7249
2615	7629
3327	7755
4730	7265
2322	7739
4034	7421
1010	7439
1082	7309
3224	7279
1505	7321
5039	7243
6838	7515
1172	7631
1207	7837
1585	8037
7028	7329
1903	7227
4109	7353
2011	7261
2450	7325
3122	7399
5434	7327
5677	7925
218	8049
2549	7297
2705	7491
3189	7623
4840	7449
3140	7691
3395	7539
4119	7353
5097	7235
5389	7425
6061	7861
967	7277
2173	7527
2774	7205
4246	7913
2027	7261
2415	7293
4310	7549
4795	7213
6775	7605
4554	7395
4785	7213
5067	7233
5468	7345
474	7725
614	7419
6335	7469
2285	7739
3118	7399
5300	7387
465	7895
3821	7675
5320	7431
5370	7673
6893	7555
934	7391
1166	7631
1384	7831
2140	7249
2996	7799
6427	7255
7194	7557
3183	7623
6049	8065
3914	7669
6968	7363
1982	7261
2405	7293
7004	7453
1254	7613
1523	7321
2295	7739
2368	7397
3094	7455
4577	7395
6701	7245
7154	8003
4618	7457
5319	7431
581	7419
593	7419
3192	7623
4332	8071
5959	7337
3231	7279
6894	7555
912	7577
1639	7435
1845	7223
2115	7249
2684	7779
4870	7551
5426	8017
4656	7591
117	7717
644	7359
4470	7465
433	7203
638	7359
821	7521
1787	7627
3397	7539
3512	7231
4609	7601
4658	7591
1992	7261
2765	7205
3741	7565
3845	8035
4631	7403
5242	7737
5567	7541
6942	7385
63	7303
2837	7773
4807	7213
2637	7715
3169	7237
4021	7421
4819	7941
5659	7603
6331	7469
351	7305
660	7473
6636	7301
6791	7865
2776	7205
3895	7211
7155	8003
805	7697
2359	7397
5976	7543
506	7477
1593	7361
2624	7339
6608	7273
2424	7293
4118	7353
1883	7677
3271	7991
4327	7313
4702	7481
4786	7213
5861	7401
6050	8065
3516	7231
4015	7421
4911	7763
6092	7451
6557	7693
6770	8075
6821	7461
6839	7515
4369	7789
6472	7533
104	7651
5722	7679
7040	7329
325	7377
689	7777
1163	7631
1637	7435
3560	7637
6283	8055
1045	7735
2673	7429
485	7659
1251	7613
1995	7261
2632	7759
3074	7713
3964	7891
4027	7421
4493	7757
133	7847
1430	7537
2473	7209
4419	7207
5004	7373
5280	7423
5302	7387
6233	7405
6736	7649
966	7277
4579	7395
5055	7415
6726	7649
2138	7249
5598	7239
6514	7285
6614	7273
4641	7811
6164	7531
3070	7713
3274	7991
4693	7481
5202	7553
1683	7573
3804	7299
320	7377
2226	7335
4323	7313
5299	7387
5756	7579
6687	7245
6991	7969
7176	7437
1509	7321
2475	7209
4030	7421
4790	7213
6589	7287
2558	7297
4348	7907
705	7661
6580	7287
46	7885
6474	7533
2881	7443
2969	7343
4227	7909
4287	7549
6107	7575
6645	7301
582	7419
932	7391
1228	7809
1319	7625
2550	7297
2769	7205
3909	7365
4418	7207
916	8041
1868	7441
2622	7339
2937	7271
4006	7421
1220	7867
2940	7271
5471	7345
803	7697
839	7749
2498	7783
5559	7541
5816	7951
6345	7507
2296	7739
2685	7779
4879	7567
5944	7337
6165	7531
154	7983
1132	7253
2555	7297
4629	7403
5070	7233
5913	7357
6797	7889
1364	7919
1723	7323
2310	7739
4211	7447
4914	7763
669	7741
4645	7811
439	7203
1567	7291
1684	7573
5366	7673
4478	7465
4663	7591
5111	7235
6247	7405
904	7269
1206	7837
1351	7221
4036	7421
4225	7909
5632	7643
126	7775
899	7269
1353	7221
2092	7249
2107	7249
3676	7295
4724	7265
5442	7459
6796	7889
2882	7443
2916	7413
5109	7235
5985	7655
438	7203
3351	8001
3731	7565
3870	7709
4780	7213
6471	7533
6594	7287
7131	7817
289	8083
1358	7221
2356	7397
2426	7293
2944	7271
3121	7399
4421	7207
6110	7575
6729	7649
2408	7293
2409	7293
2833	7773
7002	7453
640	7359
1642	7435
4424	7207
6825	7461
1839	7223
2544	7297
168	7667
741	7879
4148	7247
1987	7261
3934	7981
5223	7225
6260	7641
3940	7967
4296	7549
4459	7465
4694	7481
6245	7405
2124	7249
3297	7621
6239	7405
282	7607
1373	7871
2420	7293
85	7973
911	7577
1205	7837
5032	7505
6689	7245
1772	7627
2309	7739
2770	7205
4562	7395
4721	7265
5198	7553
223	8007
2225	7335
4171	7813
6232	7405
1983	7261
4941	7495
6694	7245
6930	7877
472	7725
961	7277
1417	7687
3056	7369
3162	7237
3926	7393
4725	7265
5104	7235
5408	7845
421	7849
2586	7617
4851	7509
6989	7969
1542	7321
2941	7271
1659	7333
2196	7229
3500	7231
4412	7207
5297	7387
6423	7255
3446	7349
3582	7827
6505	7285
7171	7437
526	7619
1516	7321
2137	7249
3116	7399
4210	7447
5795	7653
5947	7337
2427	7293
4143	7247
1774	7627
5369	7673
307	8039
1183	7307
1526	7321
5830	7929
5852	7401
6591	7287
1849	7223
3049	7331
5231	7225
6842	7515
4900	7569
6752	7367
2013	7261
2541	7297
3803	7299
1394	7695
3584	7827
4467	7465
1575	7291
1846	7223
1869	7441
4575	7395
6231	7405
5230	7225
1229	7809
3626	7729
4576	7395
791	7467
2591	7617
3047	7331
4302	7549
456	7409
2768	7205
2829	7773
5387	7425
5486	7721
5758	7579
6755	7367
2232	7335
2418	7293
4888	7535
2149	7249
3123	7399
2995	7799
4324	7313
4551	7395
4839	7449
680	8045
2934	7271
3319	7371
6510	7285
2583	7617
6179	7511
6456	7645
21	7389
2171	7527
2783	7205
3508	7231
4413	7207
6643	7301
2401	7293
2807	7205
3768	7947
6251	7405
6282	8055
2028	7261
2102	7249
2227	7335
4473	7465
4997	7373
704	7661
5535	7513
3071	7713
3490	7231
4986	7373
5267	7423
5855	7401
615	7419
777	7897
1164	7631
3042	7331
1541	7321
3660	7665
787	7467
1563	7291
6098	7451
1349	7221
5301	7387
792	7467
2830	7773
3524	7597
5318	7431
398	7217
604	7419
1033	7219
3073	7713
3625	7729
6185	7869
235	7241
1522	7321
3424	7595
490	7659
673	7785
981	7277
3494	7231
4818	7941
6393	7201
6543	7693
6885	7555
3558	7637
996	7379
1136	7253
1971	7261
2448	7325
1533	7321
1784	7627
3506	7231
3888	7211
4196	7447
6244	7405
1238	7999
1528	7321
6909	7375
6945	7385
3805	7299
4031	7421
464	7895
2542	7297
2664	7547
3134	7839
6387	7201
6420	7255
6684	7245
6271	7723
188	7853
302	8021
2139	7249
3818	7675
1011	7439
1778	7627
2771	7205
4660	7591
974	7277
1656	7333
1898	7227
3709	7705
1737	7945
1970	7261
3249	7279
3272	7991
6988	7969
3306	7743
3597	7283
3841	8035
4662	7591
6243	7405
1002	7379
1072	7751
1291	7523
1644	7435
6318	7267
287	7855
611	7419
3449	7349
4545	7395
746	7589
2635	7715
4366	7789
5975	7543
3223	7279
4201	7447
4952	7483
5145	7417
7031	7329
7130	7817
2129	7249
2133	7249
60	7303
1204	7837
3757	7927
4630	7403
542	7639
2888	7443
3897	7211
5234	7225
6512	7285
7196	7557
1227	7809
1500	7321
2801	7205
2884	7443
4728	7265
5485	7721
5857	7401
5946	7337
6691	7245
6915	7375
323	7377
978	7277
2166	7527
2421	7293
4011	7421
4843	7449
6383	7201
40	7807
6286	7383
6695	7245
5812	7951
6967	7363
195	7841
3453	7349
6680	7245
6693	7245
4167	7813
6685	7245
2589	7617
3893	7211
6949	7385
497	7463
659	7473
3018	7583
3057	7369
541	7639
633	7359
4984	7373
5161	7417
4059	7311
6068	7933
3077	7713
5364	7673
2199	7229
5642	7791
6159	7531
6927	7877
1066	7689
1375	7871
1616	7959
1836	7223
2683	7779
3247	7279
3548	7701
6230	7405
1709	7899
3583	7827
5155	7417
5978	7543
328	8029
690	7777
888	8033
1980	7261
2352	7397
2854	7341
4151	7247
4781	7213
5658	7603
6583	7287
6887	7555
1602	7821
2565	7297
3696	7705
4464	7465
879	7251
2416	7293
3509	7231
535	7317
6844	7515
7103	7257
2815	7205
3149	7635
3488	7231
3842	8035
1900	7227
2499	7783
6579	7287
337	7753
3348	8001
1902	7227
2886	7443
2778	7205
5448	7497
6402	7201
3229	7279
3356	7719
4038	7421
4420	7207
4939	7495
6647	7301
1539	7321
2316	7739
4020	7421
796	8059
913	7577
4085	7445
4423	7207
4700	7481
6586	7287
403	7217
1570	7291
2552	7297
2787	7205
4029	7421
4114	7353
4890	7535
5050	7415
5560	7541
3547	7701
6063	7861
6743	7649
607	7419
2367	7397
3575	7771
5634	7643
729	7769
763	7745
594	7419
666	7473
3732	7565
7146	7581
111	7851
2657	7633
4643	7811
5193	7553
6018	7199
90	7973
502	7463
592	7419
4377	7563
4498	7757
6606	7273
971	7277
2101	7249
3801	7299
7039	7329
7147	7581
3866	7709
5316	7431
5540	7513
6511	7285
3654	7911
4297	7549
5303	7387
6100	7451
869	7251
5543	7513
423	7849
823	8087
1776	7627
4010	7421
4074	7903
5836	7433
6424	7255
836	7749
4017	7421
338	7753
4993	7373
6399	7201
1028	7219
1547	7321
2808	7205
4543	7395
5158	7417
5821	7989
5839	7433
1600	7821
1711	7899
5731	7679
498	7463
1614	7959
2365	7397
2908	7413
4016	7421
4899	7569
6130	7499
6389	7201
7172	7437
1323	7625
2141	7249
6910	7375
455	7409
1538	7321
2482	7209
3081	7863
3913	7669
5002	7373
583	7419
662	7473
1569	7291
3852	7707
4293	7549
147	7733
780	7897
2851	7341
6202	7843
2456	7325
6824	7461
1705	7411
3544	7701
3800	7299
6143	7825
6422	7255
1657	7333
1981	7261
3593	7283
4726	7265
434	7203
3783	7525
3894	7211
4995	7373
6724	7649
1203	7837
6587	7287
6836	7515
917	8041
3291	7621
4494	7757
4564	7395
5536	7513
6201	7843
3528	7597
927	7935
1724	7323
3240	7279
1519	7321
2122	7249
3698	7705
3933	7981
5815	7951
214	7953
3301	8015
5228	7225
6727	7649
3098	7455
710	7661
807	7931
1385	7831
2172	7527
5233	7225
7032	7329
311	7767
4495	7757
4499	7757
6314	7267
664	7473
1448	7685
1678	7545
2292	7739
4430	7207
7173	7437
3430	7595
4871	7551
5174	7417
5491	7647
6198	7843
933	7391
1517	7321
2193	7229
5542	7513
878	7251
1034	7219
2109	7249
2977	7529
6044	7795
2976	7529
3283	7585
4804	7213
1040	7219
1284	7523
3779	7525
5031	7505
6990	7969
3950	7823
4035	7421
3386	7833
4793	7213
6277	7657
6769	8075
6869	7475
144	7733
4364	7789
5235	7225
6555	7693
255	7263
3256	7493
4460	7465
5494	7961
5854	7401
719	7987
3101	7455
5337	7587
5729	7679
5840	7433
6069	7933
183	7407
1402	7571
2202	7229
2548	7297
5558	7541
2366	7397
2458	7325
5794	7653
1697	7347
1847	7223
262	8067
1055	7609
4060	7311
4383	7563
6455	7645
525	7619
1044	7735
1111	7319
2967	7343
4582	7395
4953	7483
6946	7385
88	7973
1543	7321
2670	7429
3426	7595
5305	7387
5916	7357
210	7917
2939	7271
4071	7903
6762	7671
867	7251
881	7251
2228	7335
3702	7705
4698	7481
5169	7417
1858	7223
3598	7283
5490	7647
5630	7643
5604	7239
2311	7739
3817	7675
7033	7329
7045	7329
91	7973
2201	7229
2324	7739
2504	7783
3282	7585
6931	7877
2198	7229
2363	7397
3502	7231
902	7269
1000	7379
3318	7371
1159	7631
5469	7345
5730	7679
7006	7453
827	7997
2457	7325
6974	7487
2165	7527
4842	7449
1161	7631
2935	7271
5285	7423
6453	7645
636	7359
837	7749
5611	7239
964	7277
5678	7925
6683	7245
62	7303
1545	7321
1880	7677
616	7419
2780	7205
3963	7891
5052	7415
6692	7245
7097	7257
1640	7435
2003	7261
2097	7249
2406	7293
3949	7823
4363	7789
3574	7771
3655	7911
4599	7601
3487	7231
6392	7201
297	7829
1422	7687
1506	7321
2674	7429
2914	7413
3083	8081
6020	7199
3659	7665
4288	7549
4685	7481
4873	7551
6030	7381
6315	7267
6686	7245
6822	7461
1348	7221
4411	7207
4990	7373
6248	7405
6262	7641
6868	7475
2326	7739
6457	7645
875	7251
1278	7523
3119	7399
3244	7279
4289	7549
4798	7213
6993	7969
889	8033
1899	7227
3237	7279
3798	7299
4644	7811
6015	7199
2554	7297
2762	7205
6400	7201
6789	7865
2230	7335
3039	7331
5148	7417
6097	7451
6249	7405
643	7359
2104	7249
5792	7653
7095	7257
1655	7333
5001	7373
5009	7373
5421	8061
5636	7643
5909	7357
6852	7599
103	7651
1170	7631
1288	7523
4880	7567
5530	7513
4425	7207
5943	7337
1112	7319
1654	7333
2192	7229
3535	7503
3952	7823
6649	7301
7127	7817
1525	7321
1661	7333
3534	7503
4203	7447
4632	7403
5672	7815
205	7893
256	7263
4555	7395
7113	7275
84	7973
683	8045
2455	7325
3246	7279
3546	7701
5532	7513
1854	7223
3961	7891
4722	7265
1219	7867
2616	7629
6199	7843
6451	7645
7036	7329
979	7277
1989	7261
2879	7443
4468	7465
5027	7505
5227	7225
6149	7825
1884	7677
2114	7249
2355	7397
74	7703
417	7849
2636	7715
6853	7599
1566	7291
3338	7955
6502	7285
1520	7321
3708	7705
6042	7795
754	7957
1175	7631
45	7885
999	7379
2656	7633
3187	7623
3369	7281
3405	7805
4004	7421
4817	7941
5095	7235
703	7661
903	7269
1325	7625
1383	7831
3447	7349
4064	7593
4241	7913
5008	7373
6426	7255
2446	7325
5910	7357
588	7419
2557	7297
3669	7615
4168	7813
4334	8071
1827	7223
7128	7817
4311	7549
5696	7787
6553	7693
646	7359
753	7957
1293	7523
1675	7545
3232	7279
4792	7213
5427	8017
61	7303
1363	7919
2410	7293
3313	7611
4290	7549
4322	7313
5684	7819
6912	7375
4141	7247
4697	7481
5030	7505
5949	7337
6016	7199
635	7359
1423	7687
2119	7249
3576	7771
4320	7313
4552	7395
5094	7235
227	8069
3815	7675
4321	7313
6750	7367
5325	7431
3235	7279
3577	7771
6178	7511
488	7659
718	7987
728	7769
762	7745
2023	7261
3003	7835
3264	7985
4090	7445
4304	7549
5195	7553
6017	7199
587	7419
1106	7319
1418	7687
4427	7207
7038	7329
233	7241
901	7269
4746	7355
5810	7951
6094	7451
344	8079
1515	7321
2959	7343
3027	7583
5423	7485
6735	7649
2017	7261
4416	7207
6382	7201
7059	7793
1218	7867
3504	7231
4326	7313
7142	7581
2306	7739
3455	7349
3565	7857
3823	7675
3906	7365
5173	7417
5702	7975
6994	7969
87	7973
960	7277
1782	7627
2014	7261
3802	7299
4469	7465
5159	7417
38	7807
4784	7213
6008	7199
6234	7405
20	7389
457	7409
3075	7713
6242	7405
6964	7363
1252	7613
1316	7625
2224	7335
7058	7793
1540	7321
3454	7349
3594	7283
209	7917
3740	7565
3843	8035
4915	7763
603	7419
1128	7253
1208	7837
1634	7435
2775	7205
4606	7601
5344	7587
6545	7693
6654	7301
1725	7323
143	7733
1990	7261
2194	7229
3311	7611
3376	7281
4806	7213
5600	7239
5827	7929
6295	7747
1290	7523
2026	7261
5005	7373
6756	7367
1636	7435
7093	7257
7181	7437
2803	7205
2855	7341
3629	7729
6007	7199
2403	7293
5041	7243
6506	7285
6892	7555
163	7489
4058	7311
4431	7207
5025	7505
5527	7513
5656	7603
5902	7357
400	7217
1601	7821
2894	7443
3515	7231
5695	7787
2789	7205
3615	7663
3929	7393
515	7561
3496	7231
6031	7381
1783	7627
5244	7737
5596	7239
110	7851
3347	8001
3513	7231
3549	7701
2229	7335
2303	7739
1436	7479
3498	7231
5655	7603
2123	7249
4497	7757
5599	7239
5920	7357
5921	7357
642	7359
3767	7947
3892	7211
5103	7235
5282	7423
5413	7845
1968	7261
3651	7875
5152	7417
303	8021
3706	7705
5904	7357
1296	7523
2938	7271
3711	7705
3786	7525
4799	7213
6036	7381
6914	7375
1779	7627
6525	7285
6742	7649
16	7389
134	7847
3330	7755
5464	7345
6101	7451
6236	7405
6653	7301
5689	7761
1053	7609
1108	7319
2152	7249
2203	7229
4052	7311
4242	7913
4581	7395
5028	7505
6349	7507
7116	7275
5800	7653
324	7377
5441	7459
6961	7363
310	7767
1703	7411
2547	7297
5688	7761
2933	7271
5769	7731
6071	7933
249	7887
840	7749
1420	7687
3704	7705
6438	7797
7029	7329
136	7847
298	7829
3510	7231
5896	7357
1289	7523
4230	7909
5759	7579
6163	7531
6305	7315
2364	7397
4729	7265
5411	7845
5922	7357
270	8051
422	7849
1391	7695
4308	7549
499	7463
1131	7253
1230	7809
2662	7547
3375	7281
3927	7393
4466	7465
4659	7591
1285	7523
2108	7249
4009	7421
5368	7673
5466	7345
1405	8031
2233	7335
2536	7297
7044	7329
7101	7257
6890	7555
487	7659
1704	7411
4208	7447
707	7661
2766	7205
5341	7587
6033	7381
336	7753
4573	7395
5820	7989
4472	7465
6544	7693
6739	7649
3596	7283
5989	7655
245	8009
3225	7279
6578	7287
6740	7649
281	7607
3448	7349
4291	7549
1030	7219
4836	7449
3024	7583
1788	7627
2907	7413
4111	7353
6702	7245
389	7217
773	7897
2540	7297
2827	7773
2963	7343
3787	7525
609	7419
3168	7237
4852	7509
5657	7603
6162	7531
401	7217
1777	7627
2313	7739
3270	7991
3939	7967
6160	7531
4891	7535
5474	7345
5687	7761
6261	7641
6396	7201
1209	7837
1731	7323
1973	7261
2094	7249
3380	7905
4465	7465
4422	7207
4620	7457
3226	7279
4569	7395
5726	7679
873	7251
3517	7231
4240	7913
1726	7323
2417	7293
2611	7629
3668	7615
2479	7209
6771	8075
1985	7261
3062	7369
3255	7493
3780	7525
4165	7813
1222	7867
4782	7213
4916	7763
6592	7287
4622	7457
5051	7415
2767	7205
5144	7417
3611	7663
6552	7693
6732	7649
2170	7527
3120	7399
3191	7623
3614	7663
4619	7457
5751	7579
6441	7797
1622	7959
1991	7261
2176	7527
3619	7663
6515	7285
7192	7557
330	8013
4365	7789
7143	7581
1831	7223
2236	7335
4113	7353
2015	7261
2428	7293
3021	7583
4019	7421
5339	7587
1574	7291
2302	7739
3355	7719
3566	7857
3640	7781
4779	7213
5360	7673
6095	7451
6870	7475
2965	7343
3648	7875
5033	7505
86	7973
4548	7395
4801	7213
6761	7671
778	7897
1355	7221
3025	7583
3789	7525
4477	7465
1584	8037
1643	7435
2112	7249
2195	7229
2892	7443
3076	7713
4301	7549
4657	7591
5394	7425
3222	7279
4492	7757
2022	7261
3890	7211
4087	7445
4284	7549
5671	7815
6450	7645
118	7717
2010	7261
4661	7591
1746	7873
3046	7331
4140	7247
4604	7601
6851	7599
397	7217
2964	7343
3451	7349
5537	7513
306	8039
3871	7709
4092	7445
1446	7685
3100	7455
3190	7623
3649	7875
4055	7311
4634	7403
396	7217
4917	7763
1067	7689
3061	7369
5053	7415
5727	7679
866	7251
1386	7831
2858	7341
4147	7247
399	7217
4687	7481
4850	7509
4954	7483
6408	7201
658	7473
1321	7625
1535	7321
2478	7209
2831	7773
6161	7531
6401	7201
2354	7397
3612	7663
5192	7553
5906	7357
5915	7357
1332	7681
2148	7249
3372	7281
3908	7365
4120	7353
4544	7395
5284	7423
7179	7437
1100	7319
1604	7821
2169	7527
4610	7601
4612	7601
3185	7623
4207	7447
6987	7969
7088	7257
4051	7311
4642	7811
512	7561
2853	7341
2979	7529
5950	7337
6121	7915
2024	7261
2477	7209
4005	7421
1085	7309
5483	7721
6259	7641
7111	7275
1773	7627
3585	7827
3635	7351
5167	7417
170	7667
1169	7631
1531	7321
3407	7805
5914	7357
268	7921
1829	7223
3525	7597
3917	8043
5853	7401
599	7419
709	7661
1885	7677
1972	7261
3292	7621
3308	7743
5917	7357
6737	7649
7141	7581
825	8019
2314	7739
4864	7765
5919	7357
1167	7631
3697	7705
5275	7423
6522	7285
215	7953
1653	7333
2502	7783
2812	7205
5283	7423
6076	8053
6738	7649
3370	7281
4243	7913
6815	7461
7157	8003
169	7667
2885	7443
3141	7691
4936	7495
5697	7787
1421	7687
7060	7793
31	7965
1365	7919
4115	7353
4791	7213
6585	7287
524	7619
2308	7739
2500	7783
4209	7447
5732	7679
6518	7285
1572	7291
2142	7249
3918	8043
5502	7711
6556	7693
812	7699
6798	7889
1702	7411
3228	7279
3788	7525
6947	7385
2784	7205
5703	7975
586	7419
2610	7629
5597	7239
5724	7679
1031	7219
1619	7959
1695	7347
3243	7279
7191	7557
1005	7379
2445	7325
3766	7947
4022	7421
6814	7461
48	7885
1359	7221
1843	7223
2991	7799
3026	7583
232	7241
2318	7739
5789	7653
6524	7285
7087	7257
5660	7603
2810	7205
4557	7395
5361	7673
6840	7515
1842	7223
2305	7739
3150	7635
5484	7721
5749	7579
6845	7515
7156	8003
47	7885
2412	7293
4008	7421
4145	7247
5733	7679
5907	7357
6559	7693
3748	7565
4194	7447
4426	7207
6646	7301
4417	7207
2147	7249
2297	7739
4898	7569
5568	7541
6650	7301
458	7409
1994	7261
1996	7261
2126	7249
1297	7523
3236	7279
3863	7709
4088	7445
6648	7301
1237	7999
1850	7223
7034	7329
874	7251
4999	7373
6093	7451
6508	7285
6780	7971
4142	7247
6640	7301
1295	7523
2809	7205
5146	7417
5149	7417
5418	7845
6926	7877
3492	7231
6338	7469
6751	7367
4546	7395
5271	7423
6595	7287
6911	7375
637	7359
1591	7361
2587	7617
3060	7369
3420	7595
3901	7211
4558	7395
4744	7355
5664	7603
2127	7249
2300	7739
3020	7583
5007	7373
877	7251
1347	7221
1376	7871
2607	7629
4992	7373
6158	7531
7085	7257
278	7427
584	7419
634	7359
1424	7687
1882	7677
2980	7529
5988	7655
6470	7533
596	7419
5247	7737
17	7389
758	7995
1135	7253
4355	8025
5725	7679
6551	7693
1977	7261
2943	7271
5762	7579
2234	7335
2786	7205
6303	7315
536	7317
3738	7565
5503	7711
5561	7541
6768	8075
7043	7329
1137	7253
2284	7739
4091	7445
5467	7345
5894	7357
106	7651
870	7251
880	7251
1294	7523
1679	7545
4607	7601
4741	7355
4743	7355
4833	7449
5074	7233
6013	7199
973	7277
1253	7613
1400	7571
2315	7739
612	7419
1503	7321
3293	7621
116	7717
882	7251
4476	7465
5802	7653
6054	7803
2289	7739
3799	7299
4462	7465
366	7559
4480	7465
1660	7333
2594	7617
2966	7343
3701	7705
4816	7941
6697	7245
2099	7249
2235	7335
250	7887
1401	7571
1775	7627
2471	7209
158	7977
905	7269
3139	7691
5391	7425
6523	7285
6962	7363
7096	7257
5768	7731
6699	7245
518	8063
3041	7331
5595	7239
6246	7405
2168	7527
4169	7813
691	7777
820	7521
1185	7307
3499	7231
5071	7233
5602	7239
647	7359
935	7391
2312	7739
2590	7617
2614	7629
2663	7547
5443	7459
6503	7285
865	7251
1825	7223
4854	7509
5608	7239
5670	7815
5752	7579
706	7661
1004	7379
1134	7253
1536	7321
2703	7491
2887	7443
4150	7247
2128	7249
2961	7343
3634	7351
5150	7417
1062	8011
1615	7959
1677	7545
2131	7249
5154	7417
5157	7417
5475	7345
5952	7337
466	7895
775	7897
2472	7209
4985	7373
5410	7845
779	7897
3527	7597
5569	7541
5612	7239
2551	7297
4856	7509
6109	7575
2361	7397
2931	7271
193	7471
2110	7249
4745	7355
5156	7417
5533	7513
185	8089
998	7379
4853	7509
37	7807
1837	7223
2096	7249
2351	7397
4206	7447
2763	7205
6108	7575
1356	7221
2321	7739
3263	7985
4089	7445
7102	7257
242	8023
2582	7617
5220	7225
5663	7603
75	7703
752	7957
1110	7319
1392	7695
4013	7421
4173	7813
5958	7337
6509	7285
7041	7329
7098	7257
3896	7211
4294	7549
4380	7563
4862	7765
5362	7673
6652	7301
776	7897
4429	7207
175	8027
2118	7249
2912	7413
5987	7655
275	7427
2323	7739
3745	7565
4414	7207
6886	7555
3928	7393
6351	7507
1312	7625
2559	7297
2880	7443
3096	7455
5321	7431
2612	7629
2890	7443
4699	7481
4783	7213
5246	7737
5279	7423
817	8085
1544	7321
5163	7417
7056	7793
64	7303
2958	7343
5429	8091
5601	7239
32	7965
3336	7955
4887	7535
5110	7235
2221	7335
2654	7633
3099	7455
5682	7819
730	7769
3114	7399
4205	7447
339	7753
1173	7631
5345	7587
884	7251
2223	7335
3951	7823
4283	7549
5436	7327
5829	7929
393	7217
4299	7549
4797	7213
6035	7381
1109	7319
1242	7881
2136	7249
3703	7705
5272	7423
5415	7845
1998	7261
6115	7683
926	7935
2005	7261
6304	7315
7145	7581
1692	7347
2360	7397
3633	7351
5683	7819
2146	7249
3832	7883
6558	7693
7027	7329
176	8027
2357	7397
3040	7331
3497	7231
5610	7239
5801	7653
1357	7221
2856	7341
2906	7413
3241	7279
2556	7297
4482	7465
4802	7213
6045	7795
514	7561
1139	7253
3328	7755
4611	7601
5069	7233
65	7303
475	7725
4474	7465
4547	7395
6700	7245
2496	7783
2814	7205
3234	7279
3491	7231
3749	7565
6741	7649
1130	7253
1501	7321
3166	7237
3312	7611
3920	7979
4053	7311
5761	7579
148	7733
343	8079
1867	7441
2698	7491
3186	7623
6347	7507
1975	7261
2419	7293
2452	7325
276	7427
708	7661
3302	8015
6150	7825
6330	7469
211	7917
365	7559
3746	7565
4024	7421
972	7277
2811	7205
3373	7281
5955	7337
1317	7625
2286	7739
3941	7967
4244	7913
4463	7465
5409	7845
5606	7239
6397	7201
418	7849
1856	7223
2006	7261
4567	7395
5006	7373
1897	7227
1978	7261
3699	7705
354	7305
764	7745
2020	7261
2474	7209
2773	7205
3382	7905
5099	7235
5224	7225
6454	7645
3844	8035
5541	7513
5970	7543
6504	7285
2358	7397
3864	7709
5108	7235
1171	7631
3600	7283
5694	7787
1524	7321
3850	7707
5298	7387
2009	7261
2098	7249
3124	7399
3869	7709
1201	7837
4202	7447
6843	7515
6864	7475
1848	7223
2144	7249
3489	7231
4146	7247
7037	7329
419	7849
3129	7501
883	7251
5343	7587
613	7419
2369	7397
3965	7891
1107	7319
2019	7261
2447	7325
2932	7271
5673	7815
6867	7475
595	7419
2231	7335
3374	7281
3432	7595
527	7619
2962	7343
3599	7283
5990	7655
6043	7795
4144	7247
5268	7423
5526	7513
6146	7825
6229	7405
4723	7265
5791	7653
6287	7383
2804	7205
5755	7579
6817	7461
6854	7599
145	7733
292	7949
739	7879
39	7807
296	7829
3820	7675
4344	7859
5757	7579
6275	7657
1617	7959
4820	7941
6440	7797
345	8079
420	7849
598	7419
3503	7231
3710	7705
5971	7543
5972	7543
6336	7469
6682	7245
58	7303
838	7749
995	7379
1029	7219
4303	7549
4549	7395
5525	7513
390	7217
898	7269
1104	7319
4116	7353
6147	7825
7177	7437
2836	7773
3617	7663
4479	7465
5384	7425
5856	7401
6144	7825
6334	7469
731	7769
774	7897
2794	7205
4805	7213
5106	7235
3320	7371
4335	8071
1162	7631
5075	7233
906	7269
2960	7343
2978	7529
4550	7395
7099	7257
1722	7323
1747	7873
2850	7341
4942	7495
1012	7439
4832	7449
4341	7859
1529	7321
5107	7235
1318	7625
1638	7435
2561	7297
5416	7845
4561	7395
5948	7337
6733	7649
1133	7253
1445	7685
1770	7627
2025	7261
6406	7201
6730	7649
369	7559
2125	7249
2682	7779
5705	7975
3059	7369
4742	7355
5430	8091
6823	7461
2779	7205
5363	7673
6813	7461
4107	7353
5346	7587
3573	7771
1102	7319
2828	7773
1835	7223
4198	7447
5322	7431
5901	7357
6774	7605
2584	7617
3550	7701
5754	7579
6034	7381
6090	7451
6188	7869
2566	7297
5954	7337
394	7217
982	7277
1521	7321
2095	7249
4410	7207
2503	7783
5723	7679
5956	7337
591	7419
4033	7421
5024	7505
6265	7641
1881	7677
3493	7231
3816	7675
4229	7909
4566	7395
4838	7449
6316	7267
6871	7475
1221	7867
2672	7429
3830	7883
1287	7523
1527	7321
2007	7261
2425	7293
2981	7529
6204	7843
486	7659
980	7277
1280	7523
2911	7413
5609	7239
585	7419
1786	7627
4003	7421
6186	7869
174	8027
353	7305
2197	7229
2849	7341
4232	7909
4382	7563
5476	7345
6965	7363
355	7305
416	7849
742	7879
2806	7205
2913	7413
3329	7755
5953	7337
5201	7553
301	8021
5042	7243
2018	7261
1738	7945
2423	7293
2665	7547
4689	7481
101	7651
1826	7223
5617	7239
5986	7655
534	7317
661	7473
2135	7249
2539	7297
2805	7205
3005	7835
3294	7621
4028	7421
6781	7971
1507	7321
5417	7845
5528	7513
7007	7453
1741	7945
3667	7615
602	7419
1739	7945
1872	7441
2404	7293
1129	7253
1315	7625
4108	7353
5003	7373
3900	7211
4153	7247
352	7305
404	7217
1581	8037
2895	7443
3148	7635
3349	8001
5102	7235
5473	7345
6125	7915
1200	7837
3019	7583
4112	7353
6888	7555
1324	7625
4222	7909
6609	7273
589	7419
3273	7991
3537	7503
802	7697
4110	7353
6091	7451
6145	7825
962	7277
1749	7873
6203	7843
1740	7945
6405	7201
3	8077
99	7651
2476	7209
2798	7205
6520	7285
675	7727
788	7467
1974	7261
3501	7231
4635	7403
5563	7541
6549	7693
3650	7875
6116	7683
1184	7307
1281	7523
4226	7909
4496	7757
5631	7643
1710	7899
3394	7539
1036	7219
1235	7999
1728	7323
4007	7421
4050	7311
970	7277
1292	7523
1419	7687
3868	7709
437	7203
1666	7943
1668	7943
2291	7739
2319	7739
3756	7927
4152	7247
4475	7465
6753	7367
4563	7395
5637	7643
5753	7579
6407	7201
3045	7331
4014	7421
4603	7601
5974	7543
112	7851
711	7661
1037	7219
1105	7319
2451	7325
5616	7239
5911	7357
6123	7915
6476	7533
965	7277
3396	7539
3889	7211
5720	7679
6319	7267
617	7419
1068	7689
2650	7633
3023	7583
4307	7549
4701	7481
5662	7603
453	7409
2132	7249
2609	7629
4794	7213
5449	7497
501	7463
1160	7631
1377	7871
2134	7249
6010	7199
6734	7649
1447	7685
2113	7249
2793	7205
3387	7833
3707	7705
6012	7199
6943	7385
3526	7597
4333	8071
19	7389
72	7703
1243	7881
5748	7579
27	7939
2021	7261
2910	7413
2915	7413
3765	7947
6240	7405
6270	7723
3128	7501
4298	7549
1174	7631
2304	7739
4572	7395
5073	7233
5281	7423
2002	7261
3511	7231
3281	7585
5269	7423
5788	7653
6612	7273
4086	7445
6021	7199
963	7277
5828	7929
5942	7337
6381	7201
484	7659
1320	7625
1771	7627
4295	7549
4542	7395
5162	7417
18	7389
234	7241
3404	7805
3559	7637
4788	7213
5903	7357
25	7939
590	7419
1658	7333
2625	7339
6588	7287
164	7489
241	8023
2495	7783
2560	7297
5945	7337
7063	7793
3080	7863
4154	7247
5538	7513
3130	7501
3643	7901
789	7467
5893	7357
6421	7255
6816	7461
1035	7219
2004	7261
3616	7663
3849	7707
6639	7301
1101	7319
1984	7261
4231	7909
5487	7721
5501	7711
1437	7479
3514	7231
4837	7449
5529	7513
4204	7447
7193	7557
605	7419
5918	7357
2320	7739
3831	7883
1969	7261
3898	7211
4200	7447
5470	7345
5472	7345
6473	7533
367	7559
3819	7675
4834	7449
6790	7865
2790	7205
3359	7519
5164	7417
127	7775
2936	7271
3628	7729
3962	7891
4874	7551
6131	7499
2120	7249
5605	7239
7178	7437
4574	7395
5495	7961
1904	7227
2454	7325
2681	7779
3613	7663
6391	7201
441	7203
2564	7297
6866	7475
368	7559
3245	7279
4065	7593
6395	7201
6812	7461
2537	7297
3044	7331
4734	7265
5196	7553
6386	7201
1283	7523
1838	7223
4415	7207
1032	7219
1244	7881
2704	7491
4286	7549
4889	7535
5447	7497
6581	7287
665	7473
1534	7321
1871	7441
2353	7397
6404	7201
7175	7437
757	7995
1549	7321
1571	7291
2782	7205
1512	7321
2222	7335
3371	7281
1277	7523
4073	7903
4282	7549
1331	7681
2878	7443
4789	7213
1855	7223
3948	7823
4938	7495
5760	7579
6114	7683
1730	7323
3445	7349
5010	7373
5504	7711
6200	7843
6519	7285
6437	7797
6521	7285
7174	7437
1060	8011
2111	7249
3747	7565
4025	7421
4433	7207
6698	7245
6925	7877
2481	7209
5603	7239
6014	7199
6908	7375
1039	7219
1620	7959
1635	7435
1729	7323
3296	7621
3735	7565
6584	7287
395	7217
6865	7475
4432	7207
2802	7205
6053	7803
7158	8003
1176	7631
1546	7321
4855	7509
4937	7495
219	8049
4026	7421
6428	7255
3346	8001
5796	7653
6855	7599
179	8005
790	7467
3705	7705
6293	7747
6651	7301
102	7651
2174	7527
2852	7341
4955	7483
6582	7287
6913	7375
5323	7431
2106	7249
533	7317
3381	7905
3840	8035
5222	7225
5905	7357
6298	7747
6554	7693
6820	7461
6944	7385
2150	7249
2795	7205
6294	7747
1236	7999
1314	7625
1502	7321
2813	7205
4500	7757
5661	7603
6189	7869
7030	7329
681	8045
1006	7379
3048	7331
3431	7595
3784	7525
1568	7291
3147	7635
7061	7793
507	7477
610	7419
1084	7309
2414	7293
2799	7205
2800	7205
3428	7595
4054	7311
5147	7417
6547	7693
105	7651
2553	7297
6250	7405
7104	7257
1429	7537
1682	7573
4704	7481
5	7259
1785	7627
2652	7633
795	8059
864	7251
2993	7799
4056	7311
4138	7247
4988	7373
2422	7293
5838	7433
3785	7525
4305	7549
7125	7817
240	8023
1001	7379
1333	7681
1905	7227
2630	7759
5895	7357
6264	7641
6782	7971
7144	7581
816	8085
900	7269
7086	7257
1667	7943
4354	8025
5049	7415
6032	7381
6306	7315
370	7559
473	7725
3427	7595
4018	7421
6238	7405
6696	7245
2175	7527
2407	7293
5615	7239
5767	7731
7003	7453
740	7879
804	7697
1081	7309
3058	7369
6507	7285
6977	7487
868	7251
2538	7297
2686	7779
2797	7205
3095	7455
3523	7597
6548	7693
6976	7487
2545	7297
3915	7669
5324	7431
1352	7221
2706	7491
2834	7773
3170	7237
4878	7567
6173	7511
2370	7397
2648	7633
4461	7465
5414	7845
6263	7641
7094	7257
1074	7963
1993	7261
2832	7773
3142	7691
3942	7967
5750	7579
6019	7199
645	7359
1052	7609
1603	7821
2707	7491
3867	7709
5105	7235
5951	7337
831	8057
2585	7617
3133	7839
4731	7265
5799	7653
713	7661
1508	7321
4170	7813
4809	7213
6346	7507
226	8069
872	7251
1003	7379
3907	7365
4245	7913
4994	7373
6269	7723
4987	7373
5565	7541
1852	7223
2859	7341
6725	7649
7129	7817
1127	7253
1211	7837
1435	7479
3782	7525
4568	7395
4810	7213
4996	7373
5977	7543
2626	7339
6350	7507
748	7589
1573	7291
5793	7653
5798	7653
733	7769
997	7379
1282	7523
2702	7491
3674	7295
4913	7763
6690	7245
1853	7223
2992	7799
3238	7279
3403	7805
5505	7711
89	7973
4224	7909
5101	7235
2167	7527
4560	7395
6297	7747
6337	7469
182	7407
921	7923
3742	7565
513	7561
2997	7799
4690	7481
6075	8053
1378	7871
3257	7493
4720	7265
5395	7425
2237	7335
2298	7739
4139	7247
5338	7587
6394	7201
2290	7739
7197	7557
440	7203
663	7473
1999	7261
4368	7789
5412	7845
5619	7239
5811	7951
6384	7201
608	7419
4863	7765
5026	7505
5899	7357
7062	7793
1425	7687
4381	7563
6760	7671
5396	7425
5859	7401
1594	7361
3164	7237
6425	7255
125	7775
191	7471
2942	7271
3227	7279
4280	7549
1694	7347
3163	7237
4481	7465
6022	7199
1564	7291
3171	7237
3899	7211
4300	7549
7042	7329
4325	7313
6429	7255
1071	7751
2200	7229
2350	7397
3167	7237
3891	7211
4279	7549
5534	7513
1061	8011
2400	7293
2772	7205
4223	7909
4350	7907
4796	7213
5822	7989
6009	7199
3450	7349
4012	7421
5641	7791
600	7419
1379	7871
3165	7237
5171	7417
4861	7765
4935	7495
5160	7417
6333	7469
3505	7231
4732	7265
6099	7451
1279	7523
2444	7325
2449	7325
2501	7783
3562	7637
6907	7375
2562	7297
5728	7679
6237	7405
6960	7363
3385	7833
415	7849
670	7741
671	7741
1138	7253
3754	7927
2655	7633
2777	7205
5539	7513
7148	7581
3734	7565
5000	7373
5557	7541
1748	7873
4703	7481
4897	7569
6132	7499
528	7619
1727	7323
391	7217
2012	7261
2029	7261
2293	7739
6681	7245
6950	7385
885	7251
1979	7261
4195	7447
5393	7425
277	7427
3393	7539
3627	7729
5347	7587
6467	7533
1859	7223
3331	7755
4559	7395
4910	7763
5900	7357
688	7777
1986	7261
4835	7449
4896	7569
5197	7553
435	7203
2893	7443
3072	7713
4933	7495
5066	7233
6142	7825
6517	7285
2700	7491
2764	7205
5270	7423
1350	7221
3736	7565
4117	7353
5367	7673
1286	7523
7057	7793
260	7517
712	7661
811	7699
2581	7617
3545	7701
2699	7491
4602	7601
5342	7587
813	7699
1676	7545
2649	7633
2945	7271
4057	7311
6611	7273
1038	7219
2151	7249
4600	7601
7091	7257
1781	7627
3321	7371
3744	7565
3781	7525
4580	7395
4940	7495
364	7559
1168	7631
1988	7261
6296	7747
6637	7301
517	8063
1841	7223
4343	7859
6655	7301
1399	7571
5359	7673
1618	7959
3295	7621
5386	7425
4808	7213
66	7303
601	7419
2546	7297
3233	7279
5229	7225
6891	7555
3422	7595
3739	7565
6468	7533
1844	7223
2494	7783
3242	7279
6430	7255
