id	type	origin	dest	dtime	vot
34	121	1	5	3	92.49037465789749
24	121	1	5	16	2.8581669786001545
40	121	1	5	32	36.10430413603879
31	121	1	5	36	38.783567870643836
12	121	1	5	41	31.79838574192041
7	121	1	5	50	27.62922183802941
13	121	1	5	78	32.262071131583895
36	121	1	5	107	43.3097430932532
21	121	1	5	142	47.46973605907038
2	121	1	5	192	15.918114280496873
8	121	1	5	205	11.783967948994675
35	121	1	5	207	4.86977531663428
37	121	1	5	231	22.056836343615835
10	121	1	5	247	10.681607066719884
4	121	1	5	252	21.688581692563883
6	121	1	5	268	14.540141575230582
32	121	1	5	283	4.395580119883733
33	121	1	5	289	6.404727790398734
11	121	1	5	291	103.5808076902391
23	121	1	5	313	11.189966485973866
15	121	1	5	319	12.907133232649832
3	121	1	5	334	9.469431915183009
1	121	1	5	336	17.050873036960876
38	121	1	5	342	0.4461974879553524
27	121	1	5	356	1.2284632953315824
9	121	1	5	365	3.412492709201221
22	121	1	5	399	25.328416365405964
30	121	1	5	411	42.8248954920562
28	121	1	5	449	0.9670576118997007
42	121	1	5	459	10.042515940054143
17	121	1	5	498	7.262034096291404
43	121	1	5	534	74.15739225472137
20	121	1	5	565	7.662563558026827
39	121	1	5	578	10.625568258749478
16	121	1	5	620	25.711532854043863
18	121	1	5	625	6.2900798019262645
26	121	1	5	691	3.4853561560607953
5	121	1	5	701	32.94024940127484
41	121	1	5	703	5.105285658360791
14	121	1	5	705	20.525798454662496
19	121	1	5	712	21.711330534191376
29	121	1	5	738	16.872122001534056
25	121	1	5	830	6.106539882185638
67	121	1	5	901	25.97052242911718
52	121	1	5	904	19.86634370923209
77	121	1	5	929	81.44058901263712
74	121	1	5	938	39.719088514893244
87	121	1	5	942	7.01570695416668
47	121	1	5	963	14.949879776530203
49	121	1	5	995	1.5102909862417286
48	121	1	5	1005	5.709703353014268
53	121	1	5	1015	7.497865630167448
60	121	1	5	1057	11.72319936075224
55	121	1	5	1063	3.059816942267581
50	121	1	5	1092	46.07928976387213
78	121	1	5	1141	11.896595462305257
44	121	1	5	1175	17.808487137220684
80	121	1	5	1182	12.081455875871892
83	121	1	5	1201	2.588330431406199
59	121	1	5	1223	12.011301000400929
81	121	1	5	1234	55.43716169946655
54	121	1	5	1238	25.799210317579156
46	121	1	5	1249	32.61902688398486
64	121	1	5	1280	17.238459722835575
75	121	1	5	1302	10.969296962915013
66	121	1	5	1327	1.2662659196401433
73	121	1	5	1361	15.164606012857519
58	121	1	5	1389	0.6272821505754275
70	121	1	5	1417	18.324902315793558
56	121	1	5	1422	10.770568617250916
76	121	1	5	1430	37.451626182166926
61	121	1	5	1471	3.8281272381620166
71	121	1	5	1517	27.423293278666243
68	121	1	5	1535	39.09961009129801
62	121	1	5	1536	22.0215541000611
82	121	1	5	1545	25.295142041009374
45	121	1	5	1569	21.227423192063398
84	121	1	5	1578	10.01189849015779
86	121	1	5	1632	26.109062355683182
69	121	1	5	1673	55.39480500396854
72	121	1	5	1683	14.345480382909077
79	121	1	5	1692	2.2840504094401757
63	121	1	5	1715	18.062810133568405
85	121	1	5	1725	11.94568548917926
57	121	1	5	1730	4.609119490247315
65	121	1	5	1760	6.801038811178646
51	121	1	5	1784	18.689913971125225
117	121	1	5	1808	17.583629213868615
130	121	1	5	1828	12.318039720912122
104	121	1	5	1843	3.033902150688857
108	121	1	5	1859	0.8633805050004093
102	121	1	5	1937	66.2451619528915
91	121	1	5	1953	21.421111518407468
121	121	1	5	2034	29.51260135540194
90	121	1	5	2035	23.129098652693596
95	121	1	5	2039	4.271400576019094
92	121	1	5	2047	23.646441884924137
101	121	1	5	2069	37.9191702343742
99	121	1	5	2071	5.865744280093245
128	121	1	5	2080	2.2433096577867953
106	121	1	5	2100	105.26839292196834
122	121	1	5	2165	12.98901255535084
125	121	1	5	2188	123.06947101228864
88	121	1	5	2228	28.02071954329948
111	121	1	5	2234	30.596979622592546
109	121	1	5	2241	8.774930443414313
126	121	1	5	2248	4.21480640560058
105	121	1	5	2285	2.3285200516923665
113	121	1	5	2285	10.466295071715702
123	121	1	5	2291	60.95157219370805
89	121	1	5	2316	4.42006034885807
119	121	1	5	2329	1.4791883747957786
112	121	1	5	2353	79.45349355498372
118	121	1	5	2375	41.35859659654389
107	121	1	5	2381	16.183371168347048
96	121	1	5	2384	4.46734620575321
124	121	1	5	2424	77.31005397051686
114	121	1	5	2453	26.87068659259633
94	121	1	5	2489	34.34402994766104
129	121	1	5	2509	17.62921551512039
110	121	1	5	2530	1.5531037075388425
120	121	1	5	2540	3.523237546433204
97	121	1	5	2552	7.968486126263306
116	121	1	5	2588	7.284866570689252
100	121	1	5	2609	111.83732172212652
103	121	1	5	2612	26.656738820731153
127	121	1	5	2630	81.22679419833352
93	121	1	5	2631	20.82653338277584
115	121	1	5	2641	20.195461375423786
98	121	1	5	2664	26.41185280743534
162	121	1	5	2741	0.7246469615673738
161	121	1	5	2742	35.90268800202616
163	121	1	5	2750	32.15748757727253
167	121	1	5	2781	0.0018944276545558346
170	121	1	5	2795	1.898830027252081
155	121	1	5	2799	80.95578959766425
131	121	1	5	2848	6.5271901939484644
168	121	1	5	2870	13.32915546326261
169	121	1	5	2884	32.70413252861387
158	121	1	5	2886	23.035562487177252
147	121	1	5	2939	60.1631637624047
172	121	1	5	2940	9.914333397410143
150	121	1	5	2947	43.183210978427994
159	121	1	5	2955	12.393400266478235
132	121	1	5	2994	2.827549079206819
133	121	1	5	3008	25.511307270927233
141	121	1	5	3013	34.272867032451266
166	121	1	5	3044	13.145523663099869
148	121	1	5	3053	2.0725960108722554
152	121	1	5	3063	17.68069149096398
136	121	1	5	3073	2.0669028548343538
174	121	1	5	3094	14.477578234369053
164	121	1	5	3106	17.153370532523887
149	121	1	5	3145	15.068004264783182
146	121	1	5	3148	41.23618363547058
154	121	1	5	3173	23.34524373255927
153	121	1	5	3228	29.97703993513953
145	121	1	5	3248	16.12831769062824
138	121	1	5	3273	61.66848652967317
151	121	1	5	3292	12.186097151282627
160	121	1	5	3309	2.8161864180154956
157	121	1	5	3319	94.21623161428549
171	121	1	5	3333	9.124242377502707
173	121	1	5	3391	17.74278174816743
134	121	1	5	3407	18.349084853262823
139	121	1	5	3465	0.22309737253817066
144	121	1	5	3496	6.14302915008621
143	121	1	5	3517	10.46573298488739
142	121	1	5	3533	4.002965710156945
156	121	1	5	3536	15.313372204014055
137	121	1	5	3558	26.10291857383871
135	121	1	5	3573	64.03557871705233
140	121	1	5	3579	21.486031474127373
165	121	1	5	3579	27.485537154455848
