2314	0	241.26315789473685	900	242.14285714285714	1800	243.5	2700	244.26315789473685	3600	251.86363636363637	4500	251.9090909090909	5400	256.85393258426967	6300	259.2705882352941	7200	241.46938775510205	8100	240.85714285714286	9000	241.86206896551724	9900	242.83333333333334	10800	241.125	11700	0.0	12600	0.0	13500	0.0	14400	0.0	15300	0.0	16200	0.0	17100	0.0	18000	0.0	18900	0.0	19800	0.0	20700	0.0	21600	0.0	22500	0.0	23400	0.0	24300	0.0	25200	0.0	26100	0.0	27000	0.0	27900	0.0	28800	0.0	29700	0.0	30600	0.0	31500	0.0	32400	0.0	33300	0.0	34200	0.0	35100	0.0	36000	0.0
12	0	362.25	900	363.0	1800	361.7142857142857	2700	364.0	3600	362.0	4500	361.5	5400	360.6666666666667	6300	360.8888888888889	7200	363.375	8100	361.90909090909093	9000	361.38461538461536	9900	361.2857142857143	10800	360.0	11700	0.0	12600	0.0	13500	0.0	14400	0.0	15300	0.0	16200	0.0	17100	0.0	18000	0.0	18900	0.0	19800	0.0	20700	0.0	21600	0.0	22500	0.0	23400	0.0	24300	0.0	25200	0.0	26100	0.0	27000	0.0	27900	0.0	28800	0.0	29700	0.0	30600	0.0	31500	0.0	32400	0.0	33300	0.0	34200	0.0	35100	0.0	36000	0.0
13	0	240.0	900	240.0	1800	240.0	2700	240.23076923076923	3600	240.09375	4500	240.42477876106196	5400	241.45	6300	240.15584415584416	7200	240.08823529411765	8100	240.0	9000	240.0	9900	240.0	10800	240.0	11700	0.0	12600	0.0	13500	0.0	14400	0.0	15300	0.0	16200	0.0	17100	0.0	18000	0.0	18900	0.0	19800	0.0	20700	0.0	21600	0.0	22500	0.0	23400	0.0	24300	0.0	25200	0.0	26100	0.0	27000	0.0	27900	0.0	28800	0.0	29700	0.0	30600	0.0	31500	0.0	32400	0.0	33300	0.0	34200	0.0	35100	0.0	36000	0.0
2322	0	241.16666666666666	900	241.66666666666666	1800	243.23076923076923	2700	247.5529411764706	3600	249.12	4500	279.072	5400	341.904	6300	313.5	7200	243.97826086956522	8100	244.08	9000	242.07272727272726	9900	243.3658536585366	10800	240.0	11700	0.0	12600	0.0	13500	0.0	14400	0.0	15300	0.0	16200	0.0	17100	0.0	18000	0.0	18900	0.0	19800	0.0	20700	0.0	21600	0.0	22500	0.0	23400	0.0	24300	0.0	25200	0.0	26100	0.0	27000	0.0	27900	0.0	28800	0.0	29700	0.0	30600	0.0	31500	0.0	32400	0.0	33300	0.0	34200	0.0	35100	0.0	36000	0.0
901919	0	7.384615384615385	900	6.90566037735849	1800	6.346153846153846	2700	6.84	3600	6.705882352941177	4500	7.827814569536423	5400	7.411764705882353	6300	6.823529411764706	7200	6.87378640776699	8100	6.777777777777778	9000	6.75	9900	6.230769230769231	10800	0.0	11700	0.0	12600	0.0	13500	0.0	14400	0.0	15300	0.0	16200	0.0	17100	0.0	18000	0.0	18900	0.0	19800	0.0	20700	0.0	21600	0.0	22500	0.0	23400	0.0	24300	0.0	25200	0.0	26100	0.0	27000	0.0	27900	0.0	28800	0.0	29700	0.0	30600	0.0	31500	0.0	32400	0.0	33300	0.0	34200	0.0	35100	0.0	36000	0.0
1419014	0	6.0	900	6.0	1800	6.0	2700	6.0	3600	6.0	4500	6.0	5400	6.0	6300	6.0	7200	6.0	8100	6.0	9000	6.0	9900	6.0	10800	6.0	11700	6.0	12600	6.0	13500	6.0	14400	0.0	15300	0.0	16200	0.0	17100	0.0	18000	0.0	18900	0.0	19800	0.0	20700	0.0	21600	0.0	22500	0.0	23400	0.0	24300	0.0	25200	0.0	26100	0.0	27000	0.0	27900	0.0	28800	0.0	29700	0.0	30600	0.0	31500	0.0	32400	0.0	33300	0.0	34200	0.0	35100	0.0	36000	0.0
2324	0	122.47058823529412	900	121.71428571428571	1800	122.72727272727273	2700	121.6875	3600	124.92	4500	122.86153846153846	5400	127.3972602739726	6300	123.64864864864865	7200	124.20689655172414	8100	123.23076923076923	9000	124.59740259740259	9900	123.23076923076923	10800	121.95652173913044	11700	126.0	12600	0.0	13500	0.0	14400	0.0	15300	0.0	16200	0.0	17100	0.0	18000	0.0	18900	0.0	19800	0.0	20700	0.0	21600	0.0	22500	0.0	23400	0.0	24300	0.0	25200	0.0	26100	0.0	27000	0.0	27900	0.0	28800	0.0	29700	0.0	30600	0.0	31500	0.0	32400	0.0	33300	0.0	34200	0.0	35100	0.0	36000	0.0
21	0	360.0	900	360.0	1800	360.0	2700	360.0	3600	360.0	4500	360.0	5400	360.0	6300	360.0	7200	360.0	8100	360.0	9000	360.0	9900	360.0	10800	360.0	11700	0.0	12600	0.0	13500	0.0	14400	0.0	15300	0.0	16200	0.0	17100	0.0	18000	0.0	18900	0.0	19800	0.0	20700	0.0	21600	0.0	22500	0.0	23400	0.0	24300	0.0	25200	0.0	26100	0.0	27000	0.0	27900	0.0	28800	0.0	29700	0.0	30600	0.0	31500	0.0	32400	0.0	33300	0.0	34200	0.0	35100	0.0	36000	0.0
902424	0	8.0	900	8.482758620689655	1800	7.6875	2700	7.5	3600	8.129032258064516	4500	10.369565217391305	5400	10.666666666666666	6300	8.950819672131148	7200	10.229508196721312	8100	8.25	9000	7.6875	9900	8.8	10800	0.0	11700	0.0	12600	0.0	13500	0.0	14400	0.0	15300	0.0	16200	0.0	17100	0.0	18000	0.0	18900	0.0	19800	0.0	20700	0.0	21600	0.0	22500	0.0	23400	0.0	24300	0.0	25200	0.0	26100	0.0	27000	0.0	27900	0.0	28800	0.0	29700	0.0	30600	0.0	31500	0.0	32400	0.0	33300	0.0	34200	0.0	35100	0.0	36000	0.0
1816	0	184.11764705882354	900	183.67741935483872	1800	185.7391304347826	2700	195.8360655737705	3600	209.27848101265823	4500	473.069387755102	5400	858.2857142857143	6300	1001.8644067796611	7200	990.0361445783133	8100	949.8571428571429	9000	779.5034482758621	9900	578.9174311926605	10800	204.24	11700	180.0	12600	0.0	13500	0.0	14400	0.0	15300	0.0	16200	0.0	17100	0.0	18000	0.0	18900	0.0	19800	0.0	20700	0.0	21600	0.0	22500	0.0	23400	0.0	24300	0.0	25200	0.0	26100	0.0	27000	0.0	27900	0.0	28800	0.0	29700	0.0	30600	0.0	31500	0.0	32400	0.0	33300	0.0	34200	0.0	35100	0.0	36000	0.0
26	0	305.25	900	311.17241379310343	1800	306.2857142857143	2700	440.3720930232558	3600	675.15	4500	1300.125	5400	1214.4444444444443	6300	728.6666666666666	7200	411.88235294117646	8100	309.75	9000	309.0	9900	304.42105263157896	10800	303.42857142857144	11700	0.0	12600	0.0	13500	0.0	14400	0.0	15300	0.0	16200	0.0	17100	0.0	18000	0.0	18900	0.0	19800	0.0	20700	0.0	21600	0.0	22500	0.0	23400	0.0	24300	0.0	25200	0.0	26100	0.0	27000	0.0	27900	0.0	28800	0.0	29700	0.0	30600	0.0	31500	0.0	32400	0.0	33300	0.0	34200	0.0	35100	0.0	36000	0.0
1820	0	240.8	900	241.06666666666666	1800	240.35294117647058	2700	241.24528301886792	3600	242.1639344262295	4500	243.13725490196077	5400	250.85549132947978	6300	248.32142857142858	7200	245.46067415730337	8100	242.4878048780488	9000	241.6421052631579	9900	241.24675324675326	10800	240.0	11700	0.0	12600	0.0	13500	0.0	14400	0.0	15300	0.0	16200	0.0	17100	0.0	18000	0.0	18900	0.0	19800	0.0	20700	0.0	21600	0.0	22500	0.0	23400	0.0	24300	0.0	25200	0.0	26100	0.0	27000	0.0	27900	0.0	28800	0.0	29700	0.0	30600	0.0	31500	0.0	32400	0.0	33300	0.0	34200	0.0	35100	0.0	36000	0.0
31	0	240.0	900	240.0	1800	240.0	2700	240.0	3600	240.0	4500	240.0	5400	240.0	6300	240.0	7200	240.0	8100	240.0	9000	240.0	9900	240.0	10800	240.0	11700	240.0	12600	240.0	13500	240.0	14400	0.0	15300	0.0	16200	0.0	17100	0.0	18000	0.0	18900	0.0	19800	0.0	20700	0.0	21600	0.0	22500	0.0	23400	0.0	24300	0.0	25200	0.0	26100	0.0	27000	0.0	27900	0.0	28800	0.0	29700	0.0	30600	0.0	31500	0.0	32400	0.0	33300	0.0	34200	0.0	35100	0.0	36000	0.0
319003	0	6.0	900	6.0	1800	6.0	2700	6.0	3600	6.0	4500	6.0	5400	6.0	6300	6.0	7200	6.0	8100	6.0	9000	6.0	9900	6.0	10800	6.0	11700	6.0	12600	6.0	13500	6.0	14400	0.0	15300	0.0	16200	0.0	17100	0.0	18000	0.0	18900	0.0	19800	0.0	20700	0.0	21600	0.0	22500	0.0	23400	0.0	24300	0.0	25200	0.0	26100	0.0	27000	0.0	27900	0.0	28800	0.0	29700	0.0	30600	0.0	31500	0.0	32400	0.0	33300	0.0	34200	0.0	35100	0.0	36000	0.0
1312	0	180.3913043478261	900	180.47058823529412	1800	180.21818181818182	2700	180.31578947368422	3600	180.31578947368422	4500	180.0	5400	180.14457831325302	6300	180.3	7200	180.28378378378378	8100	180.07142857142858	9000	180.21176470588236	9900	180.20338983050848	10800	180.0	11700	180.0	12600	0.0	13500	0.0	14400	0.0	15300	0.0	16200	0.0	17100	0.0	18000	0.0	18900	0.0	19800	0.0	20700	0.0	21600	0.0	22500	0.0	23400	0.0	24300	0.0	25200	0.0	26100	0.0	27000	0.0	27900	0.0	28800	0.0	29700	0.0	30600	0.0	31500	0.0	32400	0.0	33300	0.0	34200	0.0	35100	0.0	36000	0.0
34	0	240.0	900	240.0	1800	240.15	2700	240.3	3600	240.18556701030928	4500	240.20338983050848	5400	241.40890688259108	6300	241.0	7200	240.09230769230768	8100	240.12	9000	240.0	9900	240.12	10800	240.0	11700	0.0	12600	0.0	13500	0.0	14400	0.0	15300	0.0	16200	0.0	17100	0.0	18000	0.0	18900	0.0	19800	0.0	20700	0.0	21600	0.0	22500	0.0	23400	0.0	24300	0.0	25200	0.0	26100	0.0	27000	0.0	27900	0.0	28800	0.0	29700	0.0	30600	0.0	31500	0.0	32400	0.0	33300	0.0	34200	0.0	35100	0.0	36000	0.0
43	0	240.0	900	240.0	1800	240.0	2700	240.0	3600	240.09375	4500	240.0681818181818	5400	240.04724409448818	6300	240.0681818181818	7200	240.0	8100	240.0	9000	240.0	9900	240.0	10800	240.0	11700	240.0	12600	240.0	13500	240.0	14400	0.0	15300	0.0	16200	0.0	17100	0.0	18000	0.0	18900	0.0	19800	0.0	20700	0.0	21600	0.0	22500	0.0	23400	0.0	24300	0.0	25200	0.0	26100	0.0	27000	0.0	27900	0.0	28800	0.0	29700	0.0	30600	0.0	31500	0.0	32400	0.0	33300	0.0	34200	0.0	35100	0.0	36000	0.0
901414	0	8.9	900	10.947368421052632	1800	9.222222222222221	2700	18.864864864864863	3600	63.91304347826087	4500	169.45562130177515	5400	206.54651162790697	6300	103.85454545454546	7200	14.054054054054054	8100	12.295081967213115	9000	10.372881355932204	9900	15.428571428571429	10800	18.0	11700	0.0	12600	0.0	13500	0.0	14400	0.0	15300	0.0	16200	0.0	17100	0.0	18000	0.0	18900	0.0	19800	0.0	20700	0.0	21600	0.0	22500	0.0	23400	0.0	24300	0.0	25200	0.0	26100	0.0	27000	0.0	27900	0.0	28800	0.0	29700	0.0	30600	0.0	31500	0.0	32400	0.0	33300	0.0	34200	0.0	35100	0.0	36000	0.0
1324	0	243.16666666666666	900	243.8	1800	243.0	2700	308.57142857142856	3600	339.56043956043953	4500	667.045871559633	5400	1114.8521739130435	6300	1327.2	7200	1112.3636363636363	8100	876.4615384615385	9000	386.51612903225805	9900	247.25581395348837	10800	241.5	11700	0.0	12600	0.0	13500	0.0	14400	0.0	15300	0.0	16200	0.0	17100	0.0	18000	0.0	18900	0.0	19800	0.0	20700	0.0	21600	0.0	22500	0.0	23400	0.0	24300	0.0	25200	0.0	26100	0.0	27000	0.0	27900	0.0	28800	0.0	29700	0.0	30600	0.0	31500	0.0	32400	0.0	33300	0.0	34200	0.0	35100	0.0	36000	0.0
45	0	120.83333333333333	900	122.0	1800	121.2	2700	121.55555555555556	3600	122.39097744360902	4500	132.65024630541873	5400	148.6351931330472	6300	124.6984126984127	7200	124.73469387755102	8100	121.57009345794393	9000	122.42857142857143	9900	121.61538461538461	10800	121.2	11700	120.0	12600	0.0	13500	0.0	14400	0.0	15300	0.0	16200	0.0	17100	0.0	18000	0.0	18900	0.0	19800	0.0	20700	0.0	21600	0.0	22500	0.0	23400	0.0	24300	0.0	25200	0.0	26100	0.0	27000	0.0	27900	0.0	28800	0.0	29700	0.0	30600	0.0	31500	0.0	32400	0.0	33300	0.0	34200	0.0	35100	0.0	36000	0.0
2219022	0	6.0	900	6.0	1800	6.0	2700	6.0	3600	6.0	4500	6.0	5400	6.0	6300	6.0	7200	6.0	8100	6.0	9000	6.0	9900	6.0	10800	6.0	11700	6.0	12600	6.0	13500	6.0	14400	0.0	15300	0.0	16200	0.0	17100	0.0	18000	0.0	18900	0.0	19800	0.0	20700	0.0	21600	0.0	22500	0.0	23400	0.0	24300	0.0	25200	0.0	26100	0.0	27000	0.0	27900	0.0	28800	0.0	29700	0.0	30600	0.0	31500	0.0	32400	0.0	33300	0.0	34200	0.0	35100	0.0	36000	0.0
816	0	304.1860465116279	900	303.2631578947368	1800	304.94736842105266	2700	311.4255319148936	3600	312.0	4500	366.42857142857144	5400	467.76190476190476	6300	547.1904761904761	7200	543.1351351351351	8100	555.3818181818182	9000	474.76363636363635	9900	400.29545454545456	10800	303.6666666666667	11700	0.0	12600	0.0	13500	0.0	14400	0.0	15300	0.0	16200	0.0	17100	0.0	18000	0.0	18900	0.0	19800	0.0	20700	0.0	21600	0.0	22500	0.0	23400	0.0	24300	0.0	25200	0.0	26100	0.0	27000	0.0	27900	0.0	28800	0.0	29700	0.0	30600	0.0	31500	0.0	32400	0.0	33300	0.0	34200	0.0	35100	0.0	36000	0.0
1119011	0	6.0	900	6.0	1800	6.0	2700	6.0	3600	6.0	4500	6.0	5400	6.0	6300	6.0	7200	6.0	8100	6.0	9000	6.0	9900	6.0	10800	6.0	11700	6.0	12600	6.0	13500	6.0	14400	0.0	15300	0.0	16200	0.0	17100	0.0	18000	0.0	18900	0.0	19800	0.0	20700	0.0	21600	0.0	22500	0.0	23400	0.0	24300	0.0	25200	0.0	26100	0.0	27000	0.0	27900	0.0	28800	0.0	29700	0.0	30600	0.0	31500	0.0	32400	0.0	33300	0.0	34200	0.0	35100	0.0	36000	0.0
54	0	120.4	900	120.0	1800	120.11764705882354	2700	120.07594936708861	3600	120.06741573033707	4500	120.48484848484848	5400	120.23809523809524	6300	121.38461538461539	7200	120.34482758620689	8100	120.4235294117647	9000	120.08571428571429	9900	120.29032258064517	10800	120.0	11700	120.0	12600	120.0	13500	120.0	14400	0.0	15300	0.0	16200	0.0	17100	0.0	18000	0.0	18900	0.0	19800	0.0	20700	0.0	21600	0.0	22500	0.0	23400	0.0	24300	0.0	25200	0.0	26100	0.0	27000	0.0	27900	0.0	28800	0.0	29700	0.0	30600	0.0	31500	0.0	32400	0.0	33300	0.0	34200	0.0	35100	0.0	36000	0.0
1919019	0	6.0	900	6.0	1800	6.0	2700	6.0	3600	6.0	4500	6.0	5400	6.0	6300	6.0	7200	6.0	8100	6.0	9000	6.0	9900	6.0	10800	6.0	11700	6.0	12600	0.0	13500	6.0	14400	0.0	15300	0.0	16200	0.0	17100	0.0	18000	0.0	18900	0.0	19800	0.0	20700	0.0	21600	0.0	22500	0.0	23400	0.0	24300	0.0	25200	0.0	26100	0.0	27000	0.0	27900	0.0	28800	0.0	29700	0.0	30600	0.0	31500	0.0	32400	0.0	33300	0.0	34200	0.0	35100	0.0	36000	0.0
312	0	240.72	900	240.0	1800	240.7058823529412	2700	240.80597014925374	3600	240.36	4500	240.15189873417722	5400	240.06521739130434	6300	240.89655172413794	7200	240.54545454545453	8100	240.47368421052633	9000	240.0	9900	240.0	10800	240.0	11700	0.0	12600	0.0	13500	0.0	14400	0.0	15300	0.0	16200	0.0	17100	0.0	18000	0.0	18900	0.0	19800	0.0	20700	0.0	21600	0.0	22500	0.0	23400	0.0	24300	0.0	25200	0.0	26100	0.0	27000	0.0	27900	0.0	28800	0.0	29700	0.0	30600	0.0	31500	0.0	32400	0.0	33300	0.0	34200	0.0	35100	0.0	36000	0.0
56	0	246.9	900	245.4375	1800	246.9375	2700	286.1	3600	313.04347826086956	4500	447.20454545454544	5400	581.0	6300	389.5238095238095	7200	268.72727272727275	8100	251.68965517241378	9000	247.27659574468086	9900	251.6727272727273	10800	244.63636363636363	11700	240.0	12600	240.0	13500	240.0	14400	0.0	15300	0.0	16200	0.0	17100	0.0	18000	0.0	18900	0.0	19800	0.0	20700	0.0	21600	0.0	22500	0.0	23400	0.0	24300	0.0	25200	0.0	26100	0.0	27000	0.0	27900	0.0	28800	0.0	29700	0.0	30600	0.0	31500	0.0	32400	0.0	33300	0.0	34200	0.0	35100	0.0	36000	0.0
59	0	300.38709677419354	900	300.64864864864865	1800	301.4634146341463	2700	302.0506329113924	3600	305.5135135135135	4500	332.42105263157896	5400	460.6637554585153	6300	574.3333333333334	7200	392.11267605633805	8100	300.5274725274725	9000	300.7826086956522	9900	300.5	10800	300.0	11700	0.0	12600	0.0	13500	0.0	14400	0.0	15300	0.0	16200	0.0	17100	0.0	18000	0.0	18900	0.0	19800	0.0	20700	0.0	21600	0.0	22500	0.0	23400	0.0	24300	0.0	25200	0.0	26100	0.0	27000	0.0	27900	0.0	28800	0.0	29700	0.0	30600	0.0	31500	0.0	32400	0.0	33300	0.0	34200	0.0	35100	0.0	36000	0.0
62	0	300.0	900	301.15384615384613	1800	301.5652173913044	2700	300.85714285714283	3600	301.75	4500	301.3170731707317	5400	301.7142857142857	6300	301.54285714285714	7200	300.85714285714283	8100	301.94594594594594	9000	301.86206896551727	9900	302.14285714285717	10800	301.30434782608694	11700	306.0	12600	0.0	13500	0.0	14400	0.0	15300	0.0	16200	0.0	17100	0.0	18000	0.0	18900	0.0	19800	0.0	20700	0.0	21600	0.0	22500	0.0	23400	0.0	24300	0.0	25200	0.0	26100	0.0	27000	0.0	27900	0.0	28800	0.0	29700	0.0	30600	0.0	31500	0.0	32400	0.0	33300	0.0	34200	0.0	35100	0.0	36000	0.0
65	0	241.68	900	242.2	1800	242.5	2700	242.51612903225808	3600	242.71698113207546	4500	242.90322580645162	5400	243.44262295081967	6300	243.27272727272728	7200	243.6	8100	242.93617021276594	9000	242.59459459459458	9900	242.09302325581396	10800	240.75	11700	0.0	12600	0.0	13500	0.0	14400	0.0	15300	0.0	16200	0.0	17100	0.0	18000	0.0	18900	0.0	19800	0.0	20700	0.0	21600	0.0	22500	0.0	23400	0.0	24300	0.0	25200	0.0	26100	0.0	27000	0.0	27900	0.0	28800	0.0	29700	0.0	30600	0.0	31500	0.0	32400	0.0	33300	0.0	34200	0.0	35100	0.0	36000	0.0
902222	0	7.9375	900	9.0625	1800	8.288659793814434	2700	11.169230769230769	3600	16.03076923076923	4500	17.773972602739725	5400	16.942372881355933	6300	11.269035532994923	7200	17.3125	8100	9.456521739130435	9000	10.158415841584159	9900	7.878787878787879	10800	12.0	11700	0.0	12600	0.0	13500	0.0	14400	0.0	15300	0.0	16200	0.0	17100	0.0	18000	0.0	18900	0.0	19800	0.0	20700	0.0	21600	0.0	22500	0.0	23400	0.0	24300	0.0	25200	0.0	26100	0.0	27000	0.0	27900	0.0	28800	0.0	29700	0.0	30600	0.0	31500	0.0	32400	0.0	33300	0.0	34200	0.0	35100	0.0	36000	0.0
68	0	124.3076923076923	900	124.06153846153846	1800	122.76190476190476	2700	128.1875	3600	157.27118644067798	4500	197.64406779661016	5400	248.3684210526316	6300	404.60869565217394	7200	541.0555555555555	8100	446.958904109589	9000	185.04761904761904	9900	125.38235294117646	10800	124.83870967741936	11700	0.0	12600	0.0	13500	0.0	14400	0.0	15300	0.0	16200	0.0	17100	0.0	18000	0.0	18900	0.0	19800	0.0	20700	0.0	21600	0.0	22500	0.0	23400	0.0	24300	0.0	25200	0.0	26100	0.0	27000	0.0	27900	0.0	28800	0.0	29700	0.0	30600	0.0	31500	0.0	32400	0.0	33300	0.0	34200	0.0	35100	0.0	36000	0.0
2120	0	360.75	900	361.5	1800	361.125	2700	360.96774193548384	3600	361.0243902439024	4500	362.2857142857143	5400	367.70642201834863	6300	364.8	7200	361.4237288135593	8100	360.91525423728814	9000	362.75	9900	361.5	10800	364.5	11700	0.0	12600	0.0	13500	0.0	14400	0.0	15300	0.0	16200	0.0	17100	0.0	18000	0.0	18900	0.0	19800	0.0	20700	0.0	21600	0.0	22500	0.0	23400	0.0	24300	0.0	25200	0.0	26100	0.0	27000	0.0	27900	0.0	28800	0.0	29700	0.0	30600	0.0	31500	0.0	32400	0.0	33300	0.0	34200	0.0	35100	0.0	36000	0.0
1610	0	242.1891891891892	900	242.8988764044944	1800	242.90322580645162	2700	243.5702479338843	3600	244.72131147540983	4500	254.77685950413223	5400	262.5123966942149	6300	312.24793388429754	7200	357.2950819672131	8100	389.75206611570246	9000	399.42148760330576	9900	399.42148760330576	10800	399.39344262295083	11700	399.3719008264463	12600	389.94594594594594	13500	0.0	14400	0.0	15300	0.0	16200	0.0	17100	0.0	18000	0.0	18900	0.0	19800	0.0	20700	0.0	21600	0.0	22500	0.0	23400	0.0	24300	0.0	25200	0.0	26100	0.0	27000	0.0	27900	0.0	28800	0.0	29700	0.0	30600	0.0	31500	0.0	32400	0.0	33300	0.0	34200	0.0	35100	0.0	36000	0.0
2122	0	123.07692307692308	900	124.21052631578948	1800	124.03636363636363	2700	135.08333333333334	3600	144.93975903614458	4500	590.5588235294117	5400	514.6153846153846	6300	216.7826086956522	7200	576.9655172413793	8100	485.2	9000	151.52941176470588	9900	123.6470588235294	10800	120.0	11700	120.0	12600	0.0	13500	0.0	14400	0.0	15300	0.0	16200	0.0	17100	0.0	18000	0.0	18900	0.0	19800	0.0	20700	0.0	21600	0.0	22500	0.0	23400	0.0	24300	0.0	25200	0.0	26100	0.0	27000	0.0	27900	0.0	28800	0.0	29700	0.0	30600	0.0	31500	0.0	32400	0.0	33300	0.0	34200	0.0	35100	0.0	36000	0.0
2124	0	184.28571428571428	900	186.26666666666668	1800	184.0909090909091	2700	194.90322580645162	3600	288.62068965517244	4500	783.8863636363636	5400	1135.5365853658536	6300	1131.25	7200	1156.357142857143	8100	957.125	9000	351.64285714285717	9900	191.64705882352942	10800	186.5	11700	0.0	12600	0.0	13500	0.0	14400	0.0	15300	0.0	16200	0.0	17100	0.0	18000	0.0	18900	0.0	19800	0.0	20700	0.0	21600	0.0	22500	0.0	23400	0.0	24300	0.0	25200	0.0	26100	0.0	27000	0.0	27900	0.0	28800	0.0	29700	0.0	30600	0.0	31500	0.0	32400	0.0	33300	0.0	34200	0.0	35100	0.0	36000	0.0
819008	0	6.0	900	6.0	1800	6.0	2700	6.0	3600	6.0	4500	6.0	5400	6.0	6300	6.0	7200	6.0	8100	6.0	9000	6.0	9900	6.0	10800	6.0	11700	6.0	12600	0.0	13500	0.0	14400	0.0	15300	0.0	16200	0.0	17100	0.0	18000	0.0	18900	0.0	19800	0.0	20700	0.0	21600	0.0	22500	0.0	23400	0.0	24300	0.0	25200	0.0	26100	0.0	27000	0.0	27900	0.0	28800	0.0	29700	0.0	30600	0.0	31500	0.0	32400	0.0	33300	0.0	34200	0.0	35100	0.0	36000	0.0
2119021	0	6.0	900	6.0	1800	6.0	2700	6.0	3600	6.0	4500	6.0	5400	6.0	6300	6.0	7200	6.0	8100	6.0	9000	6.0	9900	6.0	10800	6.0	11700	6.0	12600	6.0	13500	0.0	14400	0.0	15300	0.0	16200	0.0	17100	0.0	18000	0.0	18900	0.0	19800	0.0	20700	0.0	21600	0.0	22500	0.0	23400	0.0	24300	0.0	25200	0.0	26100	0.0	27000	0.0	27900	0.0	28800	0.0	29700	0.0	30600	0.0	31500	0.0	32400	0.0	33300	0.0	34200	0.0	35100	0.0	36000	0.0
78	0	182.2	900	185.55	1800	192.1304347826087	2700	205.31506849315068	3600	230.25882352941176	4500	909.0697674418604	5400	2600.4	6300	2468.076923076923	7200	2298.4477611940297	8100	1807.6744186046512	9000	1188.0	9900	428.44444444444446	10800	180.85714285714286	11700	0.0	12600	0.0	13500	0.0	14400	0.0	15300	0.0	16200	0.0	17100	0.0	18000	0.0	18900	0.0	19800	0.0	20700	0.0	21600	0.0	22500	0.0	23400	0.0	24300	0.0	25200	0.0	26100	0.0	27000	0.0	27900	0.0	28800	0.0	29700	0.0	30600	0.0	31500	0.0	32400	0.0	33300	0.0	34200	0.0	35100	0.0	36000	0.0
1619016	0	6.0	900	6.0	1800	6.0	2700	6.0	3600	6.0	4500	6.0	5400	6.0	6300	6.0	7200	6.0	8100	6.0	9000	6.0	9900	6.0	10800	6.0	11700	6.0	12600	0.0	13500	0.0	14400	0.0	15300	0.0	16200	0.0	17100	0.0	18000	0.0	18900	0.0	19800	0.0	20700	0.0	21600	0.0	22500	0.0	23400	0.0	24300	0.0	25200	0.0	26100	0.0	27000	0.0	27900	0.0	28800	0.0	29700	0.0	30600	0.0	31500	0.0	32400	0.0	33300	0.0	34200	0.0	35100	0.0	36000	0.0
1617	0	123.53571428571429	900	124.74725274725274	1800	128.87755102040816	2700	153.792	3600	191.232	4500	182.90625	5400	213.48091603053436	6300	245.7709923664122	7200	260.7142857142857	8100	263.1023622047244	9000	270.4724409448819	9900	245.95238095238096	10800	228.28346456692913	11700	240.5625	12600	0.0	13500	0.0	14400	0.0	15300	0.0	16200	0.0	17100	0.0	18000	0.0	18900	0.0	19800	0.0	20700	0.0	21600	0.0	22500	0.0	23400	0.0	24300	0.0	25200	0.0	26100	0.0	27000	0.0	27900	0.0	28800	0.0	29700	0.0	30600	0.0	31500	0.0	32400	0.0	33300	0.0	34200	0.0	35100	0.0	36000	0.0
901212	0	7.178571428571429	900	6.931034482758621	1800	7.418181818181818	2700	7.221238938053097	3600	6.486486486486487	4500	6.07361963190184	5400	6.497041420118343	6300	6.763636363636364	7200	7.909090909090909	8100	6.203389830508475	9000	6.339622641509434	9900	6.4363636363636365	10800	0.0	11700	0.0	12600	0.0	13500	0.0	14400	0.0	15300	0.0	16200	0.0	17100	0.0	18000	0.0	18900	0.0	19800	0.0	20700	0.0	21600	0.0	22500	0.0	23400	0.0	24300	0.0	25200	0.0	26100	0.0	27000	0.0	27900	0.0	28800	0.0	29700	0.0	30600	0.0	31500	0.0	32400	0.0	33300	0.0	34200	0.0	35100	0.0	36000	0.0
1618	0	180.0	900	180.0	1800	180.0	2700	180.0	3600	180.0	4500	180.0	5400	180.0	6300	180.0	7200	180.0	8100	180.0	9000	180.0	9900	180.0	10800	180.0	11700	0.0	12600	0.0	13500	0.0	14400	0.0	15300	0.0	16200	0.0	17100	0.0	18000	0.0	18900	0.0	19800	0.0	20700	0.0	21600	0.0	22500	0.0	23400	0.0	24300	0.0	25200	0.0	26100	0.0	27000	0.0	27900	0.0	28800	0.0	29700	0.0	30600	0.0	31500	0.0	32400	0.0	33300	0.0	34200	0.0	35100	0.0	36000	0.0
86	0	123.85714285714286	900	126.87096774193549	1800	128.2941176470588	2700	152.76923076923077	3600	132.42857142857142	4500	194.71304347826086	5400	258.70212765957444	6300	155.0561797752809	7200	217.40869565217392	8100	231.31034482758622	9000	126.45454545454545	9900	130.8	10800	127.42857142857143	11700	0.0	12600	0.0	13500	0.0	14400	0.0	15300	0.0	16200	0.0	17100	0.0	18000	0.0	18900	0.0	19800	0.0	20700	0.0	21600	0.0	22500	0.0	23400	0.0	24300	0.0	25200	0.0	26100	0.0	27000	0.0	27900	0.0	28800	0.0	29700	0.0	30600	0.0	31500	0.0	32400	0.0	33300	0.0	34200	0.0	35100	0.0	36000	0.0
1110	0	301.5483870967742	900	302.0487804878049	1800	301.62857142857143	2700	302.6818181818182	3600	301.8897637795276	4500	306.81081081081084	5400	303.6	6300	301.3411764705882	7200	301.344	8100	300.3529411764706	9000	300.9873417721519	9900	300.8888888888889	10800	300.57142857142856	11700	0.0	12600	0.0	13500	0.0	14400	0.0	15300	0.0	16200	0.0	17100	0.0	18000	0.0	18900	0.0	19800	0.0	20700	0.0	21600	0.0	22500	0.0	23400	0.0	24300	0.0	25200	0.0	26100	0.0	27000	0.0	27900	0.0	28800	0.0	29700	0.0	30600	0.0	31500	0.0	32400	0.0	33300	0.0	34200	0.0	35100	0.0	36000	0.0
87	0	180.0	900	180.0	1800	180.0	2700	180.1846153846154	3600	180.289156626506	4500	180.12765957446808	5400	180.29752066115702	6300	180.34615384615384	7200	180.28301886792454	8100	180.0	9000	180.0952380952381	9900	180.13636363636363	10800	180.0	11700	180.0	12600	0.0	13500	0.0	14400	0.0	15300	0.0	16200	0.0	17100	0.0	18000	0.0	18900	0.0	19800	0.0	20700	0.0	21600	0.0	22500	0.0	23400	0.0	24300	0.0	25200	0.0	26100	0.0	27000	0.0	27900	0.0	28800	0.0	29700	0.0	30600	0.0	31500	0.0	32400	0.0	33300	0.0	34200	0.0	35100	0.0	36000	0.0
1112	0	362.6666666666667	900	362.0869565217391	1800	362.2105263157895	2700	363.9375	3600	363.64864864864865	4500	365.58620689655174	5400	365.1515151515151	6300	364.09090909090907	7200	364.6875	8100	363.3975903614458	9000	363.5492957746479	9900	363.2307692307692	10800	362.0	11700	362.72727272727275	12600	363.0	13500	361.8	14400	0.0	15300	0.0	16200	0.0	17100	0.0	18000	0.0	18900	0.0	19800	0.0	20700	0.0	21600	0.0	22500	0.0	23400	0.0	24300	0.0	25200	0.0	26100	0.0	27000	0.0	27900	0.0	28800	0.0	29700	0.0	30600	0.0	31500	0.0	32400	0.0	33300	0.0	34200	0.0	35100	0.0	36000	0.0
901717	0	10.5625	900	23.666666666666668	1800	14.210526315789474	2700	77.09677419354838	3600	88.39344262295081	4500	118.19787985865725	5400	138.339222614841	6300	35.648936170212764	7200	10.75531914893617	8100	7.787234042553192	9000	8.905263157894737	9900	8.361702127659575	10800	6.0	11700	0.0	12600	0.0	13500	0.0	14400	0.0	15300	0.0	16200	0.0	17100	0.0	18000	0.0	18900	0.0	19800	0.0	20700	0.0	21600	0.0	22500	0.0	23400	0.0	24300	0.0	25200	0.0	26100	0.0	27000	0.0	27900	0.0	28800	0.0	29700	0.0	30600	0.0	31500	0.0	32400	0.0	33300	0.0	34200	0.0	35100	0.0	36000	0.0
89	0	600.0	900	606.0	1800	600.0	2700	600.0	3600	603.0	4500	600.0	5400	602.5714285714286	6300	600.8571428571429	7200	601.6666666666666	8100	602.7692307692307	9000	606.0	9900	600.8571428571429	10800	600.0	11700	0.0	12600	0.0	13500	0.0	14400	0.0	15300	0.0	16200	0.0	17100	0.0	18000	0.0	18900	0.0	19800	0.0	20700	0.0	21600	0.0	22500	0.0	23400	0.0	24300	0.0	25200	0.0	26100	0.0	27000	0.0	27900	0.0	28800	0.0	29700	0.0	30600	0.0	31500	0.0	32400	0.0	33300	0.0	34200	0.0	35100	0.0	36000	0.0
1114	0	242.37209302325581	900	242.85245901639345	1800	243.51724137931035	2700	245.04	3600	264.6923076923077	4500	268.4102564102564	5400	324.30252100840335	6300	265.4117647058824	7200	246.70909090909092	8100	246.58252427184465	9000	244.6153846153846	9900	244.4842105263158	10800	242.53846153846155	11700	0.0	12600	241.63636363636363	13500	241.5	14400	0.0	15300	0.0	16200	0.0	17100	0.0	18000	0.0	18900	0.0	19800	0.0	20700	0.0	21600	0.0	22500	0.0	23400	0.0	24300	0.0	25200	0.0	26100	0.0	27000	0.0	27900	0.0	28800	0.0	29700	0.0	30600	0.0	31500	0.0	32400	0.0	33300	0.0	34200	0.0	35100	0.0	36000	0.0
519005	0	6.0	900	6.0	1800	6.0	2700	6.0	3600	6.0	4500	6.0	5400	6.0	6300	6.0	7200	6.0	8100	6.0	9000	6.0	9900	6.0	10800	6.0	11700	0.0	12600	0.0	13500	0.0	14400	0.0	15300	0.0	16200	0.0	17100	0.0	18000	0.0	18900	0.0	19800	0.0	20700	0.0	21600	0.0	22500	0.0	23400	0.0	24300	0.0	25200	0.0	26100	0.0	27000	0.0	27900	0.0	28800	0.0	29700	0.0	30600	0.0	31500	0.0	32400	0.0	33300	0.0	34200	0.0	35100	0.0	36000	0.0
95	0	300.0	900	300.1621621621622	1800	300.64864864864865	2700	300.6857142857143	3600	303.51724137931035	4500	308.8695652173913	5400	304.2564102564103	6300	305.0425531914894	7200	302.4	8100	300.57142857142856	9000	302.61290322580646	9900	303.72	10800	300.0	11700	300.0	12600	300.0	13500	300.0	14400	0.0	15300	0.0	16200	0.0	17100	0.0	18000	0.0	18900	0.0	19800	0.0	20700	0.0	21600	0.0	22500	0.0	23400	0.0	24300	0.0	25200	0.0	26100	0.0	27000	0.0	27900	0.0	28800	0.0	29700	0.0	30600	0.0	31500	0.0	32400	0.0	33300	0.0	34200	0.0	35100	0.0	36000	0.0
98	0	600.0	900	600.0	1800	600.0	2700	600.0	3600	600.4615384615385	4500	603.8048780487804	5400	603.5483870967741	6300	608.8648648648649	7200	605.0588235294117	8100	603.4285714285714	9000	601.125	9900	602.4	10800	0.0	11700	0.0	12600	0.0	13500	0.0	14400	0.0	15300	0.0	16200	0.0	17100	0.0	18000	0.0	18900	0.0	19800	0.0	20700	0.0	21600	0.0	22500	0.0	23400	0.0	24300	0.0	25200	0.0	26100	0.0	27000	0.0	27900	0.0	28800	0.0	29700	0.0	30600	0.0	31500	0.0	32400	0.0	33300	0.0	34200	0.0	35100	0.0	36000	0.0
109	0	180.36363636363637	900	180.1304347826087	1800	180.30379746835442	2700	180.6375	3600	181.13142857142856	4500	186.53932584269663	5400	339.36986301369865	6300	628.8733624454148	7200	619.012987012987	8100	412.30120481927713	9000	180.79338842975207	9900	180.51923076923077	10800	180.0	11700	180.0	12600	180.0	13500	180.0	14400	0.0	15300	0.0	16200	0.0	17100	0.0	18000	0.0	18900	0.0	19800	0.0	20700	0.0	21600	0.0	22500	0.0	23400	0.0	24300	0.0	25200	0.0	26100	0.0	27000	0.0	27900	0.0	28800	0.0	29700	0.0	30600	0.0	31500	0.0	32400	0.0	33300	0.0	34200	0.0	35100	0.0	36000	0.0
2413	0	241.11111111111111	900	241.37142857142857	1800	241.57894736842104	2700	241.77777777777777	3600	242.02597402597402	4500	242.4878048780488	5400	241.52	6300	242.75675675675674	7200	242.7391304347826	8100	242.2153846153846	9000	242.15625	9900	241.40425531914894	10800	240.9090909090909	11700	240.75	12600	0.0	13500	0.0	14400	0.0	15300	0.0	16200	0.0	17100	0.0	18000	0.0	18900	0.0	19800	0.0	20700	0.0	21600	0.0	22500	0.0	23400	0.0	24300	0.0	25200	0.0	26100	0.0	27000	0.0	27900	0.0	28800	0.0	29700	0.0	30600	0.0	31500	0.0	32400	0.0	33300	0.0	34200	0.0	35100	0.0	36000	0.0
1319013	0	6.0	900	6.0	1800	6.0	2700	6.0	3600	6.0	4500	6.0	5400	6.0	6300	6.0	7200	6.0	8100	6.0	9000	6.0	9900	6.0	10800	6.0	11700	6.0	12600	6.0	13500	6.0	14400	6.0	15300	0.0	16200	0.0	17100	0.0	18000	0.0	18900	0.0	19800	0.0	20700	0.0	21600	0.0	22500	0.0	23400	0.0	24300	0.0	25200	0.0	26100	0.0	27000	0.0	27900	0.0	28800	0.0	29700	0.0	30600	0.0	31500	0.0	32400	0.0	33300	0.0	34200	0.0	35100	0.0	36000	0.0
114	0	361.6	900	362.6666666666667	1800	361.82608695652175	2700	362.6666666666667	3600	363.2608695652174	4500	363.5769230769231	5400	362.1509433962264	6300	362.7391304347826	7200	363.55555555555554	8100	363.06666666666666	9000	362.0869565217391	9900	362.2758620689655	10800	361.5	11700	360.0	12600	360.0	13500	0.0	14400	0.0	15300	0.0	16200	0.0	17100	0.0	18000	0.0	18900	0.0	19800	0.0	20700	0.0	21600	0.0	22500	0.0	23400	0.0	24300	0.0	25200	0.0	26100	0.0	27000	0.0	27900	0.0	28800	0.0	29700	0.0	30600	0.0	31500	0.0	32400	0.0	33300	0.0	34200	0.0	35100	0.0	36000	0.0
2419024	0	6.0	900	6.0	1800	6.0	2700	6.0	3600	6.0	4500	6.0	5400	6.0	6300	6.0	7200	6.0	8100	6.0	9000	6.0	9900	6.0	10800	6.0	11700	6.0	12600	0.0	13500	0.0	14400	0.0	15300	0.0	16200	0.0	17100	0.0	18000	0.0	18900	0.0	19800	0.0	20700	0.0	21600	0.0	22500	0.0	23400	0.0	24300	0.0	25200	0.0	26100	0.0	27000	0.0	27900	0.0	28800	0.0	29700	0.0	30600	0.0	31500	0.0	32400	0.0	33300	0.0	34200	0.0	35100	0.0	36000	0.0
2421	0	188.30769230769232	900	185.33333333333334	1800	193.5	2700	247.13513513513513	3600	231.1764705882353	4500	201.27272727272728	5400	279.0	6300	252.8108108108108	7200	270.5121951219512	8100	191.35384615384615	9000	199.5	9900	184.05	10800	182.66666666666666	11700	0.0	12600	0.0	13500	0.0	14400	0.0	15300	0.0	16200	0.0	17100	0.0	18000	0.0	18900	0.0	19800	0.0	20700	0.0	21600	0.0	22500	0.0	23400	0.0	24300	0.0	25200	0.0	26100	0.0	27000	0.0	27900	0.0	28800	0.0	29700	0.0	30600	0.0	31500	0.0	32400	0.0	33300	0.0	34200	0.0	35100	0.0	36000	0.0
2423	0	120.8	900	122.4	1800	120.9	2700	122.76923076923077	3600	125.15492957746478	4500	137.88888888888889	5400	146.7058823529412	6300	130.27586206896552	7200	124.78378378378379	8100	123.32432432432432	9000	121.58490566037736	9900	123.09677419354838	10800	122.3076923076923	11700	0.0	12600	0.0	13500	0.0	14400	0.0	15300	0.0	16200	0.0	17100	0.0	18000	0.0	18900	0.0	19800	0.0	20700	0.0	21600	0.0	22500	0.0	23400	0.0	24300	0.0	25200	0.0	26100	0.0	27000	0.0	27900	0.0	28800	0.0	29700	0.0	30600	0.0	31500	0.0	32400	0.0	33300	0.0	34200	0.0	35100	0.0	36000	0.0
219002	0	6.0	900	6.0	1800	6.0	2700	6.0	3600	6.0	4500	6.0	5400	6.0	6300	6.0	7200	6.0	8100	6.0	9000	6.0	9900	6.0	10800	6.0	11700	6.0	12600	0.0	13500	0.0	14400	0.0	15300	0.0	16200	0.0	17100	0.0	18000	0.0	18900	0.0	19800	0.0	20700	0.0	21600	0.0	22500	0.0	23400	0.0	24300	0.0	25200	0.0	26100	0.0	27000	0.0	27900	0.0	28800	0.0	29700	0.0	30600	0.0	31500	0.0	32400	0.0	33300	0.0	34200	0.0	35100	0.0	36000	0.0
123	0	240.0	900	240.0	1800	240.0	2700	240.0	3600	240.0	4500	240.27906976744185	5400	240.31034482758622	6300	240.0495867768595	7200	240.0	8100	240.0	9000	240.0	9900	240.0	10800	240.0	11700	240.0	12600	0.0	13500	0.0	14400	0.0	15300	0.0	16200	0.0	17100	0.0	18000	0.0	18900	0.0	19800	0.0	20700	0.0	21600	0.0	22500	0.0	23400	0.0	24300	0.0	25200	0.0	26100	0.0	27000	0.0	27900	0.0	28800	0.0	29700	0.0	30600	0.0	31500	0.0	32400	0.0	33300	0.0	34200	0.0	35100	0.0	36000	0.0
1915	0	180.986301369863	900	181.02439024390245	1800	181.59036144578315	2700	187.40425531914894	3600	199.57894736842104	4500	507.50877192982455	5400	786.9886363636364	6300	730.3714285714286	7200	407.35849056603774	8100	185.46067415730337	9000	183.1875	9900	180.71641791044777	10800	180.27272727272728	11700	180.35294117647058	12600	0.0	13500	0.0	14400	0.0	15300	0.0	16200	0.0	17100	0.0	18000	0.0	18900	0.0	19800	0.0	20700	0.0	21600	0.0	22500	0.0	23400	0.0	24300	0.0	25200	0.0	26100	0.0	27000	0.0	27900	0.0	28800	0.0	29700	0.0	30600	0.0	31500	0.0	32400	0.0	33300	0.0	34200	0.0	35100	0.0	36000	0.0
1917	0	168.6	900	261.5121951219512	1800	177.6153846153846	2700	268.81481481481484	3600	430.5	4500	666.3	5400	770.1	6300	822.7	7200	623.3454545454546	8100	376.5	9000	270.2769230769231	9900	145.8095238095238	10800	123.36	11700	0.0	12600	0.0	13500	0.0	14400	0.0	15300	0.0	16200	0.0	17100	0.0	18000	0.0	18900	0.0	19800	0.0	20700	0.0	21600	0.0	22500	0.0	23400	0.0	24300	0.0	25200	0.0	26100	0.0	27000	0.0	27900	0.0	28800	0.0	29700	0.0	30600	0.0	31500	0.0	32400	0.0	33300	0.0	34200	0.0	35100	0.0	36000	0.0
1920	0	242.14285714285714	900	240.7826086956522	1800	240.6315789473684	2700	241.2	3600	242.47619047619048	4500	246.22641509433961	5400	247.68421052631578	6300	258.75	7200	254.8314606741573	8100	244.04819277108433	9000	242.90322580645162	9900	242.13333333333333	10800	240.0	11700	0.0	12600	0.0	13500	0.0	14400	0.0	15300	0.0	16200	0.0	17100	0.0	18000	0.0	18900	0.0	19800	0.0	20700	0.0	21600	0.0	22500	0.0	23400	0.0	24300	0.0	25200	0.0	26100	0.0	27000	0.0	27900	0.0	28800	0.0	29700	0.0	30600	0.0	31500	0.0	32400	0.0	33300	0.0	34200	0.0	35100	0.0	36000	0.0
1411	0	241.2	900	242.08695652173913	1800	242.0655737704918	2700	251.41935483870967	3600	287.5	4500	387.1475409836066	5400	518.7049180327868	6300	702.9579831932773	7200	690.4941176470588	8100	394.57142857142856	9000	245.68421052631578	9900	241.875	10800	241.0909090909091	11700	241.5	12600	0.0	13500	0.0	14400	0.0	15300	0.0	16200	0.0	17100	0.0	18000	0.0	18900	0.0	19800	0.0	20700	0.0	21600	0.0	22500	0.0	23400	0.0	24300	0.0	25200	0.0	26100	0.0	27000	0.0	27900	0.0	28800	0.0	29700	0.0	30600	0.0	31500	0.0	32400	0.0	33300	0.0	34200	0.0	35100	0.0	36000	0.0
901515	0	6.069767441860465	900	6.141176470588236	1800	6.146341463414634	2700	6.379310344827586	3600	6.245614035087719	4500	6.63035019455253	5400	6.530769230769231	6300	6.144578313253012	7200	6.315789473684211	8100	6.070588235294117	9000	6.144578313253012	9900	6.136363636363637	10800	0.0	11700	0.0	12600	0.0	13500	0.0	14400	0.0	15300	0.0	16200	0.0	17100	0.0	18000	0.0	18900	0.0	19800	0.0	20700	0.0	21600	0.0	22500	0.0	23400	0.0	24300	0.0	25200	0.0	26100	0.0	27000	0.0	27900	0.0	28800	0.0	29700	0.0	30600	0.0	31500	0.0	32400	0.0	33300	0.0	34200	0.0	35100	0.0	36000	0.0
1415	0	303.2903225806452	900	300.69767441860466	1800	301.2413793103448	2700	304.06451612903226	3600	313.3333333333333	4500	451.9120879120879	5400	744.0983606557377	6300	866.1052631578947	7200	785.5625	8100	568.931506849315	9000	322.60714285714283	9900	302.37735849056605	10800	300.4	11700	300.0	12600	0.0	13500	0.0	14400	0.0	15300	0.0	16200	0.0	17100	0.0	18000	0.0	18900	0.0	19800	0.0	20700	0.0	21600	0.0	22500	0.0	23400	0.0	24300	0.0	25200	0.0	26100	0.0	27000	0.0	27900	0.0	28800	0.0	29700	0.0	30600	0.0	31500	0.0	32400	0.0	33300	0.0	34200	0.0	35100	0.0	36000	0.0
902020	0	6.328767123287672	900	7.615384615384615	1800	6.96	2700	6.8108108108108105	3600	6.623376623376624	4500	7.46606334841629	5400	8.193832599118943	6300	7.469387755102041	7200	7.591836734693878	8100	8.75	9000	7.315068493150685	9900	7.87012987012987	10800	0.0	11700	0.0	12600	0.0	13500	0.0	14400	0.0	15300	0.0	16200	0.0	17100	0.0	18000	0.0	18900	0.0	19800	0.0	20700	0.0	21600	0.0	22500	0.0	23400	0.0	24300	0.0	25200	0.0	26100	0.0	27000	0.0	27900	0.0	28800	0.0	29700	0.0	30600	0.0	31500	0.0	32400	0.0	33300	0.0	34200	0.0	35100	0.0	36000	0.0
2319023	0	6.0	900	6.0	1800	6.0	2700	6.0	3600	6.0	4500	6.0	5400	6.0	6300	6.0	7200	6.0	8100	6.0	9000	6.0	9900	6.0	10800	6.0	11700	6.0	12600	6.0	13500	6.0	14400	0.0	15300	0.0	16200	0.0	17100	0.0	18000	0.0	18900	0.0	19800	0.0	20700	0.0	21600	0.0	22500	0.0	23400	0.0	24300	0.0	25200	0.0	26100	0.0	27000	0.0	27900	0.0	28800	0.0	29700	0.0	30600	0.0	31500	0.0	32400	0.0	33300	0.0	34200	0.0	35100	0.0	36000	0.0
1019010	0	6.0	900	6.0	1800	6.0	2700	6.0	3600	6.0	4500	6.0	5400	6.0	6300	6.0	7200	6.0	8100	6.0	9000	6.0	9900	6.0	10800	6.0	11700	6.0	12600	6.0	13500	6.0	14400	0.0	15300	0.0	16200	0.0	17100	0.0	18000	0.0	18900	0.0	19800	0.0	20700	0.0	21600	0.0	22500	0.0	23400	0.0	24300	0.0	25200	0.0	26100	0.0	27000	0.0	27900	0.0	28800	0.0	29700	0.0	30600	0.0	31500	0.0	32400	0.0	33300	0.0	34200	0.0	35100	0.0	36000	0.0
910	0	181.2923076923077	900	180.50526315789475	1800	180.45	2700	186.79245283018867	3600	188.31472081218274	4500	282.9782608695652	5400	364.00763358778624	6300	202.83257918552036	7200	183.32188841201716	8100	181.25316455696202	9000	180.33644859813083	9900	180.52941176470588	10800	180.0	11700	0.0	12600	0.0	13500	0.0	14400	0.0	15300	0.0	16200	0.0	17100	0.0	18000	0.0	18900	0.0	19800	0.0	20700	0.0	21600	0.0	22500	0.0	23400	0.0	24300	0.0	25200	0.0	26100	0.0	27000	0.0	27900	0.0	28800	0.0	29700	0.0	30600	0.0	31500	0.0	32400	0.0	33300	0.0	34200	0.0	35100	0.0	36000	0.0
1423	0	240.6315789473684	900	241.5	1800	240.21428571428572	2700	276.63829787234044	3600	825.1764705882352	4500	1991.5555555555557	5400	2011.6901408450703	6300	1720.4444444444443	7200	1447.322033898305	8100	930.0	9000	452.26666666666665	9900	240.85714285714286	10800	240.6	11700	240.0	12600	240.0	13500	240.0	14400	0.0	15300	0.0	16200	0.0	17100	0.0	18000	0.0	18900	0.0	19800	0.0	20700	0.0	21600	0.0	22500	0.0	23400	0.0	24300	0.0	25200	0.0	26100	0.0	27000	0.0	27900	0.0	28800	0.0	29700	0.0	30600	0.0	31500	0.0	32400	0.0	33300	0.0	34200	0.0	35100	0.0	36000	0.0
1819018	0	6.0	900	6.0	1800	6.0	2700	6.0	3600	6.0	4500	6.0	5400	6.0	6300	6.0	7200	6.0	8100	6.0	9000	6.0	9900	6.0	10800	6.0	11700	6.0	12600	0.0	13500	0.0	14400	0.0	15300	0.0	16200	0.0	17100	0.0	18000	0.0	18900	0.0	19800	0.0	20700	0.0	21600	0.0	22500	0.0	23400	0.0	24300	0.0	25200	0.0	26100	0.0	27000	0.0	27900	0.0	28800	0.0	29700	0.0	30600	0.0	31500	0.0	32400	0.0	33300	0.0	34200	0.0	35100	0.0	36000	0.0
719007	0	6.0	900	6.0	1800	6.0	2700	6.0	3600	6.0	4500	6.0	5400	6.0	6300	6.0	7200	6.0	8100	6.0	9000	6.0	9900	6.0	10800	6.0	11700	0.0	12600	0.0	13500	0.0	14400	0.0	15300	0.0	16200	0.0	17100	0.0	18000	0.0	18900	0.0	19800	0.0	20700	0.0	21600	0.0	22500	0.0	23400	0.0	24300	0.0	25200	0.0	26100	0.0	27000	0.0	27900	0.0	28800	0.0	29700	0.0	30600	0.0	31500	0.0	32400	0.0	33300	0.0	34200	0.0	35100	0.0	36000	0.0
90011	0	6.0	900	6.0	1800	6.0	2700	6.0	3600	6.0	4500	6.114285714285714	5400	6.0	6300	6.0	7200	6.0	8100	6.0	9000	6.0	9900	6.0	10800	6.0	11700	0.0	12600	0.0	13500	0.0	14400	0.0	15300	0.0	16200	0.0	17100	0.0	18000	0.0	18900	0.0	19800	0.0	20700	0.0	21600	0.0	22500	0.0	23400	0.0	24300	0.0	25200	0.0	26100	0.0	27000	0.0	27900	0.0	28800	0.0	29700	0.0	30600	0.0	31500	0.0	32400	0.0	33300	0.0	34200	0.0	35100	0.0	36000	0.0
411	0	363.54545454545456	900	368.45454545454544	1800	378.42857142857144	2700	446.7	3600	423.27272727272725	4500	1134.75	5400	1266.4054054054054	6300	1728.4285714285713	7200	1618.5555555555557	8100	1380.45	9000	807.3	9900	367.2857142857143	10800	363.0	11700	0.0	12600	0.0	13500	0.0	14400	0.0	15300	0.0	16200	0.0	17100	0.0	18000	0.0	18900	0.0	19800	0.0	20700	0.0	21600	0.0	22500	0.0	23400	0.0	24300	0.0	25200	0.0	26100	0.0	27000	0.0	27900	0.0	28800	0.0	29700	0.0	30600	0.0	31500	0.0	32400	0.0	33300	0.0	34200	0.0	35100	0.0	36000	0.0
901010	0	9.513812154696133	900	10.474576271186441	1800	8.05524861878453	2700	25.4010989010989	3600	61.790055248618785	4500	186.32282003710574	5400	204.21978021978023	6300	203.21448467966573	7200	54.880886426592795	8100	16.885245901639344	9000	7.389830508474576	9900	7.922651933701657	10800	0.0	11700	0.0	12600	0.0	13500	0.0	14400	0.0	15300	0.0	16200	0.0	17100	0.0	18000	0.0	18900	0.0	19800	0.0	20700	0.0	21600	0.0	22500	0.0	23400	0.0	24300	0.0	25200	0.0	26100	0.0	27000	0.0	27900	0.0	28800	0.0	29700	0.0	30600	0.0	31500	0.0	32400	0.0	33300	0.0	34200	0.0	35100	0.0	36000	0.0
2215	0	180.69230769230768	900	180.8	1800	181.48387096774192	2700	182.20833333333334	3600	182.9479768786127	4500	241.74647887323943	5400	363.33014354066984	6300	332.91329479768785	7200	186.87591240875912	8100	181.3170731707317	9000	181.05494505494505	9900	180.76923076923077	10800	180.0	11700	0.0	12600	0.0	13500	0.0	14400	0.0	15300	0.0	16200	0.0	17100	0.0	18000	0.0	18900	0.0	19800	0.0	20700	0.0	21600	0.0	22500	0.0	23400	0.0	24300	0.0	25200	0.0	26100	0.0	27000	0.0	27900	0.0	28800	0.0	29700	0.0	30600	0.0	31500	0.0	32400	0.0	33300	0.0	34200	0.0	35100	0.0	36000	0.0
90022	0	7.666666666666667	900	7.6	1800	6.375	2700	8.117647058823529	3600	6.967741935483871	4500	7.043478260869565	5400	6.489795918367347	6300	6.0	7200	6.7272727272727275	8100	6.352941176470588	9000	6.375	9900	7.0588235294117645	10800	0.0	11700	0.0	12600	0.0	13500	0.0	14400	0.0	15300	0.0	16200	0.0	17100	0.0	18000	0.0	18900	0.0	19800	0.0	20700	0.0	21600	0.0	22500	0.0	23400	0.0	24300	0.0	25200	0.0	26100	0.0	27000	0.0	27900	0.0	28800	0.0	29700	0.0	30600	0.0	31500	0.0	32400	0.0	33300	0.0	34200	0.0	35100	0.0	36000	0.0
168	0	303.06976744186045	900	304.0408163265306	1800	305.05263157894734	2700	307.6119402985075	3600	309.38461538461536	4500	306.75	5400	354.5945945945946	6300	348.50467289719626	7200	417.87610619469024	8100	310.9655172413793	9000	305.5	9900	304.62295081967216	10800	303.63157894736844	11700	0.0	12600	0.0	13500	0.0	14400	0.0	15300	0.0	16200	0.0	17100	0.0	18000	0.0	18900	0.0	19800	0.0	20700	0.0	21600	0.0	22500	0.0	23400	0.0	24300	0.0	25200	0.0	26100	0.0	27000	0.0	27900	0.0	28800	0.0	29700	0.0	30600	0.0	31500	0.0	32400	0.0	33300	0.0	34200	0.0	35100	0.0	36000	0.0
2220	0	301.77777777777777	900	301.55555555555554	1800	301.4117647058824	2700	303.7931034482759	3600	323.5764705882353	4500	398.7567567567568	5400	1040.4395604395604	6300	1039.367088607595	7200	843.3333333333334	8100	479.7551020408163	9000	302.5531914893617	9900	301.30434782608694	10800	302.6666666666667	11700	0.0	12600	0.0	13500	0.0	14400	0.0	15300	0.0	16200	0.0	17100	0.0	18000	0.0	18900	0.0	19800	0.0	20700	0.0	21600	0.0	22500	0.0	23400	0.0	24300	0.0	25200	0.0	26100	0.0	27000	0.0	27900	0.0	28800	0.0	29700	0.0	30600	0.0	31500	0.0	32400	0.0	33300	0.0	34200	0.0	35100	0.0	36000	0.0
2221	0	123.4054054054054	900	123.18367346938776	1800	122.44067796610169	2700	129.5	3600	207.2	4500	174.0	5400	373.46666666666664	6300	427.35483870967744	7200	147.5744680851064	8100	128.9387755102041	9000	135.87692307692308	9900	122.16666666666667	10800	123.0	11700	121.2	12600	120.0	13500	0.0	14400	0.0	15300	0.0	16200	0.0	17100	0.0	18000	0.0	18900	0.0	19800	0.0	20700	0.0	21600	0.0	22500	0.0	23400	0.0	24300	0.0	25200	0.0	26100	0.0	27000	0.0	27900	0.0	28800	0.0	29700	0.0	30600	0.0	31500	0.0	32400	0.0	33300	0.0	34200	0.0	35100	0.0	36000	0.0
1710	0	0.0	900	0.0	1800	0.0	2700	0.0	3600	483.1578947368421	4500	483.2307692307692	5400	520.8131868131868	6300	484.9	7200	494.7352941176471	8100	481.82608695652175	9000	481.6363636363636	9900	481.7142857142857	10800	0.0	11700	0.0	12600	0.0	13500	0.0	14400	0.0	15300	0.0	16200	0.0	17100	0.0	18000	0.0	18900	0.0	19800	0.0	20700	0.0	21600	0.0	22500	0.0	23400	0.0	24300	0.0	25200	0.0	26100	0.0	27000	0.0	27900	0.0	28800	0.0	29700	0.0	30600	0.0	31500	0.0	32400	0.0	33300	0.0	34200	0.0	35100	0.0	36000	0.0
2223	0	241.14285714285714	900	241.5	1800	241.41176470588235	2700	243.96226415094338	3600	260.5806451612903	4500	414.2803738317757	5400	1105.0413223140497	6300	1525.0188679245282	7200	1804.6194690265486	8100	1905.625	9000	1734.4931506849316	9900	1270.3157894736842	10800	864.7058823529412	11700	241.0	12600	240.0	13500	0.0	14400	0.0	15300	0.0	16200	0.0	17100	0.0	18000	0.0	18900	0.0	19800	0.0	20700	0.0	21600	0.0	22500	0.0	23400	0.0	24300	0.0	25200	0.0	26100	0.0	27000	0.0	27900	0.0	28800	0.0	29700	0.0	30600	0.0	31500	0.0	32400	0.0	33300	0.0	34200	0.0	35100	0.0	36000	0.0
90033	0	6.0	900	6.0	1800	6.0	2700	6.0	3600	6.0	4500	6.0	5400	6.0	6300	6.0	7200	6.0	8100	6.0	9000	6.0	9900	6.0	10800	0.0	11700	0.0	12600	0.0	13500	0.0	14400	0.0	15300	0.0	16200	0.0	17100	0.0	18000	0.0	18900	0.0	19800	0.0	20700	0.0	21600	0.0	22500	0.0	23400	0.0	24300	0.0	25200	0.0	26100	0.0	27000	0.0	27900	0.0	28800	0.0	29700	0.0	30600	0.0	31500	0.0	32400	0.0	33300	0.0	34200	0.0	35100	0.0	36000	0.0
1519015	0	6.0	900	6.0	1800	6.0	2700	6.0	3600	6.0	4500	6.0	5400	6.0	6300	6.0	7200	6.0	8100	6.0	9000	6.0	9900	6.0	10800	6.0	11700	6.0	12600	6.0	13500	6.0	14400	0.0	15300	0.0	16200	0.0	17100	0.0	18000	0.0	18900	0.0	19800	0.0	20700	0.0	21600	0.0	22500	0.0	23400	0.0	24300	0.0	25200	0.0	26100	0.0	27000	0.0	27900	0.0	28800	0.0	29700	0.0	30600	0.0	31500	0.0	32400	0.0	33300	0.0	34200	0.0	35100	0.0	36000	0.0
1716	0	126.16216216216216	900	125.37209302325581	1800	123.0989010989011	2700	194.8235294117647	3600	313.21153846153845	4500	291.1551724137931	5400	333.62068965517244	6300	270.97297297297297	7200	169.25714285714287	8100	123.07317073170732	9000	123.74193548387096	9900	123.72151898734177	10800	122.57142857142857	11700	0.0	12600	0.0	13500	0.0	14400	0.0	15300	0.0	16200	0.0	17100	0.0	18000	0.0	18900	0.0	19800	0.0	20700	0.0	21600	0.0	22500	0.0	23400	0.0	24300	0.0	25200	0.0	26100	0.0	27000	0.0	27900	0.0	28800	0.0	29700	0.0	30600	0.0	31500	0.0	32400	0.0	33300	0.0	34200	0.0	35100	0.0	36000	0.0
1719	0	125.65714285714286	900	126.93975903614458	1800	130.09756097560975	2700	151.3109243697479	3600	265.95	4500	456.54545454545456	5400	680.0	6300	837.743119266055	7200	718.3291139240506	8100	442.32911392405066	9000	237.44444444444446	9900	123.11111111111111	10800	122.4	11700	122.11764705882354	12600	0.0	13500	0.0	14400	0.0	15300	0.0	16200	0.0	17100	0.0	18000	0.0	18900	0.0	19800	0.0	20700	0.0	21600	0.0	22500	0.0	23400	0.0	24300	0.0	25200	0.0	26100	0.0	27000	0.0	27900	0.0	28800	0.0	29700	0.0	30600	0.0	31500	0.0	32400	0.0	33300	0.0	34200	0.0	35100	0.0	36000	0.0
901818	0	6.0	900	6.0	1800	6.0	2700	6.0	3600	6.157894736842105	4500	6.109090909090909	5400	6.0	6300	6.0	7200	6.0	8100	6.0	9000	6.333333333333333	9900	6.3	10800	0.0	11700	0.0	12600	0.0	13500	0.0	14400	0.0	15300	0.0	16200	0.0	17100	0.0	18000	0.0	18900	0.0	19800	0.0	20700	0.0	21600	0.0	22500	0.0	23400	0.0	24300	0.0	25200	0.0	26100	0.0	27000	0.0	27900	0.0	28800	0.0	29700	0.0	30600	0.0	31500	0.0	32400	0.0	33300	0.0	34200	0.0	35100	0.0	36000	0.0
419004	0	6.0	900	6.0	1800	6.0	2700	6.0	3600	6.0	4500	6.0	5400	6.0	6300	6.0	7200	6.0	8100	6.0	9000	6.0	9900	6.0	10800	6.0	11700	6.0	12600	6.0	13500	6.0	14400	0.0	15300	0.0	16200	0.0	17100	0.0	18000	0.0	18900	0.0	19800	0.0	20700	0.0	21600	0.0	22500	0.0	23400	0.0	24300	0.0	25200	0.0	26100	0.0	27000	0.0	27900	0.0	28800	0.0	29700	0.0	30600	0.0	31500	0.0	32400	0.0	33300	0.0	34200	0.0	35100	0.0	36000	0.0
1211	0	363.09090909090907	900	367.4634146341463	1800	382.2631578947368	2700	575.6842105263158	3600	967.1739130434783	4500	1550.5263157894738	5400	1002.7058823529412	6300	1163.560975609756	7200	1570.6666666666667	8100	1689.12	9000	1133.28	9900	563.1428571428571	10800	363.0	11700	0.0	12600	0.0	13500	0.0	14400	0.0	15300	0.0	16200	0.0	17100	0.0	18000	0.0	18900	0.0	19800	0.0	20700	0.0	21600	0.0	22500	0.0	23400	0.0	24300	0.0	25200	0.0	26100	0.0	27000	0.0	27900	0.0	28800	0.0	29700	0.0	30600	0.0	31500	0.0	32400	0.0	33300	0.0	34200	0.0	35100	0.0	36000	0.0
187	0	120.0	900	120.0	1800	120.0	2700	120.58695652173913	3600	120.39344262295081	4500	120.14516129032258	5400	120.4186046511628	6300	120.30656934306569	7200	120.23809523809524	8100	120.06896551724138	9000	120.1875	9900	120.10714285714286	10800	120.23076923076923	11700	0.0	12600	0.0	13500	0.0	14400	0.0	15300	0.0	16200	0.0	17100	0.0	18000	0.0	18900	0.0	19800	0.0	20700	0.0	21600	0.0	22500	0.0	23400	0.0	24300	0.0	25200	0.0	26100	0.0	27000	0.0	27900	0.0	28800	0.0	29700	0.0	30600	0.0	31500	0.0	32400	0.0	33300	0.0	34200	0.0	35100	0.0	36000	0.0
1213	0	181.5	900	180.7058823529412	1800	181.27659574468086	2700	183.8426966292135	3600	186.27027027027026	4500	201.88235294117646	5400	199.5731707317073	6300	182.15172413793104	7200	182.58620689655172	8100	180.84782608695653	9000	180.4	9900	181.1076923076923	10800	180.46153846153845	11700	180.0	12600	180.0	13500	180.0	14400	0.0	15300	0.0	16200	0.0	17100	0.0	18000	0.0	18900	0.0	19800	0.0	20700	0.0	21600	0.0	22500	0.0	23400	0.0	24300	0.0	25200	0.0	26100	0.0	27000	0.0	27900	0.0	28800	0.0	29700	0.0	30600	0.0	31500	0.0	32400	0.0	33300	0.0	34200	0.0	35100	0.0	36000	0.0
90044	0	6.638297872340425	900	6.25531914893617	1800	6.36734693877551	2700	6.8478260869565215	3600	6.574468085106383	4500	7.883211678832117	5400	8.627737226277372	6300	7.6875	7200	7.515789473684211	8100	6.681818181818182	9000	6.36734693877551	9900	6.913043478260869	10800	6.0	11700	0.0	12600	0.0	13500	0.0	14400	0.0	15300	0.0	16200	0.0	17100	0.0	18000	0.0	18900	0.0	19800	0.0	20700	0.0	21600	0.0	22500	0.0	23400	0.0	24300	0.0	25200	0.0	26100	0.0	27000	0.0	27900	0.0	28800	0.0	29700	0.0	30600	0.0	31500	0.0	32400	0.0	33300	0.0	34200	0.0	35100	0.0	36000	0.0
902323	0	8.105263157894736	900	8.88888888888889	1800	8.8	2700	11.844827586206897	3600	14.637931034482758	4500	110.21052631578948	5400	101.00571428571429	6300	12.512820512820513	7200	11.469026548672566	8100	8.94915254237288	9000	9.10344827586207	9900	8.482758620689655	10800	6.0	11700	0.0	12600	0.0	13500	0.0	14400	0.0	15300	0.0	16200	0.0	17100	0.0	18000	0.0	18900	0.0	19800	0.0	20700	0.0	21600	0.0	22500	0.0	23400	0.0	24300	0.0	25200	0.0	26100	0.0	27000	0.0	27900	0.0	28800	0.0	29700	0.0	30600	0.0	31500	0.0	32400	0.0	33300	0.0	34200	0.0	35100	0.0	36000	0.0
90055	0	6.0	900	6.0	1800	6.24	2700	6.36734693877551	3600	6.244897959183674	4500	6.739726027397261	5400	6.821917808219178	6300	6.0	7200	6.84	8100	6.25	9000	6.75	9900	6.0	10800	0.0	11700	0.0	12600	0.0	13500	0.0	14400	0.0	15300	0.0	16200	0.0	17100	0.0	18000	0.0	18900	0.0	19800	0.0	20700	0.0	21600	0.0	22500	0.0	23400	0.0	24300	0.0	25200	0.0	26100	0.0	27000	0.0	27900	0.0	28800	0.0	29700	0.0	30600	0.0	31500	0.0	32400	0.0	33300	0.0	34200	0.0	35100	0.0	36000	0.0
901313	0	6.315789473684211	900	6.610169491525424	1800	6.295081967213115	2700	7.1	3600	6.626086956521739	4500	8.232558139534884	5400	7.186440677966102	6300	6.413793103448276	7200	6.55	8100	6.67741935483871	9000	6.491803278688525	9900	6.508474576271187	10800	0.0	11700	0.0	12600	0.0	13500	0.0	14400	0.0	15300	0.0	16200	0.0	17100	0.0	18000	0.0	18900	0.0	19800	0.0	20700	0.0	21600	0.0	22500	0.0	23400	0.0	24300	0.0	25200	0.0	26100	0.0	27000	0.0	27900	0.0	28800	0.0	29700	0.0	30600	0.0	31500	0.0	32400	0.0	33300	0.0	34200	0.0	35100	0.0	36000	0.0
718	0	120.0	900	120.0	1800	120.0	2700	120.11428571428571	3600	120.25641025641026	4500	120.17964071856288	5400	120.375	6300	120.15189873417721	7200	120.0	8100	120.05309734513274	9000	120.13636363636364	9900	120.0	10800	120.0	11700	120.0	12600	0.0	13500	0.0	14400	0.0	15300	0.0	16200	0.0	17100	0.0	18000	0.0	18900	0.0	19800	0.0	20700	0.0	21600	0.0	22500	0.0	23400	0.0	24300	0.0	25200	0.0	26100	0.0	27000	0.0	27900	0.0	28800	0.0	29700	0.0	30600	0.0	31500	0.0	32400	0.0	33300	0.0	34200	0.0	35100	0.0	36000	0.0
2019020	0	6.0	900	6.0	1800	6.0	2700	6.0	3600	6.0	4500	6.0	5400	6.0	6300	6.0	7200	6.0	8100	6.0	9000	6.0	9900	6.0	10800	6.0	11700	6.0	12600	0.0	13500	0.0	14400	0.0	15300	0.0	16200	0.0	17100	0.0	18000	0.0	18900	0.0	19800	0.0	20700	0.0	21600	0.0	22500	0.0	23400	0.0	24300	0.0	25200	0.0	26100	0.0	27000	0.0	27900	0.0	28800	0.0	29700	0.0	30600	0.0	31500	0.0	32400	0.0	33300	0.0	34200	0.0	35100	0.0	36000	0.0
90066	0	8.2	900	6.857142857142857	1800	8.571428571428571	2700	8.952380952380953	3600	9.047619047619047	4500	9.0	5400	8.561797752808989	6300	8.163934426229508	7200	9.387096774193548	8100	8.571428571428571	9000	6.857142857142857	9900	8.357142857142858	10800	0.0	11700	0.0	12600	0.0	13500	0.0	14400	0.0	15300	0.0	16200	0.0	17100	0.0	18000	0.0	18900	0.0	19800	0.0	20700	0.0	21600	0.0	22500	0.0	23400	0.0	24300	0.0	25200	0.0	26100	0.0	27000	0.0	27900	0.0	28800	0.0	29700	0.0	30600	0.0	31500	0.0	32400	0.0	33300	0.0	34200	0.0	35100	0.0	36000	0.0
1219012	0	6.0	900	6.0	1800	6.0	2700	6.0	3600	6.0	4500	6.0	5400	6.0	6300	6.0	7200	6.0	8100	6.0	9000	6.0	9900	6.0	10800	6.0	11700	6.0	12600	6.0	13500	6.0	14400	0.0	15300	0.0	16200	0.0	17100	0.0	18000	0.0	18900	0.0	19800	0.0	20700	0.0	21600	0.0	22500	0.0	23400	0.0	24300	0.0	25200	0.0	26100	0.0	27000	0.0	27900	0.0	28800	0.0	29700	0.0	30600	0.0	31500	0.0	32400	0.0	33300	0.0	34200	0.0	35100	0.0	36000	0.0
119001	0	6.0	900	6.0	1800	6.0	2700	6.0	3600	6.0	4500	6.0	5400	6.0	6300	6.0	7200	6.0	8100	6.0	9000	6.0	9900	6.0	10800	6.0	11700	6.0	12600	6.0	13500	6.0	14400	6.0	15300	0.0	16200	0.0	17100	0.0	18000	0.0	18900	0.0	19800	0.0	20700	0.0	21600	0.0	22500	0.0	23400	0.0	24300	0.0	25200	0.0	26100	0.0	27000	0.0	27900	0.0	28800	0.0	29700	0.0	30600	0.0	31500	0.0	32400	0.0	33300	0.0	34200	0.0	35100	0.0	36000	0.0
90077	0	6.489795918367347	900	6.489795918367347	1800	6.122448979591836	2700	6.51063829787234	3600	6.903225806451613	4500	6.410958904109589	5400	6.455172413793103	6300	6.36734693877551	7200	6.6947368421052635	8100	6.230769230769231	9000	6.25531914893617	9900	6.244897959183674	10800	0.0	11700	0.0	12600	0.0	13500	0.0	14400	0.0	15300	0.0	16200	0.0	17100	0.0	18000	0.0	18900	0.0	19800	0.0	20700	0.0	21600	0.0	22500	0.0	23400	0.0	24300	0.0	25200	0.0	26100	0.0	27000	0.0	27900	0.0	28800	0.0	29700	0.0	30600	0.0	31500	0.0	32400	0.0	33300	0.0	34200	0.0	35100	0.0	36000	0.0
2018	0	240.0	900	240.0	1800	240.0	2700	240.0	3600	240.0621761658031	4500	240.0252100840336	5400	240.0814479638009	6300	240.06629834254144	7200	240.02620087336246	8100	240.0	9000	240.0	9900	240.0	10800	240.0	11700	0.0	12600	0.0	13500	0.0	14400	0.0	15300	0.0	16200	0.0	17100	0.0	18000	0.0	18900	0.0	19800	0.0	20700	0.0	21600	0.0	22500	0.0	23400	0.0	24300	0.0	25200	0.0	26100	0.0	27000	0.0	27900	0.0	28800	0.0	29700	0.0	30600	0.0	31500	0.0	32400	0.0	33300	0.0	34200	0.0	35100	0.0	36000	0.0
2019	0	241.57894736842104	900	242.45454545454547	1800	244.10526315789474	2700	244.53333333333333	3600	241.63636363636363	4500	246.8372093023256	5400	245.52808988764045	6300	243.0857142857143	7200	243.5	8100	244.11940298507463	9000	241.3170731707317	9900	243.06382978723406	10800	241.76470588235293	11700	0.0	12600	0.0	13500	0.0	14400	0.0	15300	0.0	16200	0.0	17100	0.0	18000	0.0	18900	0.0	19800	0.0	20700	0.0	21600	0.0	22500	0.0	23400	0.0	24300	0.0	25200	0.0	26100	0.0	27000	0.0	27900	0.0	28800	0.0	29700	0.0	30600	0.0	31500	0.0	32400	0.0	33300	0.0	34200	0.0	35100	0.0	36000	0.0
902121	0	8.232558139534884	900	6.933333333333334	1800	7.674418604651163	2700	7.255813953488372	3600	7.655172413793103	4500	8.325581395348838	5400	7.8604651162790695	6300	8.581395348837209	7200	7.724137931034483	8100	9.446808510638299	9000	7.636363636363637	9900	7.304347826086956	10800	0.0	11700	0.0	12600	0.0	13500	0.0	14400	0.0	15300	0.0	16200	0.0	17100	0.0	18000	0.0	18900	0.0	19800	0.0	20700	0.0	21600	0.0	22500	0.0	23400	0.0	24300	0.0	25200	0.0	26100	0.0	27000	0.0	27900	0.0	28800	0.0	29700	0.0	30600	0.0	31500	0.0	32400	0.0	33300	0.0	34200	0.0	35100	0.0	36000	0.0
2021	0	363.6923076923077	900	367.5	1800	360.46153846153845	2700	363.6	3600	363.4054054054054	4500	365.7857142857143	5400	390.42	6300	490.03636363636366	7200	579.0	8100	401.2	9000	361.82608695652175	9900	361.4	10800	360.0	11700	0.0	12600	0.0	13500	0.0	14400	0.0	15300	0.0	16200	0.0	17100	0.0	18000	0.0	18900	0.0	19800	0.0	20700	0.0	21600	0.0	22500	0.0	23400	0.0	24300	0.0	25200	0.0	26100	0.0	27000	0.0	27900	0.0	28800	0.0	29700	0.0	30600	0.0	31500	0.0	32400	0.0	33300	0.0	34200	0.0	35100	0.0	36000	0.0
1510	0	360.0	900	360.0	1800	360.10714285714283	2700	366.1090909090909	3600	360.5882352941176	4500	382.44642857142856	5400	387.9120879120879	6300	362.4747081712062	7200	361.30534351145036	8100	360.2823529411765	9000	360.1518987341772	9900	360.4347826086956	10800	360.0	11700	0.0	12600	0.0	13500	0.0	14400	0.0	15300	0.0	16200	0.0	17100	0.0	18000	0.0	18900	0.0	19800	0.0	20700	0.0	21600	0.0	22500	0.0	23400	0.0	24300	0.0	25200	0.0	26100	0.0	27000	0.0	27900	0.0	28800	0.0	29700	0.0	30600	0.0	31500	0.0	32400	0.0	33300	0.0	34200	0.0	35100	0.0	36000	0.0
2022	0	301.2	900	301.5	1800	301.6666666666667	2700	319.77777777777777	3600	339.1914893617021	4500	1182.3428571428572	5400	1708.6875	6300	1770.5555555555557	7200	1314.857142857143	8100	908.7857142857143	9000	395.0	9900	304.1818181818182	10800	301.2	11700	0.0	12600	0.0	13500	0.0	14400	0.0	15300	0.0	16200	0.0	17100	0.0	18000	0.0	18900	0.0	19800	0.0	20700	0.0	21600	0.0	22500	0.0	23400	0.0	24300	0.0	25200	0.0	26100	0.0	27000	0.0	27900	0.0	28800	0.0	29700	0.0	30600	0.0	31500	0.0	32400	0.0	33300	0.0	34200	0.0	35100	0.0	36000	0.0
90088	0	7.909090909090909	900	8.727272727272727	1800	10.21875	2700	13.866666666666667	3600	15.153284671532846	4500	39.61224489795919	5400	52.94472361809045	6300	42.63157894736842	7200	26.610687022900763	8100	15.6	9000	9.761194029850746	9900	9.28125	10800	6.0	11700	0.0	12600	0.0	13500	0.0	14400	0.0	15300	0.0	16200	0.0	17100	0.0	18000	0.0	18900	0.0	19800	0.0	20700	0.0	21600	0.0	22500	0.0	23400	0.0	24300	0.0	25200	0.0	26100	0.0	27000	0.0	27900	0.0	28800	0.0	29700	0.0	30600	0.0	31500	0.0	32400	0.0	33300	0.0	34200	0.0	35100	0.0	36000	0.0
1514	0	300.5	900	301.57894736842104	1800	301.42105263157896	2700	302.4761904761905	3600	302.9032258064516	4500	310.57894736842104	5400	303.7894736842105	6300	304.92537313432837	7200	302.81481481481484	8100	302.65384615384613	9000	303.0	9900	302.1951219512195	10800	302.25	11700	301.2	12600	300.0	13500	0.0	14400	0.0	15300	0.0	16200	0.0	17100	0.0	18000	0.0	18900	0.0	19800	0.0	20700	0.0	21600	0.0	22500	0.0	23400	0.0	24300	0.0	25200	0.0	26100	0.0	27000	0.0	27900	0.0	28800	0.0	29700	0.0	30600	0.0	31500	0.0	32400	0.0	33300	0.0	34200	0.0	35100	0.0	36000	0.0
1519	0	184.8923076923077	900	186.3	1800	188.96103896103895	2700	184.11111111111111	3600	183.8653846153846	4500	208.58823529411765	5400	205.2089552238806	6300	243.6818181818182	7200	184.57142857142858	8100	186.20689655172413	9000	187.2127659574468	9900	182.8314606741573	10800	181.9090909090909	11700	180.0	12600	0.0	13500	180.0	14400	0.0	15300	0.0	16200	0.0	17100	0.0	18000	0.0	18900	0.0	19800	0.0	20700	0.0	21600	0.0	22500	0.0	23400	0.0	24300	0.0	25200	0.0	26100	0.0	27000	0.0	27900	0.0	28800	0.0	29700	0.0	30600	0.0	31500	0.0	32400	0.0	33300	0.0	34200	0.0	35100	0.0	36000	0.0
919009	0	6.0	900	6.0	1800	6.0	2700	6.0	3600	6.0	4500	6.0	5400	6.0	6300	6.0	7200	6.0	8100	6.0	9000	6.0	9900	6.0	10800	6.0	11700	6.0	12600	6.0	13500	6.0	14400	0.0	15300	0.0	16200	0.0	17100	0.0	18000	0.0	18900	0.0	19800	0.0	20700	0.0	21600	0.0	22500	0.0	23400	0.0	24300	0.0	25200	0.0	26100	0.0	27000	0.0	27900	0.0	28800	0.0	29700	0.0	30600	0.0	31500	0.0	32400	0.0	33300	0.0	34200	0.0	35100	0.0	36000	0.0
1522	0	182.52631578947367	900	181.5463917525773	1800	181.94736842105263	2700	193.77358490566039	3600	194.8235294117647	4500	231.14285714285714	5400	295.2818181818182	6300	328.13513513513516	7200	319.40983606557376	8100	195.0731707317073	9000	183.0483870967742	9900	182.0	10800	180.30769230769232	11700	180.33333333333334	12600	180.0	13500	180.0	14400	0.0	15300	0.0	16200	0.0	17100	0.0	18000	0.0	18900	0.0	19800	0.0	20700	0.0	21600	0.0	22500	0.0	23400	0.0	24300	0.0	25200	0.0	26100	0.0	27000	0.0	27900	0.0	28800	0.0	29700	0.0	30600	0.0	31500	0.0	32400	0.0	33300	0.0	34200	0.0	35100	0.0	36000	0.0
90099	0	6.28125	900	6.0	1800	6.380952380952381	2700	6.046153846153846	3600	6.229007633587786	4500	6.652849740932642	5400	7.090909090909091	6300	6.380952380952381	7200	6.636363636363637	8100	6.1	9000	6.0	9900	6.085714285714285	10800	0.0	11700	0.0	12600	0.0	13500	0.0	14400	0.0	15300	0.0	16200	0.0	17100	0.0	18000	0.0	18900	0.0	19800	0.0	20700	0.0	21600	0.0	22500	0.0	23400	0.0	24300	0.0	25200	0.0	26100	0.0	27000	0.0	27900	0.0	28800	0.0	29700	0.0	30600	0.0	31500	0.0	32400	0.0	33300	0.0	34200	0.0	35100	0.0	36000	0.0
1011	0	301.05882352941177	900	301.2307692307692	1800	302.1818181818182	2700	302.72727272727275	3600	305.2814371257485	4500	326.027397260274	5400	380.4102564102564	6300	456.6393442622951	7200	507.635593220339	8100	509.24590163934425	9000	315.1666666666667	9900	302.7692307692308	10800	300.48	11700	300.3243243243243	12600	301.38461538461536	13500	300.4	14400	0.0	15300	0.0	16200	0.0	17100	0.0	18000	0.0	18900	0.0	19800	0.0	20700	0.0	21600	0.0	22500	0.0	23400	0.0	24300	0.0	25200	0.0	26100	0.0	27000	0.0	27900	0.0	28800	0.0	29700	0.0	30600	0.0	31500	0.0	32400	0.0	33300	0.0	34200	0.0	35100	0.0	36000	0.0
1719017	0	6.0	900	6.0	1800	6.0	2700	6.0	3600	6.0	4500	6.0	5400	6.0	6300	6.0	7200	6.0	8100	6.0	9000	6.0	9900	6.0	10800	6.0	11700	6.0	12600	0.0	13500	0.0	14400	0.0	15300	0.0	16200	0.0	17100	0.0	18000	0.0	18900	0.0	19800	0.0	20700	0.0	21600	0.0	22500	0.0	23400	0.0	24300	0.0	25200	0.0	26100	0.0	27000	0.0	27900	0.0	28800	0.0	29700	0.0	30600	0.0	31500	0.0	32400	0.0	33300	0.0	34200	0.0	35100	0.0	36000	0.0
1015	0	360.1034482758621	900	360.55555555555554	1800	360.5	2700	361.39285714285717	3600	361.58940397350995	4500	369.0430622009569	5400	393.7142857142857	6300	373.6619718309859	7200	361.7788944723618	8100	361.06382978723406	9000	360.76271186440675	9900	360.1747572815534	10800	360.2068965517241	11700	360.27272727272725	12600	360.0	13500	360.0	14400	0.0	15300	0.0	16200	0.0	17100	0.0	18000	0.0	18900	0.0	19800	0.0	20700	0.0	21600	0.0	22500	0.0	23400	0.0	24300	0.0	25200	0.0	26100	0.0	27000	0.0	27900	0.0	28800	0.0	29700	0.0	30600	0.0	31500	0.0	32400	0.0	33300	0.0	34200	0.0	35100	0.0	36000	0.0
619006	0	6.0	900	6.0	1800	6.0	2700	6.0	3600	6.0	4500	6.0	5400	6.0	6300	6.0	7200	6.0	8100	6.0	9000	6.0	9900	6.0	10800	6.0	11700	6.0	12600	6.0	13500	0.0	14400	6.0	15300	0.0	16200	0.0	17100	0.0	18000	0.0	18900	0.0	19800	0.0	20700	0.0	21600	0.0	22500	0.0	23400	0.0	24300	0.0	25200	0.0	26100	0.0	27000	0.0	27900	0.0	28800	0.0	29700	0.0	30600	0.0	31500	0.0	32400	0.0	33300	0.0	34200	0.0	35100	0.0	36000	0.0
1016	0	244.98461538461538	900	257.1034482758621	1800	263.7631578947368	2700	329.48275862068965	3600	516.7377049180328	4500	682.9090909090909	5400	912.694214876033	6300	1240.4628099173553	7200	1478.8524590163934	8100	1690.095238095238	9000	1167.2571428571428	9900	712.3125	10800	396.8181818181818	11700	0.0	12600	0.0	13500	0.0	14400	0.0	15300	0.0	16200	0.0	17100	0.0	18000	0.0	18900	0.0	19800	0.0	20700	0.0	21600	0.0	22500	0.0	23400	0.0	24300	0.0	25200	0.0	26100	0.0	27000	0.0	27900	0.0	28800	0.0	29700	0.0	30600	0.0	31500	0.0	32400	0.0	33300	0.0	34200	0.0	35100	0.0	36000	0.0
1017	0	0.0	900	0.0	1800	480.0	2700	3758.5714285714284	3600	3069.1428571428573	4500	2551.846153846154	5400	2150.625	6300	1760.1492537313434	7200	1381.8545454545454	8100	988.9655172413793	9000	489.0	9900	480.6	10800	480.0	11700	0.0	12600	0.0	13500	0.0	14400	0.0	15300	0.0	16200	0.0	17100	0.0	18000	0.0	18900	0.0	19800	0.0	20700	0.0	21600	0.0	22500	0.0	23400	0.0	24300	0.0	25200	0.0	26100	0.0	27000	0.0	27900	0.0	28800	0.0	29700	0.0	30600	0.0	31500	0.0	32400	0.0	33300	0.0	34200	0.0	35100	0.0	36000	0.0
901111	0	7.213483146067416	900	8.045454545454545	1800	8.347826086956522	2700	12.033898305084746	3600	11.659090909090908	4500	15.156716417910447	5400	17.24163568773234	6300	10.056818181818182	7200	14.983240223463687	8100	12.674157303370787	9000	9.724137931034482	9900	7.851063829787234	10800	0.0	11700	0.0	12600	0.0	13500	0.0	14400	0.0	15300	0.0	16200	0.0	17100	0.0	18000	0.0	18900	0.0	19800	0.0	20700	0.0	21600	0.0	22500	0.0	23400	0.0	24300	0.0	25200	0.0	26100	0.0	27000	0.0	27900	0.0	28800	0.0	29700	0.0	30600	0.0	31500	0.0	32400	0.0	33300	0.0	34200	0.0	35100	0.0	36000	0.0
901616	0	11.067961165048544	900	16.235294117647058	1800	22.69811320754717	2700	491.0144927536232	3600	1081.1538461538462	4500	1394.4153354632588	5400	2247.5844155844156	6300	2447.1714285714284	7200	2238.995260663507	8100	1886.8823529411766	9000	1587.252336448598	9900	1238.377358490566	10800	6.0	11700	0.0	12600	0.0	13500	0.0	14400	0.0	15300	0.0	16200	0.0	17100	0.0	18000	0.0	18900	0.0	19800	0.0	20700	0.0	21600	0.0	22500	0.0	23400	0.0	24300	0.0	25200	0.0	26100	0.0	27000	0.0	27900	0.0	28800	0.0	29700	0.0	30600	0.0	31500	0.0	32400	0.0	33300	0.0	34200	0.0	35100	0.0	36000	0.0
