29479	6	0.5126582278481012	902424	2421	2122	2215	1510	1019010
36006	6	0.33544303797468356	902424	2423	2322	2215	1510	1019010
38034	6	0.10126582278481013	902424	2423	2314	1411	1110	1019010
53825	6	0.0379746835443038	902424	2423	2314	1415	1510	1019010
39038	8	0.012658227848101266	902424	2423	2322	2220	2018	1816	1610	1019010
29183	4	1.0	902424	2413	1312	1219012
29297	3	1.0	902424	2413	1319013
29253	5	0.5373134328358209	902424	2421	2122	2215	1519015
36213	5	0.3283582089552239	902424	2423	2322	2215	1519015
42807	5	0.1044776119402985	902424	2423	2314	1415	1519015
38125	7	0.029850746268656716	902424	2423	2314	1411	1110	1015	1519015
28851	3	0.825	902424	2421	2119021
37020	6	0.175	902424	2423	2322	2220	2021	2119021
29265	4	0.5172413793103449	902424	2421	2122	2219022
35936	4	0.4827586206896552	902424	2423	2322	2219022
29521	3	1.0	902424	2423	2319023
29353	7	0.5921052631578947	902424	2421	2120	2018	187	78	819008
50130	7	0.05263157894736842	902424	2421	2120	2018	1816	168	819008
36656	8	0.05263157894736842	902424	2423	2322	2220	2018	1816	168	819008
36946	8	0.17105263157894737	902424	2423	2322	2215	1510	109	98	819008
40109	8	0.013157894736842105	902424	2423	2322	2220	2018	187	78	819008
54852	8	0.02631578947368421	902424	2421	2122	2215	1510	109	98	819008
38289	9	0.07894736842105263	902424	2413	1312	123	34	45	56	68	819008
53804	9	0.013157894736842105	902424	2413	1312	123	34	45	59	98	819008
29093	3	1.0	90011	12	219002
31184	3	1.0	90011	13	319003
29143	4	1.0	90011	13	34	419004
29569	4	0.75	90011	12	26	619006
37201	6	0.25	90011	13	34	45	56	619006
29141	6	0.7647058823529411	90011	12	26	68	87	719007
37284	8	0.058823529411764705	90011	13	34	45	56	68	87	719007
37454	8	0.058823529411764705	90011	13	34	45	59	98	87	719007
42838	10	0.11764705882352941	90011	13	312	1213	1324	2421	2120	2018	187	719007
29341	5	0.5625	90011	12	26	68	819008
37243	7	0.34375	90011	13	34	45	56	68	819008
37709	7	0.09375	90011	13	34	45	59	98	819008
29671	6	1.0	90011	13	34	45	59	919009
43139	6	0.125	90011	13	34	411	1110	1019010
49050	6	0.013888888888888888	90011	13	312	1211	1110	1019010
29289	7	0.8611111111111112	90011	13	34	45	59	910	1019010
29377	5	0.5777777777777777	90011	13	34	411	1119011
40557	5	0.13333333333333333	90011	13	312	1211	1119011
35948	8	0.2222222222222222	90011	13	34	45	59	910	1011	1119011
42913	9	0.06666666666666667	90011	13	312	1213	1324	2423	2314	1411	1119011
29557	4	1.0	90011	13	312	1219012
29099	5	1.0	90011	13	312	1213	1319013
29515	6	0.5238095238095238	90011	13	34	411	1114	1419014
40627	6	0.09523809523809523	90011	13	312	1211	1114	1419014
36114	8	0.23809523809523808	90011	13	312	1213	1324	2423	2314	1419014
36397	9	0.14285714285714285	90011	13	34	45	59	910	1015	1514	1419014
29361	7	0.4090909090909091	90011	13	34	411	1114	1415	1519015
40548	7	0.09090909090909091	90011	13	312	1211	1114	1415	1519015
35805	8	0.5	90011	13	34	45	59	910	1015	1519015
29197	6	0.6585365853658537	90011	12	26	68	816	1619016
44146	7	0.04878048780487805	90011	13	34	411	1110	1016	1619016
37092	8	0.21951219512195122	90011	13	34	45	56	68	816	1619016
37754	8	0.07317073170731707	90011	13	34	45	59	98	816	1619016
29527	7	0.6285714285714286	90011	12	26	68	816	1617	1719017
36487	8	0.2571428571428571	90011	13	34	45	59	910	1017	1719017
42673	9	0.05714285714285714	90011	13	34	45	59	98	816	1617	1719017
44819	9	0.02857142857142857	90011	13	34	45	59	910	1016	1617	1719017
45743	9	0.02857142857142857	90011	12	26	68	87	718	1816	1617	1719017
29359	7	0.6851851851851852	90011	12	26	68	87	718	1819018
37361	9	0.2037037037037037	90011	13	34	45	56	68	87	718	1819018
37652	9	0.037037037037037035	90011	13	34	45	59	98	87	718	1819018
42908	9	0.07407407407407407	90011	13	312	1213	1324	2421	2120	2018	1819018
29599	8	0.3076923076923077	90011	12	26	68	816	1617	1719	1919019
45769	8	0.07692307692307693	90011	13	312	1211	1114	1415	1519	1919019
38816	9	0.46153846153846156	90011	13	34	45	59	910	1015	1519	1919019
42198	9	0.15384615384615385	90011	13	312	1213	1324	2421	2120	2019	1919019
29261	8	0.375	90011	12	26	68	87	718	1820	2019020
41770	8	0.16666666666666666	90011	13	312	1213	1324	2421	2120	2019020
48291	9	0.041666666666666664	90011	13	34	411	1110	1015	1519	1920	2019020
49314	9	0.041666666666666664	90011	13	312	1211	1114	1415	1519	1920	2019020
37269	10	0.16666666666666666	90011	13	34	45	56	68	87	718	1820	2019020
37697	10	0.08333333333333333	90011	13	34	45	59	98	87	718	1820	2019020
54041	10	0.125	90011	13	34	45	59	910	1015	1519	1920	2019020
29097	7	0.4	90011	13	312	1213	1324	2421	2119021
40121	9	0.1	90011	13	312	1213	1324	2423	2322	2221	2119021
49177	9	0.1	90011	13	312	1211	1114	1415	1522	2221	2119021
48402	10	0.1	90011	13	34	411	1110	1015	1519	1920	2021	2119021
37408	11	0.2	90011	13	34	45	56	68	87	718	1820	2021	2119021
37865	11	0.1	90011	13	34	45	59	98	87	718	1820	2021	2119021
28867	8	0.44	90011	13	312	1213	1324	2421	2122	2219022
35815	8	0.16	90011	13	312	1213	1324	2423	2322	2219022
47291	8	0.16	90011	13	312	1211	1114	1415	1522	2219022
47997	8	0.08	90011	13	34	411	1110	1015	1522	2219022
36429	9	0.16	90011	13	34	45	59	910	1015	1522	2219022
29209	7	0.8095238095238095	90011	13	312	1213	1324	2423	2319023
48822	7	0.047619047619047616	90011	13	34	411	1114	1423	2319023
37263	10	0.14285714285714285	90011	13	34	45	59	910	1015	1514	1423	2319023
29159	6	0.8461538461538461	90011	13	312	1213	1324	2419024
48879	8	0.038461538461538464	90011	13	34	411	1114	1423	2324	2419024
49350	8	0.038461538461538464	90011	13	312	1211	1114	1423	2324	2419024
37251	11	0.038461538461538464	90011	13	34	45	59	910	1015	1514	1423	2324	2419024
38694	11	0.038461538461538464	90011	13	34	45	59	910	1015	1522	2223	2324	2419024
29485	3	1.0	90022	21	119001
29455	5	0.35714285714285715	90022	26	65	54	419004
36834	5	0.6428571428571429	90022	21	13	34	419004
30469	3	0.7	90022	26	619006
37350	7	0.3	90022	21	13	34	45	56	619006
29673	5	1.0	90022	26	68	87	719007
29571	4	0.7	90022	26	68	819008
37358	8	0.2	90022	21	13	34	45	59	98	819008
38305	8	0.1	90022	21	13	34	45	56	68	819008
29744	5	0.6	90022	26	65	59	919009
37414	7	0.4	90022	21	13	34	45	59	919009
29417	6	0.45	90022	26	68	816	1610	1019010
36783	6	0.15	90022	26	65	59	910	1019010
43319	7	0.1	90022	21	13	34	411	1110	1019010
36906	8	0.3	90022	21	13	34	45	59	910	1019010
28861	6	0.5416666666666666	90022	26	65	54	411	1119011
39653	6	0.16666666666666666	90022	21	13	34	411	1119011
47084	6	0.08333333333333333	90022	21	13	312	1211	1119011
35861	7	0.041666666666666664	90022	26	68	816	1610	1011	1119011
36735	7	0.041666666666666664	90022	26	65	59	910	1011	1119011
37161	9	0.125	90022	21	13	34	45	59	910	1011	1119011
29615	5	1.0	90022	21	13	312	1219012
29718	6	1.0	90022	21	13	312	1213	1319013
29655	7	0.3333333333333333	90022	26	65	54	411	1114	1419014
44208	7	0.26666666666666666	90022	21	13	34	411	1114	1419014
36315	8	0.06666666666666667	90022	26	68	816	1610	1011	1114	1419014
39688	9	0.2	90022	21	13	312	1213	1324	2423	2314	1419014
37377	10	0.06666666666666667	90022	21	13	34	45	59	910	1015	1514	1419014
38684	10	0.06666666666666667	90022	21	13	34	45	59	910	1011	1114	1419014
36273	7	0.058823529411764705	90022	26	68	816	1610	1015	1519015
36874	7	0.29411764705882354	90022	26	65	59	910	1015	1519015
29351	8	0.17647058823529413	90022	26	68	816	1617	1719	1915	1519015
37363	9	0.4117647058823529	90022	21	13	34	45	59	910	1015	1519015
42910	10	0.058823529411764705	90022	21	13	312	1213	1324	2423	2314	1415	1519015
29345	5	0.8387096774193549	90022	26	68	816	1619016
36954	9	0.06451612903225806	90022	21	13	34	45	59	98	816	1619016
38154	9	0.0967741935483871	90022	21	13	34	45	56	68	816	1619016
29477	6	0.8787878787878788	90022	26	68	816	1617	1719017
37129	9	0.12121212121212122	90022	21	13	34	45	59	910	1017	1719017
29187	7	0.45454545454545453	90022	26	68	816	1617	1719	1919019
41981	8	0.18181818181818182	90022	26	68	87	718	1820	2019	1919019
37286	10	0.18181818181818182	90022	21	13	34	45	59	910	1017	1719	1919019
42840	10	0.18181818181818182	90022	21	13	312	1213	1324	2421	2120	2019	1919019
29633	7	0.8	90022	26	68	87	718	1820	2019020
42894	9	0.15	90022	21	13	312	1213	1324	2421	2120	2019020
37343	11	0.05	90022	21	13	34	45	59	98	87	718	1820	2019020
29435	8	0.36363636363636365	90022	26	68	87	718	1820	2022	2219022
47799	8	0.045454545454545456	90022	26	68	816	1610	1015	1522	2219022
49117	8	0.09090909090909091	90022	26	65	59	910	1015	1522	2219022
39649	9	0.09090909090909091	90022	21	13	312	1213	1324	2423	2322	2219022
43661	9	0.045454545454545456	90022	21	13	312	1213	1324	2421	2122	2219022
48225	9	0.09090909090909091	90022	21	13	34	411	1110	1015	1522	2219022
50570	9	0.09090909090909091	90022	26	68	87	718	1820	2021	2122	2219022
37192	10	0.18181818181818182	90022	21	13	34	45	59	910	1015	1522	2219022
29971	3	1.0	90033	31	119001
29853	3	1.0	90033	34	419004
29904	5	1.0	90033	34	45	56	619006
29613	7	0.7	90033	34	45	56	68	87	719007
37940	7	0.2	90033	34	45	59	98	87	719007
43762	9	0.1	90033	312	1213	1324	2421	2120	2018	187	719007
29519	6	0.6666666666666666	90033	34	45	56	68	819008
37884	6	0.3333333333333333	90033	34	45	59	98	819008
29994	5	1.0	90033	34	45	59	919009
43776	5	0.07142857142857142	90033	34	411	1110	1019010
49772	5	0.03571428571428571	90033	312	1211	1110	1019010
28925	6	0.8928571428571429	90033	34	45	59	910	1019010
29661	4	0.4	90033	312	1211	1119011
36256	4	0.06666666666666667	90033	34	411	1119011
36876	7	0.4666666666666667	90033	34	45	59	910	1011	1119011
42958	8	0.06666666666666667	90033	312	1213	1324	2423	2314	1411	1119011
29965	3	1.0	90033	312	1219012
30292	4	1.0	90033	312	1213	1319013
29573	5	0.5384615384615384	90033	312	1211	1114	1419014
35376	5	0.23076923076923078	90033	34	411	1114	1419014
36869	7	0.07692307692307693	90033	312	1213	1324	2423	2314	1419014
37328	8	0.07692307692307693	90033	34	45	59	910	1015	1514	1419014
39354	8	0.07692307692307693	90033	34	45	59	910	1011	1114	1419014
28957	6	0.4166666666666667	90033	312	1211	1114	1415	1519015
35057	6	0.16666666666666666	90033	34	411	1114	1415	1519015
36305	7	0.3333333333333333	90033	34	45	59	910	1015	1519015
43571	8	0.08333333333333333	90033	312	1213	1324	2423	2322	2215	1519015
44793	6	0.04	90033	34	411	1110	1016	1619016
29431	7	0.76	90033	34	45	56	68	816	1619016
37913	7	0.12	90033	34	45	59	98	816	1619016
44339	9	0.08	90033	312	1213	1324	2421	2120	2018	1816	1619016
36205	7	0.16666666666666666	90033	34	45	59	910	1017	1719017
29007	8	0.75	90033	34	45	56	68	816	1617	1719017
53700	8	0.08333333333333333	90033	34	45	59	98	816	1617	1719017
29257	7	0.47058823529411764	90033	312	1213	1324	2421	2122	2219022
35778	7	0.29411764705882354	90033	312	1213	1324	2423	2322	2219022
48871	7	0.058823529411764705	90033	34	411	1114	1415	1522	2219022
49768	7	0.058823529411764705	90033	312	1211	1114	1415	1522	2219022
37406	8	0.11764705882352941	90033	34	45	59	910	1015	1522	2219022
29914	6	0.7777777777777778	90033	312	1213	1324	2423	2319023
48728	6	0.1111111111111111	90033	34	411	1114	1423	2319023
37748	9	0.1111111111111111	90033	34	45	59	910	1015	1514	1423	2319023
29251	4	1.0	90044	43	31	119001
29617	5	0.5333333333333333	90044	45	56	62	219002
37828	5	0.4666666666666667	90044	43	31	12	219002
29545	3	1.0	90044	43	319003
29399	4	1.0	90044	45	56	619006
29463	6	0.9090909090909091	90044	45	56	68	87	719007
37889	6	0.09090909090909091	90044	45	59	98	87	719007
29611	5	0.7954545454545454	90044	45	56	68	819008
37509	5	0.18181818181818182	90044	45	59	98	819008
44874	6	0.022727272727272728	90044	411	1110	1016	168	819008
29309	4	0.9696969696969697	90044	45	59	919009
44292	5	0.030303030303030304	90044	411	1110	109	919009
43671	4	0.13970588235294118	90044	411	1110	1019010
28881	5	0.8602941176470589	90044	45	59	910	1019010
29393	3	0.7317073170731707	90044	411	1119011
36510	6	0.2682926829268293	90044	45	59	910	1011	1119011
28921	4	1.0	90044	43	312	1219012
29127	5	1.0	90044	43	312	1213	1319013
29301	4	0.78125	90044	411	1114	1419014
36780	7	0.09375	90044	45	59	910	1011	1114	1419014
37290	7	0.09375	90044	45	59	910	1015	1514	1419014
42844	8	0.03125	90044	43	312	1213	1324	2423	2314	1419014
29533	5	0.5526315789473685	90044	411	1114	1415	1519015
36231	6	0.4473684210526316	90044	45	59	910	1015	1519015
44270	5	0.05555555555555555	90044	411	1110	1016	1619016
29285	6	0.7592592592592593	90044	45	56	68	816	1619016
37686	6	0.14814814814814814	90044	45	59	98	816	1619016
45123	6	0.037037037037037035	90044	45	59	910	1016	1619016
36262	6	0.2553191489361702	90044	45	59	910	1017	1719017
29307	7	0.6808510638297872	90044	45	56	68	816	1617	1719017
43042	7	0.0425531914893617	90044	45	59	98	816	1617	1719017
49481	9	0.02127659574468085	90044	45	56	68	87	718	1816	1617	1719017
41431	6	0.15789473684210525	90044	411	1114	1415	1519	1919019
36245	7	0.15789473684210525	90044	45	59	910	1017	1719	1919019
39167	7	0.21052631578947367	90044	45	59	910	1015	1519	1919019
29607	8	0.3684210526315789	90044	45	56	68	816	1617	1719	1919019
43120	9	0.10526315789473684	90044	43	312	1213	1324	2421	2120	2019	1919019
48500	7	0.03333333333333333	90044	411	1114	1415	1519	1920	2019020
29523	8	0.6666666666666666	90044	45	56	68	87	718	1820	2019020
37506	8	0.1	90044	45	59	98	87	718	1820	2019020
43040	8	0.16666666666666666	90044	43	312	1213	1324	2421	2120	2019020
54400	8	0.03333333333333333	90044	45	59	910	1015	1519	1920	2019020
29647	7	0.5625	90044	43	312	1213	1324	2421	2119021
47029	7	0.125	90044	411	1114	1415	1522	2221	2119021
47479	8	0.0625	90044	45	59	910	1015	1522	2221	2119021
48848	8	0.0625	90044	411	1114	1415	1519	1920	2021	2119021
36319	9	0.1875	90044	45	56	68	87	718	1820	2021	2119021
29191	6	0.25	90044	411	1114	1423	2322	2219022
34675	6	0.25	90044	411	1114	1415	1522	2219022
36087	7	0.475	90044	45	59	910	1015	1522	2219022
43057	8	0.025	90044	43	312	1213	1324	2423	2322	2219022
29639	5	0.6551724137931034	90044	411	1114	1423	2319023
39583	7	0.20689655172413793	90044	43	312	1213	1324	2423	2319023
36560	8	0.034482758620689655	90044	45	59	910	1011	1114	1423	2319023
37172	8	0.06896551724137931	90044	45	59	910	1015	1514	1423	2319023
39020	8	0.034482758620689655	90044	45	59	910	1015	1522	2223	2319023
29637	6	0.6296296296296297	90044	43	312	1213	1324	2419024
35698	6	0.2222222222222222	90044	411	1114	1423	2324	2419024
37043	9	0.07407407407407407	90044	45	59	910	1015	1514	1423	2324	2419024
47768	9	0.037037037037037035	90044	45	59	910	1015	1522	2221	2124	2419024
48098	10	0.037037037037037035	90044	45	56	68	87	718	1820	2021	2124	2419024
29003	4	0.9496644295302014	90055	59	910	1019010
44135	5	0.050335570469798654	90055	54	411	1110	1019010
29139	5	0.5826086956521739	90055	54	411	1114	1419014
36448	6	0.19130434782608696	90055	59	910	1011	1114	1419014
37055	6	0.14782608695652175	90055	59	910	1015	1514	1419014
43233	9	0.0782608695652174	90055	54	43	312	1213	1324	2423	2314	1419014
29381	7	0.6753246753246753	90055	59	910	1015	1522	2221	2119021
36043	8	0.11688311688311688	90055	56	68	87	718	1820	2021	2119021
37769	8	0.06493506493506493	90055	59	98	87	718	1820	2021	2119021
43297	8	0.11688311688311688	90055	54	43	312	1213	1324	2421	2119021
49095	8	0.025974025974025976	90055	54	411	1114	1415	1522	2221	2119021
29649	4	1.0	90066	62	21	119001
30792	3	1.0	90066	62	219002
31418	5	1.0	90066	65	54	43	319003
29337	4	1.0	90066	65	54	419004
28999	4	1.0	90066	68	87	719007
29221	3	1.0	90066	68	819008
29323	4	1.0	90066	65	59	919009
29089	5	0.5892857142857143	90066	68	816	1610	1019010
37105	5	0.375	90066	65	59	910	1019010
44762	6	0.03571428571428571	90066	65	54	411	1110	1019010
29275	5	0.6875	90066	65	54	411	1119011
36454	6	0.0625	90066	68	816	1610	1011	1119011
36887	6	0.25	90066	65	59	910	1011	1119011
29149	6	1.0	90066	65	54	43	312	1219012
29551	7	1.0	90066	65	54	43	312	1213	1319013
29641	6	0.625	90066	65	54	411	1114	1419014
36778	7	0.1875	90066	68	816	1610	1011	1114	1419014
37072	7	0.0625	90066	65	59	910	1015	1514	1419014
39762	7	0.125	90066	65	59	910	1011	1114	1419014
36672	6	0.35294117647058826	90066	68	816	1610	1015	1519015
37356	6	0.29411764705882354	90066	65	59	910	1015	1519015
29027	7	0.29411764705882354	90066	68	816	1617	1719	1915	1519015
43427	8	0.058823529411764705	90066	68	87	718	1820	2019	1915	1519015
28849	4	1.0	90066	68	816	1619016
29437	5	0.9069767441860465	90066	68	816	1617	1719017
38195	6	0.09302325581395349	90066	65	59	910	1017	1719017
29535	6	0.42857142857142855	90066	68	816	1617	1719	1919019
38198	7	0.14285714285714285	90066	65	59	910	1017	1719	1919019
40251	7	0.42857142857142855	90066	68	87	718	1820	2019	1919019
29277	6	1.0	90066	68	87	718	1820	2019020
28993	7	1.0	90066	68	87	718	1820	2021	2119021
29397	7	0.7083333333333334	90066	68	87	718	1820	2022	2219022
45289	7	0.125	90066	65	59	910	1015	1522	2219022
47876	7	0.08333333333333333	90066	68	816	1610	1015	1522	2219022
44674	8	0.041666666666666664	90066	65	54	411	1114	1415	1522	2219022
48868	8	0.041666666666666664	90066	68	87	718	1820	2021	2122	2219022
35798	7	0.11764705882352941	90066	65	54	411	1114	1423	2319023
29167	8	0.47058823529411764	90066	68	87	718	1820	2022	2223	2319023
37411	8	0.11764705882352941	90066	65	59	910	1015	1514	1423	2319023
36750	9	0.17647058823529413	90066	68	87	718	1820	2021	2124	2423	2319023
54254	9	0.11764705882352941	90066	68	87	718	1820	2021	2122	2223	2319023
28967	8	0.8421052631578947	90066	68	87	718	1820	2021	2124	2419024
42190	8	0.15789473684210525	90066	65	54	43	312	1213	1324	2419024
28919	6	0.7333333333333333	90077	78	86	62	21	119001
48891	8	0.06666666666666667	90077	718	1816	168	86	62	21	119001
37100	10	0.06666666666666667	90077	718	1816	1610	109	95	54	43	31	119001
37926	10	0.13333333333333333	90077	718	1820	2021	2124	2413	1312	123	31	119001
30065	5	0.6666666666666666	90077	78	86	62	219002
37419	7	0.2222222222222222	90077	718	1816	168	86	62	219002
37464	11	0.1111111111111111	90077	718	1820	2021	2124	2413	1312	123	31	12	219002
29497	7	0.7142857142857143	90077	78	86	65	54	43	319003
37842	9	0.14285714285714285	90077	718	1820	2021	2124	2413	1312	123	319003
48814	9	0.14285714285714285	90077	718	1816	168	86	65	54	43	319003
29585	6	0.7272727272727273	90077	78	86	65	54	419004
37280	8	0.045454545454545456	90077	718	1816	1610	109	95	54	419004
48549	8	0.13636363636363635	90077	718	1816	168	86	65	54	419004
54692	9	0.045454545454545456	90077	718	1820	2019	1915	1510	1011	114	419004
38408	10	0.045454545454545456	90077	718	1820	2021	2124	2413	1312	123	34	419004
29379	4	0.5675675675675675	90077	78	86	619006
37190	6	0.3783783783783784	90077	718	1816	168	86	619006
55610	9	0.02702702702702703	90077	718	1820	2019	1917	1716	168	86	619006
38713	12	0.02702702702702703	90077	718	1820	2021	2124	2413	1312	123	34	45	56	619006
29279	3	0.7062146892655368	90077	78	819008
36968	5	0.2711864406779661	90077	718	1816	168	819008
39027	7	0.011299435028248588	90077	718	1820	2018	1816	168	819008
55298	8	0.011299435028248588	90077	718	1820	2019	1917	1716	168	819008
42826	4	0.16666666666666666	90077	78	89	919009
29429	6	0.8333333333333334	90077	718	1816	1610	109	919009
29465	5	0.859375	90077	718	1816	1610	1019010
43289	5	0.078125	90077	78	816	1610	1019010
54444	7	0.0625	90077	718	1820	2019	1915	1510	1019010
29313	6	0.8571428571428571	90077	718	1816	1610	1011	1119011
43302	6	0.07142857142857142	90077	78	816	1610	1011	1119011
54623	8	0.03571428571428571	90077	718	1820	2019	1915	1510	1011	1119011
55625	8	0.03571428571428571	90077	718	1820	2019	1915	1514	1411	1119011
36642	7	0.06666666666666667	90077	718	1816	1610	1011	1112	1219012
29665	8	0.6	90077	78	86	65	54	43	312	1219012
37785	8	0.2	90077	718	1820	2021	2124	2413	1312	1219012
42890	9	0.06666666666666667	90077	718	1820	2022	2223	2324	2413	1312	1219012
54704	9	0.06666666666666667	90077	718	1820	2019	1915	1510	1011	1112	1219012
29575	7	0.6111111111111112	90077	718	1820	2021	2124	2413	1319013
42300	8	0.2777777777777778	90077	718	1820	2022	2223	2324	2413	1319013
49392	8	0.05555555555555555	90077	718	1816	1610	1011	1112	1213	1319013
54717	10	0.05555555555555555	90077	718	1820	2019	1915	1510	1011	1112	1213	1319013
36288	7	0.5	90077	718	1820	2019	1915	1514	1419014
37302	7	0.1111111111111111	90077	718	1816	1610	1015	1514	1419014
38785	7	0.16666666666666666	90077	718	1820	2022	2223	2314	1419014
29627	8	0.2222222222222222	90077	718	1816	1617	1719	1915	1514	1419014
36013	6	0.34375	90077	718	1820	2019	1915	1519015
36394	6	0.0625	90077	718	1820	2022	2215	1519015
37275	6	0.21875	90077	718	1816	1610	1015	1519015
28915	7	0.34375	90077	718	1816	1617	1719	1915	1519015
48496	7	0.03125	90077	718	1820	2021	2122	2215	1519015
28991	4	0.9095744680851063	90077	718	1816	1619016
43029	4	0.06914893617021277	90077	78	816	1619016
39033	6	0.015957446808510637	90077	718	1820	2018	1816	1619016
55303	7	0.005319148936170213	90077	718	1820	2019	1917	1716	1619016
29219	5	0.8526315789473684	90077	718	1816	1617	1719017
43147	5	0.10526315789473684	90077	78	816	1617	1719017
55372	6	0.021052631578947368	90077	718	1820	2019	1917	1719017
39104	7	0.021052631578947368	90077	718	1820	2018	1816	1617	1719017
36278	5	0.4230769230769231	90077	718	1820	2019	1919019
29263	6	0.5	90077	718	1816	1617	1719	1919019
39255	8	0.07692307692307693	90077	718	1820	2018	1816	1617	1719	1919019
29347	4	1.0	90077	718	1820	2019020
29363	5	1.0	90077	718	1820	2021	2119021
29433	5	0.7555555555555555	90077	718	1820	2022	2219022
48308	6	0.15555555555555556	90077	718	1820	2021	2122	2219022
48950	7	0.08888888888888889	90077	718	1820	2019	1915	1522	2219022
29677	6	0.7142857142857143	90077	718	1820	2022	2223	2319023
37208	7	0.23809523809523808	90077	718	1820	2021	2124	2423	2319023
54003	7	0.047619047619047616	90077	718	1820	2021	2122	2223	2319023
29035	5	0.88	90088	86	62	21	119001
38388	7	0.12	90088	89	95	54	43	31	119001
29503	4	1.0	90088	86	62	219002
29675	6	0.6923076923076923	90088	86	65	54	43	319003
37861	6	0.3076923076923077	90088	89	95	54	43	319003
28831	5	0.9302325581395349	90088	86	65	54	419004
37690	5	0.06976744186046512	90088	89	95	54	419004
29069	4	0.9047619047619048	90088	86	65	519005
37612	4	0.09523809523809523	90088	89	95	519005
28871	3	1.0	90088	86	619006
28979	3	1.0	90088	87	719007
29629	3	1.0	90088	89	919009
29405	4	0.8380952380952381	90088	816	1610	1019010
38177	4	0.1619047619047619	90088	89	910	1019010
29225	5	0.8636363636363636	90088	816	1610	1011	1119011
38186	5	0.022727272727272728	90088	89	910	1011	1119011
44284	6	0.11363636363636363	90088	86	65	54	411	1119011
37776	6	0.1111111111111111	90088	816	1610	1011	1112	1219012
38137	6	0.07407407407407407	90088	89	910	1011	1112	1219012
29565	7	0.8148148148148148	90088	86	65	54	43	312	1219012
28879	8	0.8529411764705882	90088	86	65	54	43	312	1213	1319013
37806	8	0.14705882352941177	90088	87	718	1820	2021	2124	2413	1319013
35876	6	0.3333333333333333	90088	816	1610	1011	1114	1419014
37028	6	0.16666666666666666	90088	816	1610	1015	1514	1419014
29365	7	0.2916666666666667	90088	816	1617	1719	1915	1514	1419014
44310	7	0.08333333333333333	90088	86	65	54	411	1114	1419014
43317	8	0.125	90088	87	718	1820	2019	1915	1514	1419014
36677	5	0.3	90088	816	1610	1015	1519015
38323	5	0.05	90088	89	910	1015	1519015
29549	6	0.45	90088	816	1617	1719	1915	1519015
43364	7	0.2	90088	87	718	1820	2019	1915	1519015
29111	3	1.0	90088	816	1619016
29241	4	1.0	90088	816	1617	1719017
29587	5	0.2962962962962963	90088	816	1617	1719	1919019
40239	6	0.7037037037037037	90088	87	718	1820	2019	1919019
29071	5	1.0	90088	87	718	1820	2019020
29547	6	1.0	90088	87	718	1820	2021	2119021
28885	6	0.6981132075471698	90088	87	718	1820	2022	2219022
47766	6	0.07547169811320754	90088	816	1610	1015	1522	2219022
49278	6	0.018867924528301886	90088	89	910	1015	1522	2219022
48627	7	0.20754716981132076	90088	87	718	1820	2021	2122	2219022
29247	7	0.8214285714285714	90088	87	718	1820	2022	2223	2319023
36556	8	0.10714285714285714	90088	87	718	1820	2021	2124	2423	2319023
54205	8	0.07142857142857142	90088	87	718	1820	2021	2122	2223	2319023
29147	7	0.8571428571428571	90088	87	718	1820	2021	2124	2419024
42097	8	0.11428571428571428	90088	87	718	1820	2022	2223	2324	2419024
54609	9	0.02857142857142857	90088	87	718	1820	2021	2122	2223	2324	2419024
29077	6	1.0	90099	95	54	43	31	119001
29427	5	0.7142857142857143	90099	95	56	62	219002
43890	5	0.21428571428571427	90099	98	86	62	219002
38678	7	0.07142857142857142	90099	95	54	45	56	62	219002
30057	5	1.0	90099	95	54	43	319003
29311	4	1.0	90099	95	54	419004
28843	4	0.8214285714285714	90099	95	56	619006
43369	4	0.17857142857142858	90099	98	86	619006
36123	4	0.6	90099	98	87	719007
29601	6	0.4	90099	910	1016	1618	187	719007
29401	3	1.0	90099	98	819008
29061	3	1.0	90099	910	1019010
28977	4	1.0	90099	910	1011	1119011
29473	5	0.8717948717948718	90099	910	1011	1112	1219012
43446	6	0.1282051282051282	90099	95	54	43	312	1219012
29153	6	0.7906976744186046	90099	910	1011	1112	1213	1319013
43263	7	0.20930232558139536	90099	95	54	43	312	1213	1319013
28989	5	0.9487179487179487	90099	910	1011	1114	1419014
37278	5	0.05128205128205128	90099	910	1015	1514	1419014
29461	4	1.0	90099	910	1015	1519015
29315	4	0.6162790697674418	90099	910	1016	1619016
37317	4	0.38372093023255816	90099	98	816	1619016
36173	4	0.11940298507462686	90099	910	1017	1719017
29373	5	0.5074626865671642	90099	910	1016	1617	1719017
43137	5	0.29850746268656714	90099	98	816	1617	1719017
50833	6	0.07462686567164178	90099	910	1015	1519	1917	1719017
36023	5	0.14705882352941177	90099	910	1017	1719	1919019
39317	5	0.4117647058823529	90099	910	1015	1519	1919019
29663	6	0.38235294117647056	90099	910	1016	1617	1719	1919019
43918	7	0.058823529411764705	90099	98	87	718	1820	2019	1919019
29103	6	0.48717948717948717	90099	910	1016	1618	1820	2019020
37230	6	0.3076923076923077	90099	98	87	718	1820	2019020
39041	6	0.20512820512820512	90099	910	1015	1519	1920	2019020
29327	6	0.9	90099	910	1015	1522	2221	2119021
36995	7	0.05	90099	98	87	718	1820	2021	2119021
43080	8	0.05	90099	910	1015	1522	2223	2324	2421	2119021
29217	5	1.0	90099	910	1015	1522	2219022
29619	6	0.2	90099	910	1011	1114	1423	2319023
34900	6	0.6666666666666666	90099	910	1015	1522	2223	2319023
37060	6	0.13333333333333333	90099	910	1015	1514	1423	2319023
29583	7	0.3448275862068966	90099	910	1015	1522	2221	2124	2419024
36018	7	0.06896551724137931	90099	910	1011	1114	1423	2324	2419024
37069	7	0.06896551724137931	90099	910	1015	1514	1423	2324	2419024
39288	7	0.3448275862068966	90099	910	1015	1522	2223	2324	2419024
43669	8	0.06896551724137931	90099	95	54	43	312	1213	1324	2419024
48806	8	0.10344827586206896	90099	98	87	718	1820	2021	2124	2419024
44332	6	0.02531645569620253	901010	1011	1112	123	31	119001
49240	6	0.012658227848101266	901010	1011	114	43	31	119001
28997	7	0.9620253164556962	901010	109	95	54	43	31	119001
29425	6	0.35	901010	1016	168	86	62	219002
36193	6	0.4	901010	109	95	56	62	219002
44290	6	0.15	901010	109	98	86	62	219002
42575	8	0.1	901010	109	95	54	43	31	12	219002
44318	5	0.03571428571428571	901010	1011	1112	123	319003
49335	5	0.07142857142857142	901010	1011	114	43	319003
29355	6	0.8928571428571429	901010	109	95	54	43	319003
44186	4	0.1625	901010	1011	114	419004
29067	5	0.8375	901010	109	95	54	419004
29013	4	1.0	901010	109	95	519005
29165	5	0.3888888888888889	901010	1016	168	86	619006
35836	5	0.2962962962962963	901010	109	95	56	619006
42542	5	0.3148148148148148	901010	109	98	86	619006
28907	5	0.5957446808510638	901010	1016	1618	187	719007
37374	5	0.40425531914893614	901010	109	98	87	719007
29059	4	0.5	901010	1016	168	819008
36614	4	0.5	901010	109	98	819008
28939	3	1.0	901010	109	919009
28865	3	1.0	901010	1011	1119011
29215	4	1.0	901010	1011	1112	1219012
29375	5	1.0	901010	1011	1112	1213	1319013
29137	4	0.8368794326241135	901010	1011	1114	1419014
37545	4	0.16312056737588654	901010	1015	1514	1419014
28903	3	1.0	901010	1015	1519015
29357	3	0.8571428571428571	901010	1016	1619016
39846	4	0.005952380952380952	901010	1017	1716	1619016
38093	5	0.08928571428571429	901010	109	98	816	1619016
50762	6	0.017857142857142856	901010	1015	1519	1917	1716	1619016
49414	7	0.02976190476190476	901010	1015	1519	1920	2018	1816	1619016
35844	3	0.1608695652173913	901010	1017	1719017
28917	4	0.7260869565217392	901010	1016	1617	1719017
50311	5	0.07391304347826087	901010	1015	1519	1917	1719017
49541	8	0.0391304347826087	901010	1015	1519	1920	2018	1816	1617	1719017
35829	4	0.1951219512195122	901010	1017	1719	1919019
39564	4	0.4715447154471545	901010	1015	1519	1919019
28895	5	0.3089430894308943	901010	1016	1617	1719	1919019
45083	6	0.016260162601626018	901010	1016	1618	1820	2019	1919019
44684	7	0.008130081300813009	901010	1015	1522	2221	2120	2019	1919019
28971	5	0.4375	901010	1016	1618	1820	2019020
36585	5	0.041666666666666664	901010	1015	1522	2220	2019020
37602	5	0.0625	901010	1017	1719	1920	2019020
39566	5	0.4270833333333333	901010	1015	1519	1920	2019020
44337	6	0.03125	901010	1015	1522	2221	2120	2019020
29449	5	0.75	901010	1015	1522	2221	2119021
36758	6	0.08333333333333333	901010	1015	1522	2220	2021	2119021
37728	6	0.09523809523809523	901010	1017	1719	1920	2021	2119021
39449	6	0.03571428571428571	901010	1015	1519	1920	2021	2119021
43257	7	0.03571428571428571	901010	1015	1522	2223	2324	2421	2119021
28933	4	1.0	901010	1015	1522	2219022
29019	5	0.6842105263157895	901010	1015	1522	2223	2319023
35217	5	0.20175438596491227	901010	1011	1114	1423	2319023
37518	5	0.07017543859649122	901010	1015	1514	1423	2319023
48510	8	0.043859649122807015	901010	1015	1519	1920	2021	2124	2423	2319023
29299	6	0.2988505747126437	901010	1015	1522	2221	2124	2419024
36073	6	0.11494252873563218	901010	1011	1114	1423	2324	2419024
37726	6	0.12643678160919541	901010	1015	1514	1423	2324	2419024
39600	6	0.39080459770114945	901010	1015	1522	2223	2324	2419024
55393	6	0.022988505747126436	901010	1011	1112	1213	1324	2419024
48710	7	0.04597701149425287	901010	1015	1519	1920	2021	2124	2419024
29133	5	0.8695652173913043	901111	114	43	31	119001
36711	5	0.13043478260869565	901111	1112	123	31	119001
29559	6	0.5	901111	114	45	56	62	219002
37058	6	0.38461538461538464	901111	114	43	31	12	219002
44017	6	0.11538461538461539	901111	1112	123	31	12	219002
29645	4	0.8947368421052632	901111	114	43	319003
36436	4	0.10526315789473684	901111	1112	123	319003
29177	3	1.0	901111	114	419004
29487	5	0.9354838709677419	901111	114	45	56	619006
44388	6	0.06451612903225806	901111	1110	109	98	86	619006
29073	6	0.5714285714285714	901111	1110	1016	1618	187	719007
37203	6	0.2857142857142857	901111	1110	109	98	87	719007
38884	7	0.08571428571428572	901111	114	45	56	68	87	719007
54711	8	0.05714285714285714	901111	1114	1415	1519	1920	2018	187	719007
29091	5	0.46938775510204084	901111	1110	1016	168	819008
36427	5	0.32653061224489793	901111	1110	109	98	819008
34622	6	0.20408163265306123	901111	114	45	56	68	819008
28965	4	1.0	901111	1110	109	919009
28913	3	1.0	901111	1110	1019010
29419	3	1.0	901111	1112	1219012
28857	4	1.0	901111	1112	1213	1319013
29131	3	1.0	901111	1114	1419014
28955	4	0.7906976744186046	901111	1114	1415	1519015
37741	4	0.20930232558139536	901111	1110	1015	1519015
28893	4	0.8166666666666667	901111	1110	1016	1619016
38020	6	0.05	901111	1110	109	98	816	1619016
38457	7	0.09166666666666666	901111	114	45	56	68	816	1619016
55333	7	0.025	901111	1114	1415	1519	1917	1716	1619016
49420	8	0.016666666666666666	901111	1114	1415	1519	1920	2018	1816	1619016
36030	4	0.18	901111	1110	1017	1719017
28863	5	0.74	901111	1110	1016	1617	1719017
50458	6	0.07	901111	1114	1415	1519	1917	1719017
50132	8	0.01	901111	114	45	56	68	816	1617	1719017
29441	5	0.7954545454545454	901111	1114	1415	1519	1919019
36067	5	0.06818181818181818	901111	1110	1017	1719	1919019
39276	5	0.11363636363636363	901111	1110	1015	1519	1919019
35649	6	0.022727272727272728	901111	1110	1016	1617	1719	1919019
29469	6	0.6666666666666666	901111	1114	1415	1519	1920	2019020
34820	6	0.08771929824561403	901111	1110	1016	1618	1820	2019020
36153	6	0.19298245614035087	901111	1114	1423	2322	2220	2019020
39092	6	0.05263157894736842	901111	1110	1015	1519	1920	2019020
29193	6	0.4117647058823529	901111	1114	1423	2324	2421	2119021
36221	6	0.058823529411764705	901111	1114	1423	2322	2221	2119021
41913	6	0.29411764705882354	901111	1114	1415	1522	2221	2119021
43075	6	0.11764705882352941	901111	1112	1213	1324	2421	2119021
36411	7	0.08823529411764706	901111	1114	1423	2322	2220	2021	2119021
38951	7	0.029411764705882353	901111	1110	1015	1519	1920	2021	2119021
28891	5	0.7586206896551724	901111	1114	1415	1522	2219022
35714	5	0.13793103448275862	901111	1114	1423	2322	2219022
38941	5	0.10344827586206896	901111	1110	1015	1522	2219022
28839	4	0.6463414634146342	901111	1114	1423	2319023
42031	6	0.17073170731707318	901111	1112	1213	1324	2423	2319023
42606	6	0.18292682926829268	901111	1114	1415	1522	2223	2319023
29577	5	0.5818181818181818	901111	1114	1423	2324	2419024
41742	5	0.34545454545454546	901111	1112	1213	1324	2419024
53051	7	0.07272727272727272	901111	1114	1415	1522	2223	2324	2419024
29283	4	1.0	901212	123	31	119001
29331	5	1.0	901212	123	31	12	219002
29389	3	1.0	901212	123	319003
29145	4	1.0	901212	123	34	419004
29023	5	1.0	901212	123	34	45	519005
29501	6	0.95	901212	123	34	45	56	619006
54143	6	0.05	901212	123	31	12	26	619006
29483	8	0.5882352941176471	901212	123	34	45	56	68	87	719007
37895	8	0.17647058823529413	901212	123	34	45	59	98	87	719007
42152	8	0.23529411764705882	901212	1213	1324	2421	2120	2018	187	719007
49849	6	0.12903225806451613	901212	1211	1110	109	98	819008
29031	7	0.7096774193548387	901212	123	34	45	56	68	819008
37854	7	0.06451612903225806	901212	123	34	45	59	98	819008
42740	9	0.0967741935483871	901212	1213	1324	2421	2120	2018	187	78	819008
29295	5	0.42857142857142855	901212	1211	1110	109	919009
36317	6	0.5428571428571428	901212	123	34	45	59	919009
43785	7	0.02857142857142857	901212	123	34	411	1110	109	919009
29011	4	0.5882352941176471	901212	1211	1110	1019010
42985	6	0.11764705882352941	901212	123	34	411	1110	1019010
36110	7	0.2823529411764706	901212	123	34	45	59	910	1019010
42859	8	0.011764705882352941	901212	1213	1324	2423	2314	1411	1110	1019010
29181	3	0.6309523809523809	901212	1211	1119011
39480	5	0.17857142857142858	901212	123	34	411	1119011
42290	7	0.011904761904761904	901212	1213	1324	2423	2314	1411	1119011
36664	8	0.17857142857142858	901212	123	34	45	59	910	1011	1119011
28835	3	1.0	901212	1213	1319013
29651	4	0.5151515151515151	901212	1211	1114	1419014
36224	6	0.18181818181818182	901212	1213	1324	2423	2314	1419014
39417	6	0.24242424242424243	901212	123	34	411	1114	1419014
37887	9	0.030303030303030304	901212	123	34	45	59	910	1015	1514	1419014
38837	9	0.030303030303030304	901212	123	34	45	59	910	1011	1114	1419014
29537	5	0.42857142857142855	901212	1211	1114	1415	1519015
36209	7	0.07142857142857142	901212	1213	1324	2423	2322	2215	1519015
42926	7	0.10714285714285714	901212	1213	1324	2423	2314	1415	1519015
48818	7	0.07142857142857142	901212	123	34	411	1114	1415	1519015
37380	8	0.32142857142857145	901212	123	34	45	59	910	1015	1519015
29467	5	0.475	901212	1211	1110	1016	1619016
35989	8	0.3	901212	123	34	45	56	68	816	1619016
37760	8	0.05	901212	123	34	45	59	98	816	1619016
42145	8	0.075	901212	1213	1324	2421	2120	2018	1816	1619016
49234	9	0.025	901212	1211	1114	1415	1519	1920	2018	1816	1619016
42727	10	0.075	901212	1213	1324	2421	2120	2018	187	78	816	1619016
35640	5	0.029411764705882353	901212	1211	1110	1017	1719017
28951	6	0.29411764705882354	901212	1211	1110	1016	1617	1719017
36237	8	0.17647058823529413	901212	123	34	45	59	910	1017	1719017
41925	9	0.20588235294117646	901212	123	34	45	56	68	816	1617	1719017
42345	9	0.029411764705882353	901212	1213	1324	2421	2120	2018	1816	1617	1719017
53354	9	0.058823529411764705	901212	123	34	45	59	98	816	1617	1719017
56481	9	0.029411764705882353	901212	1213	1324	2421	2122	2215	1519	1917	1719017
49105	10	0.058823529411764705	901212	1211	1114	1415	1519	1920	2018	1816	1617	1719017
55119	10	0.029411764705882353	901212	123	34	45	59	910	1015	1519	1917	1719017
42481	11	0.029411764705882353	901212	1213	1324	2421	2120	2018	187	78	816	1617	1719017
44371	11	0.058823529411764705	901212	1213	1324	2421	2120	2018	187	718	1816	1617	1719017
28901	6	0.4098360655737705	901212	1211	1110	1016	1618	1819018
35652	7	0.22950819672131148	901212	1213	1324	2421	2120	2018	1819018
49312	8	0.08196721311475409	901212	1211	1114	1415	1519	1920	2018	1819018
36004	9	0.16393442622950818	901212	123	34	45	56	68	87	718	1819018
37718	9	0.11475409836065574	901212	123	34	45	59	98	87	718	1819018
28855	6	0.4	901212	1211	1114	1415	1519	1919019
35711	7	0.13333333333333333	901212	1213	1324	2421	2120	2019	1919019
41855	8	0.06666666666666667	901212	1213	1324	2421	2122	2215	1519	1919019
48262	8	0.06666666666666667	901212	123	34	411	1110	1015	1519	1919019
37233	9	0.26666666666666666	901212	123	34	45	59	910	1017	1719	1919019
38906	9	0.06666666666666667	901212	123	34	45	59	910	1015	1519	1919019
29273	6	0.8333333333333334	901212	1213	1324	2421	2120	2019020
36090	7	0.041666666666666664	901212	1213	1324	2423	2322	2220	2019020
47821	7	0.041666666666666664	901212	1211	1114	1415	1519	1920	2019020
38402	10	0.041666666666666664	901212	123	34	45	56	68	87	718	1820	2019020
54686	10	0.041666666666666664	901212	123	34	45	59	910	1015	1519	1920	2019020
29305	5	0.5555555555555556	901212	1213	1324	2421	2119021
49402	7	0.1111111111111111	901212	1211	1114	1415	1522	2221	2119021
50463	7	0.05555555555555555	901212	1211	1114	1423	2324	2421	2119021
36819	8	0.1111111111111111	901212	1213	1324	2423	2322	2220	2021	2119021
37625	11	0.05555555555555555	901212	123	34	45	59	98	87	718	1820	2021	2119021
38439	11	0.1111111111111111	901212	123	34	45	56	68	87	718	1820	2021	2119021
29229	6	0.43243243243243246	901212	1213	1324	2421	2122	2219022
35852	6	0.2702702702702703	901212	1213	1324	2423	2322	2219022
49091	6	0.02702702702702703	901212	1211	1114	1415	1522	2219022
48596	8	0.13513513513513514	901212	123	34	411	1114	1415	1522	2219022
37607	9	0.13513513513513514	901212	123	34	45	59	910	1015	1522	2219022
29371	5	0.9523809523809523	901212	1213	1324	2423	2319023
49212	5	0.047619047619047616	901212	1211	1114	1423	2319023
29421	4	0.84375	901212	1213	1324	2419024
48977	6	0.15625	901212	1211	1114	1423	2324	2419024
29151	5	1.0	901313	1312	123	31	119001
29447	6	1.0	901313	1312	123	31	12	219002
29579	4	1.0	901313	1312	123	319003
28883	5	1.0	901313	1312	123	34	419004
29561	7	0.88	901313	1312	123	34	45	56	619006
54154	7	0.12	901313	1312	123	31	12	26	619006
29531	7	0.55	901313	1324	2421	2120	2018	187	719007
36610	8	0.05	901313	1324	2423	2322	2220	2018	187	719007
37402	9	0.05	901313	1312	123	34	45	59	98	87	719007
38284	9	0.3	901313	1312	123	34	45	56	68	87	719007
55149	9	0.05	901313	1312	123	31	12	26	68	87	719007
49426	7	0.08571428571428572	901313	1312	1211	1110	109	98	819008
29589	8	0.6571428571428571	901313	1312	123	34	45	56	68	819008
37311	8	0.05714285714285714	901313	1312	123	34	45	59	98	819008
42026	8	0.17142857142857143	901313	1324	2421	2120	2018	187	78	819008
54750	8	0.02857142857142857	901313	1312	123	31	12	26	68	819008
29597	6	0.4594594594594595	901313	1312	1211	1110	109	919009
36275	7	0.4864864864864865	901313	1312	123	34	45	59	919009
43611	8	0.05405405405405406	901313	1324	2423	2322	2215	1510	109	919009
28833	5	0.48	901313	1312	1211	1110	1019010
35905	7	0.04	901313	1324	2423	2322	2215	1510	1019010
39831	7	0.1	901313	1324	2423	2314	1411	1110	1019010
41630	7	0.02	901313	1324	2421	2122	2215	1510	1019010
48241	7	0.07	901313	1312	123	34	411	1110	1019010
36377	8	0.29	901313	1312	123	34	45	59	910	1019010
29087	4	0.5666666666666667	901313	1312	1211	1119011
35925	6	0.17777777777777778	901313	1324	2423	2314	1411	1119011
39507	6	0.17777777777777778	901313	1312	123	34	411	1119011
37148	9	0.07777777777777778	901313	1312	123	34	45	59	910	1011	1119011
28961	3	1.0	901313	1312	1219012
29053	5	0.7045454545454546	901313	1324	2423	2314	1419014
47845	5	0.18181818181818182	901313	1312	1211	1114	1419014
48061	7	0.022727272727272728	901313	1312	123	34	411	1114	1419014
37859	10	0.022727272727272728	901313	1312	123	34	45	59	910	1015	1514	1419014
38813	10	0.06818181818181818	901313	1312	123	34	45	59	910	1011	1114	1419014
29493	6	0.4358974358974359	901313	1324	2421	2122	2215	1519015
36041	6	0.20512820512820512	901313	1324	2423	2322	2215	1519015
42798	6	0.05128205128205128	901313	1324	2423	2314	1415	1519015
49142	6	0.07692307692307693	901313	1312	1211	1114	1415	1519015
39873	8	0.02564102564102564	901313	1324	2423	2322	2220	2019	1915	1519015
48265	8	0.05128205128205128	901313	1312	123	34	411	1110	1015	1519015
37435	9	0.15384615384615385	901313	1312	123	34	45	59	910	1015	1519015
29255	6	0.35185185185185186	901313	1312	1211	1110	1016	1619016
35554	7	0.16666666666666666	901313	1324	2421	2120	2018	1816	1619016
39970	8	0.018518518518518517	901313	1324	2423	2322	2220	2018	1816	1619016
36634	9	0.16666666666666666	901313	1312	123	34	45	56	68	816	1619016
37221	9	0.18518518518518517	901313	1312	123	34	45	59	98	816	1619016
43071	9	0.037037037037037035	901313	1324	2421	2120	2018	187	78	816	1619016
54814	9	0.018518518518518517	901313	1312	123	31	12	26	68	816	1619016
49010	10	0.05555555555555555	901313	1312	1211	1114	1415	1519	1920	2018	1816	1619016
35497	6	0.018867924528301886	901313	1312	1211	1110	1017	1719017
34744	7	0.09433962264150944	901313	1312	1211	1110	1016	1617	1719017
29325	8	0.32075471698113206	901313	1324	2421	2122	2215	1519	1917	1719017
36294	8	0.18867924528301888	901313	1324	2421	2120	2018	1816	1617	1719017
40126	8	0.03773584905660377	901313	1324	2423	2314	1411	1110	1017	1719017
36457	9	0.05660377358490566	901313	1312	123	34	45	59	910	1017	1719017
43274	10	0.03773584905660377	901313	1324	2421	2120	2018	187	78	816	1617	1719017
48056	10	0.07547169811320754	901313	1312	123	34	45	56	68	816	1617	1719017
53447	10	0.09433962264150944	901313	1312	123	34	45	59	98	816	1617	1719017
54928	10	0.05660377358490566	901313	1312	123	31	12	26	68	816	1617	1719017
49003	11	0.018867924528301886	901313	1312	1211	1114	1415	1519	1920	2018	1816	1617	1719017
35636	6	0.18181818181818182	901313	1324	2421	2120	2019	1919019
29603	7	0.36363636363636365	901313	1324	2421	2122	2215	1519	1919019
36617	7	0.045454545454545456	901313	1324	2423	2322	2220	2019	1919019
47728	7	0.045454545454545456	901313	1324	2423	2322	2215	1519	1919019
49249	7	0.045454545454545456	901313	1312	1211	1114	1415	1519	1919019
48250	9	0.045454545454545456	901313	1312	123	34	411	1110	1015	1519	1919019
37219	10	0.045454545454545456	901313	1312	123	34	45	59	910	1017	1719	1919019
38901	10	0.22727272727272727	901313	1312	123	34	45	59	910	1015	1519	1919019
29237	5	0.6585365853658537	901313	1324	2421	2120	2019020
36571	6	0.07317073170731707	901313	1324	2423	2322	2220	2019020
49077	8	0.12195121951219512	901313	1312	1211	1114	1415	1519	1920	2019020
48797	10	0.024390243902439025	901313	1312	123	34	411	1114	1415	1519	1920	2019020
37825	11	0.04878048780487805	901313	1312	123	34	45	59	98	87	718	1820	2019020
38116	11	0.07317073170731707	901313	1312	123	34	45	56	68	87	718	1820	2019020
29017	4	0.8484848484848485	901313	1324	2421	2119021
50358	8	0.030303030303030304	901313	1312	1211	1114	1423	2324	2421	2119021
37783	12	0.030303030303030304	901313	1312	123	34	45	59	98	87	718	1820	2021	2119021
38181	12	0.09090909090909091	901313	1312	123	34	45	56	68	87	718	1820	2021	2119021
29015	5	0.5573770491803278	901313	1324	2421	2122	2219022
36082	5	0.29508196721311475	901313	1324	2423	2322	2219022
49042	7	0.06557377049180328	901313	1312	1211	1114	1415	1522	2219022
48676	9	0.01639344262295082	901313	1312	123	34	411	1114	1415	1522	2219022
38081	10	0.06557377049180328	901313	1312	123	34	45	59	910	1015	1522	2219022
28987	4	0.9078947368421053	901313	1324	2423	2319023
49556	6	0.09210526315789473	901313	1312	1211	1114	1423	2319023
29631	3	0.975	901313	1324	2419024
49716	7	0.025	901313	1312	1211	1114	1423	2324	2419024
29423	6	0.42857142857142855	901414	1411	1112	123	31	119001
34796	6	0.5714285714285714	901414	1411	114	43	31	119001
30356	7	0.42857142857142855	901414	1411	114	45	56	62	219002
42084	7	0.42857142857142855	901414	1411	114	43	31	12	219002
37159	9	0.14285714285714285	901414	1423	2324	2413	1312	123	31	12	219002
29934	5	0.3076923076923077	901414	1411	1112	123	319003
35191	5	0.6153846153846154	901414	1411	114	43	319003
37354	7	0.07692307692307693	901414	1423	2324	2413	1312	123	319003
29609	4	1.0	901414	1411	114	419004
29659	6	0.875	901414	1411	114	45	56	619006
44069	7	0.0625	901414	1415	1510	109	98	86	619006
53711	7	0.0625	901414	1411	1110	109	98	86	619006
34913	7	0.36363636363636365	901414	1415	1519	1920	2018	187	719007
36108	7	0.22727272727272727	901414	1423	2322	2220	2018	187	719007
29643	8	0.3181818181818182	901414	1415	1519	1917	1716	1618	187	719007
44140	8	0.09090909090909091	901414	1415	1522	2221	2120	2018	187	719007
35316	6	0.029411764705882353	901414	1411	1110	1016	168	819008
36520	6	0.20588235294117646	901414	1411	1110	109	98	819008
37120	6	0.3235294117647059	901414	1415	1510	109	98	819008
44491	6	0.029411764705882353	901414	1415	1510	1016	168	819008
29339	7	0.17647058823529413	901414	1415	1519	1917	1716	168	819008
34752	7	0.17647058823529413	901414	1411	114	45	56	68	819008
38963	8	0.058823529411764705	901414	1423	2322	2220	2018	1816	168	819008
29509	5	0.7878787878787878	901414	1411	1110	109	919009
37298	5	0.21212121212121213	901414	1415	1510	109	919009
28945	4	0.7709923664122137	901414	1411	1110	1019010
37082	4	0.22900763358778625	901414	1415	1510	1019010
29025	3	1.0	901414	1411	1119011
29119	4	0.7714285714285715	901414	1411	1112	1219012
37010	6	0.22857142857142856	901414	1423	2324	2413	1312	1219012
28981	5	0.5348837209302325	901414	1423	2324	2413	1319013
41735	5	0.46511627906976744	901414	1411	1112	1213	1319013
29157	3	0.9647058823529412	901414	1415	1519015
38280	5	0.03529411764705882	901414	1411	1110	1015	1519015
34604	5	0.4142857142857143	901414	1411	1110	1016	1619016
43972	5	0.04285714285714286	901414	1415	1510	1016	1619016
29057	6	0.34285714285714286	901414	1415	1519	1917	1716	1619016
36832	7	0.11428571428571428	901414	1423	2322	2220	2018	1816	1619016
48460	7	0.04285714285714286	901414	1415	1519	1920	2018	1816	1619016
54513	7	0.04285714285714286	901414	1415	1510	109	98	816	1619016
28923	5	0.44155844155844154	901414	1415	1519	1917	1719017
35388	5	0.07792207792207792	901414	1411	1110	1017	1719017
36951	5	0.025974025974025976	901414	1415	1510	1017	1719017
34998	6	0.3116883116883117	901414	1411	1110	1016	1617	1719017
44015	6	0.03896103896103896	901414	1415	1510	1016	1617	1719017
48634	8	0.1038961038961039	901414	1415	1519	1920	2018	1816	1617	1719017
29055	4	0.813953488372093	901414	1415	1519	1919019
36691	6	0.046511627906976744	901414	1423	2322	2220	2019	1919019
37175	6	0.09302325581395349	901414	1415	1510	1017	1719	1919019
38850	6	0.046511627906976744	901414	1411	1110	1015	1519	1919019
29095	5	0.74	901414	1415	1519	1920	2019020
35855	5	0.22	901414	1423	2322	2220	2019020
44093	6	0.04	901414	1415	1522	2221	2120	2019020
29457	5	0.375	901414	1423	2324	2421	2119021
41866	5	0.34375	901414	1415	1522	2221	2119021
37294	6	0.15625	901414	1423	2322	2220	2021	2119021
48650	6	0.0625	901414	1415	1519	1920	2021	2119021
43195	7	0.0625	901414	1415	1522	2223	2324	2421	2119021
28911	4	0.8674698795180723	901414	1415	1522	2219022
34528	4	0.13253012048192772	901414	1423	2322	2219022
29201	3	0.7155172413793104	901414	1423	2319023
42140	5	0.28448275862068967	901414	1415	1522	2223	2319023
29451	4	0.7352941176470589	901414	1423	2324	2419024
42276	6	0.23529411764705882	901414	1415	1522	2223	2324	2419024
55786	6	0.029411764705882353	901414	1411	1112	1213	1324	2419024
29605	7	0.2	901515	1514	1411	1112	123	31	119001
34892	7	0.35	901515	1514	1411	114	43	31	119001
44028	7	0.05	901515	1510	1011	1112	123	31	119001
49270	7	0.15	901515	1510	1011	114	43	31	119001
36844	8	0.2	901515	1510	109	95	54	43	31	119001
43817	9	0.05	901515	1522	2223	2324	2413	1312	123	31	119001
35803	7	0.07142857142857142	901515	1510	1016	168	86	62	219002
35965	7	0.21428571428571427	901515	1510	109	95	56	62	219002
43902	7	0.35714285714285715	901515	1510	109	98	86	62	219002
30527	8	0.2857142857142857	901515	1519	1917	1716	168	86	62	219002
48325	9	0.07142857142857142	901515	1510	109	95	54	43	31	12	219002
29317	6	0.36363636363636365	901515	1514	1411	1112	123	319003
34739	6	0.2727272727272727	901515	1514	1411	114	43	319003
44407	6	0.09090909090909091	901515	1510	1011	1112	123	319003
49384	6	0.18181818181818182	901515	1510	1011	114	43	319003
36852	7	0.09090909090909091	901515	1510	109	95	54	43	319003
29329	5	0.5151515151515151	901515	1514	1411	114	419004
43659	5	0.18181818181818182	901515	1510	1011	114	419004
36417	6	0.30303030303030304	901515	1510	109	95	54	419004
35278	6	0.11764705882352941	901515	1510	1016	168	86	619006
36079	6	0.4117647058823529	901515	1510	109	95	56	619006
43900	6	0.11764705882352941	901515	1510	109	98	86	619006
29667	7	0.35294117647058826	901515	1519	1917	1716	168	86	619006
35204	6	0.5882352941176471	901515	1519	1920	2018	187	719007
36228	6	0.14705882352941177	901515	1522	2220	2018	187	719007
29563	7	0.2647058823529412	901515	1519	1917	1716	1618	187	719007
35254	5	0.16666666666666666	901515	1510	1016	168	819008
36439	5	0.5	901515	1510	109	98	819008
28985	6	0.2619047619047619	901515	1519	1917	1716	168	819008
40206	7	0.07142857142857142	901515	1519	1920	2018	187	78	819008
29543	4	1.0	901515	1510	109	919009
28841	3	1.0	901515	1510	1019010
29125	4	0.6363636363636364	901515	1514	1411	1119011
36517	4	0.36363636363636365	901515	1510	1011	1119011
29481	5	0.7307692307692307	901515	1514	1411	1112	1219012
36477	5	0.23076923076923078	901515	1510	1011	1112	1219012
39707	7	0.038461538461538464	901515	1522	2223	2324	2413	1312	1219012
29343	6	0.6363636363636364	901515	1522	2221	2124	2413	1319013
36703	6	0.15151515151515152	901515	1522	2223	2324	2413	1319013
37249	6	0.09090909090909091	901515	1514	1423	2324	2413	1319013
48786	6	0.12121212121212122	901515	1510	1011	1112	1213	1319013
29383	3	1.0	901515	1514	1419014
34959	4	0.47115384615384615	901515	1510	1016	1619016
29179	5	0.4230769230769231	901515	1519	1917	1716	1619016
38001	6	0.028846153846153848	901515	1510	109	98	816	1619016
39174	6	0.009615384615384616	901515	1522	2220	2018	1816	1619016
39658	6	0.0673076923076923	901515	1519	1920	2018	1816	1619016
29113	4	0.45	901515	1519	1917	1719017
35903	4	0.21428571428571427	901515	1510	1017	1719017
35444	5	0.2857142857142857	901515	1510	1016	1617	1719017
50983	6	0.007142857142857143	901515	1519	1920	2019	1917	1719017
49058	7	0.04285714285714286	901515	1519	1920	2018	1816	1617	1719017
35174	5	0.5079365079365079	901515	1519	1920	2018	1819018
35884	5	0.12698412698412698	901515	1522	2220	2018	1819018
29625	6	0.31746031746031744	901515	1519	1917	1716	1618	1819018
44827	6	0.047619047619047616	901515	1522	2221	2120	2018	1819018
29047	3	0.7911392405063291	901515	1519	1919019
36465	5	0.02531645569620253	901515	1522	2220	2019	1919019
37048	5	0.11392405063291139	901515	1510	1017	1719	1919019
38960	5	0.012658227848101266	901515	1510	1015	1519	1919019
44488	6	0.056962025316455694	901515	1522	2221	2120	2019	1919019
29109	4	0.8795180722891566	901515	1519	1920	2019020
36254	4	0.10843373493975904	901515	1522	2220	2019020
44648	5	0.012048192771084338	901515	1522	2221	2120	2019020
29495	4	0.7796610169491526	901515	1522	2221	2119021
37157	5	0.13559322033898305	901515	1522	2220	2021	2119021
39441	5	0.05084745762711865	901515	1519	1920	2021	2119021
43494	6	0.03389830508474576	901515	1522	2223	2324	2421	2119021
29105	3	1.0	901515	1522	2219022
29319	4	0.7536231884057971	901515	1522	2223	2319023
37155	4	0.2463768115942029	901515	1514	1423	2319023
29243	5	0.5625	901515	1522	2221	2124	2419024
36849	5	0.34375	901515	1522	2223	2324	2419024
36918	5	0.09375	901515	1514	1423	2324	2419024
29349	6	0.7142857142857143	901616	168	86	62	21	119001
37253	8	0.22857142857142856	901616	1610	109	95	54	43	31	119001
43679	8	0.05714285714285714	901616	1618	187	78	86	62	21	119001
29541	5	1.0	901616	168	86	62	219002
29595	7	0.7	901616	168	86	65	54	43	319003
36391	7	0.3	901616	1610	109	95	54	43	319003
43690	5	0.08	901616	1610	1011	114	419004
29489	6	0.62	901616	168	86	65	54	419004
36770	6	0.3	901616	1610	109	95	54	419004
28847	4	0.9666666666666667	901616	168	86	619006
38519	6	0.016666666666666666	901616	1610	109	95	56	619006
43797	6	0.016666666666666666	901616	1618	187	78	86	619006
28995	4	1.0	901616	1618	187	719007
28969	3	1.0	901616	168	819008
29391	4	1.0	901616	1610	109	919009
28905	3	1.0	901616	1610	1019010
29065	4	1.0	901616	1610	1011	1119011
29155	5	1.0	901616	1610	1011	1112	1219012
29539	6	1.0	901616	1610	1011	1112	1213	1319013
36696	5	0.4186046511627907	901616	1610	1011	1114	1419014
36980	5	0.23255813953488372	901616	1610	1015	1514	1419014
28943	6	0.3488372093023256	901616	1617	1719	1915	1514	1419014
36564	4	0.5352112676056338	901616	1610	1015	1519015
29333	5	0.4647887323943662	901616	1617	1719	1915	1519015
28937	3	1.0	901616	1617	1719017
29049	3	1.0	901616	1618	1819018
29635	4	0.6041666666666666	901616	1617	1719	1919019
39891	5	0.020833333333333332	901616	1610	1015	1519	1919019
43109	5	0.375	901616	1618	1820	2019	1919019
29081	4	1.0	901616	1618	1820	2019020
36000	5	0.6923076923076923	901616	1618	1820	2021	2119021
44843	6	0.02564102564102564	901616	1618	1820	2022	2221	2119021
29233	7	0.28205128205128205	901616	1617	1719	1915	1522	2221	2119021
36637	5	0.3763440860215054	901616	1618	1820	2022	2219022
43169	5	0.25806451612903225	901616	1610	1015	1522	2219022
29287	6	0.3655913978494624	901616	1617	1719	1915	1522	2219022
36459	6	0.0784313725490196	901616	1610	1011	1114	1423	2319023
37216	6	0.11764705882352941	901616	1610	1015	1514	1423	2319023
38723	6	0.17647058823529413	901616	1618	1820	2022	2223	2319023
43225	6	0.1568627450980392	901616	1610	1015	1522	2223	2319023
29553	7	0.4117647058823529	901616	1617	1719	1915	1522	2223	2319023
48247	7	0.058823529411764705	901616	1618	1820	2021	2124	2423	2319023
29037	7	0.7741935483870968	901717	1716	168	86	62	21	119001
36568	8	0.22580645161290322	901717	1710	109	95	54	43	31	119001
29411	6	0.9487179487179487	901717	1716	168	86	62	219002
37867	7	0.05128205128205128	901717	1710	109	95	56	62	219002
48887	6	0.038461538461538464	901717	1710	1011	114	43	319003
36808	7	0.3076923076923077	901717	1710	109	95	54	43	319003
29669	8	0.46153846153846156	901717	1716	168	86	65	54	43	319003
36250	8	0.19230769230769232	901717	1716	1610	109	95	54	43	319003
43801	5	0.15217391304347827	901717	1710	1011	114	419004
36767	6	0.2608695652173913	901717	1710	109	95	54	419004
28875	7	0.43478260869565216	901717	1716	168	86	65	54	419004
36033	7	0.15217391304347827	901717	1716	1610	109	95	54	419004
29407	5	0.9230769230769231	901717	1716	168	86	619006
37779	6	0.07692307692307693	901717	1710	109	95	56	619006
28889	5	0.8507462686567164	901717	1716	1618	187	719007
37338	6	0.14925373134328357	901717	1719	1920	2018	187	719007
29245	4	0.9484536082474226	901717	1716	168	819008
38096	5	0.05154639175257732	901717	1710	109	98	819008
36728	4	0.45614035087719296	901717	1710	109	919009
29271	5	0.543859649122807	901717	1716	1610	109	919009
36372	3	0.49528301886792453	901717	1710	1019010
28959	4	0.5047169811320755	901717	1716	1610	1019010
36525	4	0.4946236559139785	901717	1710	1011	1119011
29045	5	0.5053763440860215	901717	1716	1610	1011	1119011
36816	5	0.4358974358974359	901717	1710	1011	1112	1219012
29591	6	0.5641025641025641	901717	1716	1610	1011	1112	1219012
37241	6	0.3888888888888889	901717	1710	1011	1112	1213	1319013
44752	7	0.1111111111111111	901717	1716	1610	1011	1112	1213	1319013
29195	8	0.3333333333333333	901717	1719	1915	1522	2221	2124	2413	1319013
36144	8	0.14814814814814814	901717	1719	1915	1522	2223	2324	2413	1319013
36424	8	0.018518518518518517	901717	1719	1915	1514	1423	2324	2413	1319013
29369	5	0.7875	901717	1719	1915	1514	1419014
44040	5	0.2	901717	1710	1011	1114	1419014
44560	6	0.0125	901717	1716	1610	1011	1114	1419014
29009	4	0.8156028368794326	901717	1719	1915	1519015
48690	4	0.1702127659574468	901717	1710	1015	1519015
50382	5	0.014184397163120567	901717	1716	1610	1015	1519015
28877	3	0.9920948616600791	901717	1716	1619016
39031	6	0.007905138339920948	901717	1719	1920	2018	1816	1619016
29169	3	0.9652173913043478	901717	1719	1919019
54281	6	0.034782608695652174	901717	1716	1618	1820	2019	1919019
28931	4	0.7786259541984732	901717	1719	1920	2019020
43747	5	0.22137404580152673	901717	1716	1618	1820	2019020
35934	5	0.2962962962962963	901717	1719	1920	2021	2119021
29293	6	0.48148148148148145	901717	1719	1915	1522	2221	2119021
43752	6	0.2222222222222222	901717	1716	1618	1820	2021	2119021
28837	5	0.6597222222222222	901717	1719	1915	1522	2219022
37489	5	0.1111111111111111	901717	1719	1920	2022	2219022
48482	5	0.1388888888888889	901717	1710	1015	1522	2219022
44182	6	0.09027777777777778	901717	1716	1618	1820	2022	2219022
29199	6	0.5875	901717	1719	1915	1522	2223	2319023
36414	6	0.075	901717	1719	1915	1514	1423	2319023
49695	6	0.075	901717	1710	1011	1114	1423	2319023
53831	6	0.075	901717	1710	1015	1522	2223	2319023
37466	7	0.075	901717	1719	1920	2021	2124	2423	2319023
44264	7	0.05	901717	1716	1618	1820	2022	2223	2319023
50375	7	0.025	901717	1716	1610	1011	1114	1423	2319023
49287	8	0.0375	901717	1716	1618	1820	2021	2124	2423	2319023
37629	6	0.1794871794871795	901717	1719	1920	2021	2124	2419024
29227	7	0.4358974358974359	901717	1719	1915	1522	2221	2124	2419024
35881	7	0.10256410256410256	901717	1719	1915	1522	2223	2324	2419024
36367	7	0.05128205128205128	901717	1719	1915	1514	1423	2324	2419024
49162	7	0.11538461538461539	901717	1716	1618	1820	2021	2124	2419024
53979	7	0.07692307692307693	901717	1710	1015	1522	2223	2324	2419024
44022	8	0.038461538461538464	901717	1716	1618	1820	2022	2223	2324	2419024
29269	5	0.8556701030927835	901818	1816	1610	109	919009
43048	5	0.10309278350515463	901818	187	78	89	919009
54482	7	0.041237113402061855	901818	1820	2019	1915	1510	109	919009
28949	6	0.7428571428571429	901818	1816	1610	1011	1112	1219012
37537	7	0.08571428571428572	901818	1820	2021	2124	2413	1312	1219012
42643	8	0.09523809523809523	901818	1820	2022	2223	2324	2413	1312	1219012
54487	8	0.0380952380952381	901818	1820	2019	1915	1510	1011	1112	1219012
55380	8	0.009523809523809525	901818	1820	2019	1915	1514	1411	1112	1219012
44632	9	0.02857142857142857	901818	187	78	86	65	54	43	312	1219012
29932	3	1.0	901818	1816	1619016
29039	7	0.5681818181818182	901818	187	78	86	62	21	119001
48175	7	0.2159090909090909	901818	1816	168	86	62	21	119001
37133	9	0.056818181818181816	901818	1816	1610	109	95	54	43	31	119001
37512	9	0.11363636363636363	901818	1820	2021	2124	2413	1312	123	31	119001
55294	10	0.011363636363636364	901818	1820	2019	1915	1514	1411	1112	123	31	119001
55796	10	0.011363636363636364	901818	1820	2019	1917	1716	168	86	62	21	119001
54880	11	0.022727272727272728	901818	1820	2019	1915	1510	109	95	54	43	31	119001
36351	4	0.4943820224719101	901818	1820	2019	1919019
29321	5	0.4943820224719101	901818	1816	1617	1719	1919019
39915	6	0.011235955056179775	901818	1816	1610	1015	1519	1919019
29943	8	0.3333333333333333	901919	1917	1716	168	86	62	21	119001
35200	8	0.1111111111111111	901919	1915	1514	1411	114	43	31	119001
48882	8	0.1111111111111111	901919	1915	1510	1011	114	43	31	119001
36775	9	0.2222222222222222	901919	1915	1510	109	95	54	43	31	119001
43892	9	0.1111111111111111	901919	1920	2018	187	78	86	62	21	119001
53257	10	0.1111111111111111	901919	1915	1522	2223	2324	2413	1312	123	31	119001
30982	7	0.14285714285714285	901919	1917	1716	168	86	62	219002
36331	8	0.2857142857142857	901919	1920	2018	187	78	86	62	219002
36717	8	0.14285714285714285	901919	1915	1510	109	95	56	62	219002
48844	8	0.42857142857142855	901919	1920	2018	1816	168	86	62	219002
35337	6	0.3157894736842105	901919	1915	1514	1411	114	419004
43824	6	0.21052631578947367	901919	1915	1510	1011	114	419004
36235	7	0.15789473684210525	901919	1915	1510	109	95	54	419004
29507	8	0.3157894736842105	901919	1917	1716	168	86	65	54	419004
29891	6	0.36363636363636365	901919	1917	1716	168	86	619006
35150	7	0.09090909090909091	901919	1920	2018	187	78	86	619006
36827	7	0.2727272727272727	901919	1915	1510	109	95	56	619006
48412	7	0.09090909090909091	901919	1915	1510	109	98	86	619006
48424	7	0.18181818181818182	901919	1920	2018	1816	168	86	619006
35363	5	0.5714285714285714	901919	1920	2018	187	719007
29657	6	0.42857142857142855	901919	1917	1716	1618	187	719007
29511	5	0.3125	901919	1917	1716	168	819008
35047	6	0.3125	901919	1920	2018	187	78	819008
36737	6	0.125	901919	1920	2018	1816	168	819008
37367	6	0.25	901919	1915	1510	109	98	819008
34942	5	0.6521739130434783	901919	1915	1510	109	919009
29075	6	0.34782608695652173	901919	1917	1716	1610	109	919009
34956	4	0.7477477477477478	901919	1915	1510	1019010
29171	5	0.25225225225225223	901919	1917	1716	1610	1019010
29459	5	0.6585365853658537	901919	1915	1514	1411	1119011
36057	5	0.34146341463414637	901919	1915	1510	1011	1119011
34628	6	0.3076923076923077	901919	1915	1514	1411	1112	1219012
36864	6	0.15384615384615385	901919	1915	1510	1011	1112	1219012
37822	7	0.07692307692307693	901919	1920	2021	2124	2413	1312	1219012
29101	8	0.15384615384615385	901919	1915	1522	2221	2124	2413	1312	1219012
43348	8	0.3076923076923077	901919	1915	1522	2223	2324	2413	1312	1219012
37615	6	0.0625	901919	1920	2021	2124	2413	1319013
29213	7	0.5625	901919	1915	1522	2221	2124	2413	1319013
36471	7	0.0625	901919	1915	1522	2223	2324	2413	1319013
36940	7	0.0625	901919	1915	1514	1423	2324	2413	1319013
49326	7	0.25	901919	1915	1510	1011	1112	1213	1319013
29033	4	1.0	901919	1915	1514	1419014
28859	3	1.0	901919	1915	1519015
29207	4	0.375	901919	1917	1716	1619016
35431	5	0.5	901919	1920	2018	1816	1619016
42598	7	0.125	901919	1920	2018	187	78	816	1619016
29115	3	0.5728643216080402	901919	1917	1719017
36360	5	0.135678391959799	901919	1915	1510	1017	1719017
50887	5	0.01507537688442211	901919	1920	2019	1917	1719017
35919	6	0.23618090452261306	901919	1920	2018	1816	1617	1719017
42641	8	0.04020100502512563	901919	1920	2018	187	78	816	1617	1719017
29185	3	1.0	901919	1920	2019020
36681	4	0.46153846153846156	901919	1920	2021	2119021
29335	5	0.5384615384615384	901919	1915	1522	2221	2119021
29387	4	0.9069767441860465	901919	1915	1522	2219022
37655	4	0.09302325581395349	901919	1920	2022	2219022
29529	5	0.8709677419354839	901919	1915	1522	2223	2319023
36962	5	0.0967741935483871	901919	1915	1514	1423	2319023
55936	5	0.03225806451612903	901919	1920	2022	2223	2319023
37948	5	0.4117647058823529	901919	1920	2021	2124	2419024
29491	6	0.29411764705882354	901919	1915	1522	2221	2124	2419024
36857	6	0.29411764705882354	901919	1915	1522	2223	2324	2419024
29445	8	0.34782608695652173	902020	2018	187	78	86	62	21	119001
36280	8	0.4782608695652174	902020	2021	2124	2413	1312	123	31	119001
49396	8	0.043478260869565216	902020	2018	1816	168	86	62	21	119001
42917	9	0.043478260869565216	902020	2022	2223	2324	2413	1312	123	31	119001
54721	9	0.043478260869565216	902020	2019	1915	1510	1011	114	43	31	119001
55588	9	0.043478260869565216	902020	2019	1915	1514	1411	1112	123	31	119001
29555	7	0.55	902020	2018	187	78	86	62	219002
37388	7	0.3	902020	2018	1816	168	86	62	219002
37737	9	0.15	902020	2021	2124	2413	1312	123	31	12	219002
53407	7	0.03333333333333333	902020	2018	1816	1610	1011	114	419004
54559	7	0.03333333333333333	902020	2019	1915	1510	1011	114	419004
29231	8	0.6666666666666666	902020	2018	187	78	86	65	54	419004
36763	8	0.1	902020	2018	1816	1610	109	95	54	419004
42537	8	0.06666666666666667	902020	2019	1915	1510	109	95	54	419004
48771	8	0.1	902020	2018	1816	168	86	65	54	419004
29005	6	0.6578947368421053	902020	2018	187	78	86	619006
37386	6	0.2631578947368421	902020	2018	1816	168	86	619006
39733	8	0.02631578947368421	902020	2018	1816	1610	109	95	56	619006
55122	8	0.02631578947368421	902020	2019	1915	1510	109	98	86	619006
38017	10	0.02631578947368421	902020	2021	2124	2413	1312	123	34	45	56	619006
29303	4	1.0	902020	2018	187	719007
29211	5	0.5652173913043478	902020	2018	187	78	819008
37150	5	0.3565217391304348	902020	2018	1816	168	819008
55814	6	0.008695652173913044	902020	2019	1917	1716	168	819008
38554	7	0.017391304347826087	902020	2018	187	718	1816	168	819008
54840	7	0.034782608695652174	902020	2019	1915	1510	109	98	819008
55438	8	0.017391304347826087	902020	2019	1915	1519	1917	1716	168	819008
29653	6	0.5483870967741935	902020	2018	1816	1610	109	919009
37857	6	0.06451612903225806	902020	2022	2215	1510	109	919009
42592	6	0.3548387096774194	902020	2019	1915	1510	109	919009
48931	7	0.03225806451612903	902020	2021	2122	2215	1510	109	919009
29079	5	0.6220472440944882	902020	2018	1816	1610	1019010
37640	5	0.031496062992125984	902020	2022	2215	1510	1019010
42710	5	0.30708661417322836	902020	2019	1915	1510	1019010
48995	6	0.015748031496062992	902020	2021	2122	2215	1510	1019010
38667	7	0.023622047244094488	902020	2018	187	718	1816	1610	1019010
29415	6	0.42857142857142855	902020	2019	1915	1514	1411	1119011
35582	6	0.23214285714285715	902020	2018	1816	1610	1011	1119011
43410	6	0.23214285714285715	902020	2019	1915	1510	1011	1119011
44952	6	0.017857142857142856	902020	2022	2215	1514	1411	1119011
49067	7	0.05357142857142857	902020	2021	2122	2215	1510	1011	1119011
38536	8	0.03571428571428571	902020	2018	187	718	1816	1610	1011	1119011
29513	6	0.64	902020	2021	2124	2413	1312	1219012
42856	7	0.28	902020	2022	2223	2324	2413	1312	1219012
49459	7	0.04	902020	2019	1915	1510	1011	1112	1219012
50418	7	0.04	902020	2019	1915	1514	1411	1112	1219012
29063	5	0.7894736842105263	902020	2021	2124	2413	1319013
42885	6	0.18421052631578946	902020	2022	2223	2324	2413	1319013
55551	8	0.02631578947368421	902020	2019	1915	1514	1411	1112	1213	1319013
28975	5	0.9130434782608695	902020	2019	1915	1514	1419014
37259	5	0.06521739130434782	902020	2022	2215	1514	1419014
38351	6	0.021739130434782608	902020	2021	2124	2423	2314	1419014
29281	4	0.8235294117647058	902020	2019	1915	1519015
36894	4	0.09411764705882353	902020	2022	2215	1519015
38150	6	0.023529411764705882	902020	2018	1816	1610	1015	1519015
38703	8	0.058823529411764705	902020	2018	187	718	1816	1610	1015	1519015
29123	4	0.854251012145749	902020	2018	1816	1619016
55698	5	0.03643724696356275	902020	2019	1917	1716	1619016
38583	6	0.05668016194331984	902020	2018	187	718	1816	1619016
43478	6	0.04048582995951417	902020	2018	187	78	816	1619016
55244	7	0.012145748987854251	902020	2019	1915	1519	1917	1716	1619016
29085	4	0.44	902020	2019	1917	1719017
35025	5	0.4533333333333333	902020	2018	1816	1617	1719017
37643	6	0.02	902020	2022	2215	1510	1017	1719017
55242	6	0.02	902020	2019	1915	1519	1917	1719017
38445	7	0.02666666666666667	902020	2018	187	718	1816	1617	1719017
43559	7	0.04	902020	2018	187	78	816	1617	1719017
29051	3	0.9594594594594594	902020	2019	1919019
38329	6	0.013513513513513514	902020	2018	1816	1617	1719	1919019
37744	7	0.013513513513513514	902020	2022	2215	1510	1017	1719	1919019
38674	8	0.013513513513513514	902020	2018	187	718	1816	1617	1719	1919019
29403	3	1.0	902020	2021	2119021
28983	3	0.7674418604651163	902020	2022	2219022
48438	4	0.17829457364341086	902020	2021	2122	2219022
48052	5	0.05426356589147287	902020	2019	1915	1522	2219022
29175	4	0.6545454545454545	902020	2022	2223	2319023
37123	5	0.21818181818181817	902020	2021	2124	2423	2319023
54417	5	0.09090909090909091	902020	2021	2122	2223	2319023
50037	6	0.03636363636363636	902020	2019	1915	1514	1423	2319023
29259	4	0.85	902020	2021	2124	2419024
42539	5	0.1	902020	2022	2223	2324	2419024
54593	6	0.05	902020	2021	2122	2223	2324	2419024
30541	7	0.7692307692307693	902121	2124	2413	1312	123	31	119001
44744	9	0.07692307692307693	902121	2122	2223	2324	2413	1312	123	31	119001
50155	10	0.15384615384615385	902121	2122	2215	1510	109	95	54	43	31	119001
29235	7	0.7857142857142857	902121	2124	2413	1312	123	34	419004
49317	8	0.14285714285714285	902121	2122	2215	1510	109	95	54	419004
43271	9	0.07142857142857142	902121	2120	2018	187	78	86	65	54	419004
29621	7	0.6666666666666666	902121	2120	2018	187	78	86	619006
48334	7	0.3333333333333333	902121	2120	2018	1816	168	86	619006
28899	5	1.0	902121	2120	2018	187	719007
29395	6	0.5882352941176471	902121	2120	2018	187	78	819008
36580	6	0.3235294117647059	902121	2120	2018	1816	168	819008
54664	7	0.058823529411764705	902121	2122	2215	1510	109	98	819008
38381	10	0.029411764705882353	902121	2124	2413	1312	123	34	45	56	68	819008
28935	6	0.8181818181818182	902121	2122	2215	1510	109	919009
42772	7	0.13636363636363635	902121	2120	2019	1915	1510	109	919009
37852	9	0.045454545454545456	902121	2124	2413	1312	123	34	45	59	919009
29121	5	0.8064516129032258	902121	2122	2215	1510	1019010
38740	6	0.053763440860215055	902121	2120	2018	1816	1610	1019010
42557	6	0.11827956989247312	902121	2120	2019	1915	1510	1019010
37702	7	0.021505376344086023	902121	2124	2423	2314	1411	1110	1019010
29249	6	0.7297297297297297	902121	2124	2423	2314	1411	1119011
36409	6	0.10810810810810811	902121	2122	2215	1510	1011	1119011
45235	6	0.08108108108108109	902121	2122	2215	1514	1411	1119011
43385	7	0.08108108108108109	902121	2120	2019	1915	1510	1011	1119011
29517	5	0.9090909090909091	902121	2124	2413	1312	1219012
44205	7	0.09090909090909091	902121	2122	2223	2324	2413	1312	1219012
29593	4	0.8648648648648649	902121	2124	2413	1319013
44241	6	0.02702702702702703	902121	2122	2223	2324	2413	1319013
43466	7	0.05405405405405406	902121	2120	2022	2223	2324	2413	1319013
54999	8	0.02702702702702703	902121	2122	2215	1510	1011	1112	1213	1319013
55512	8	0.02702702702702703	902121	2122	2215	1514	1411	1112	1213	1319013
29567	5	0.6428571428571429	902121	2124	2423	2314	1419014
44367	5	0.07142857142857142	902121	2122	2223	2314	1419014
44915	5	0.2857142857142857	902121	2122	2215	1514	1419014
29471	4	0.9076923076923077	902121	2122	2215	1519015
42824	5	0.03076923076923077	902121	2120	2019	1915	1519015
39956	6	0.015384615384615385	902121	2122	2220	2019	1915	1519015
38653	7	0.015384615384615385	902121	2120	2018	1816	1610	1015	1519015
37431	8	0.03076923076923077	902121	2124	2423	2314	1411	1110	1015	1519015
34790	5	0.5862068965517241	902121	2120	2018	1816	1619016
29413	7	0.39655172413793105	902121	2122	2215	1519	1917	1716	1619016
42767	7	0.017241379310344827	902121	2120	2018	187	78	816	1619016
29623	6	0.41818181818181815	902121	2122	2215	1519	1917	1719017
34973	6	0.43636363636363634	902121	2120	2018	1816	1617	1719017
36653	6	0.05454545454545454	902121	2122	2215	1510	1017	1719017
42717	8	0.09090909090909091	902121	2120	2018	187	78	816	1617	1719017
36303	4	0.30303030303030304	902121	2120	2019	1919019
28909	5	0.45454545454545453	902121	2122	2215	1519	1919019
40084	5	0.06060606060606061	902121	2122	2220	2019	1919019
37566	7	0.12121212121212122	902121	2120	2018	1816	1617	1719	1919019
38568	8	0.06060606060606061	902121	2120	2018	1816	1610	1015	1519	1919019
29499	3	1.0	902121	2120	2019020
28887	3	0.8263157894736842	902121	2122	2219022
37580	4	0.14736842105263157	902121	2120	2022	2219022
38512	5	0.02631578947368421	902121	2124	2423	2322	2219022
28947	4	0.8113207547169812	902121	2124	2423	2319023
43985	4	0.07547169811320754	902121	2122	2223	2319023
43856	5	0.05660377358490566	902121	2120	2022	2223	2319023
49885	6	0.018867924528301886	902121	2122	2215	1514	1423	2319023
56006	6	0.03773584905660377	902121	2122	2215	1522	2223	2319023
29453	3	0.9545454545454546	902121	2124	2419024
44067	5	0.045454545454545456	902121	2122	2223	2324	2419024
29163	8	0.5	902222	2221	2124	2413	1312	123	31	119001
36733	8	0.39285714285714285	902222	2223	2324	2413	1312	123	31	119001
48514	8	0.03571428571428571	902222	2215	1510	1011	114	43	31	119001
37522	9	0.07142857142857142	902222	2215	1510	109	95	54	43	31	119001
29117	8	0.391304347826087	902222	2220	2018	187	78	86	62	219002
37814	8	0.043478260869565216	902222	2215	1510	109	95	56	62	219002
48113	8	0.17391304347826086	902222	2215	1510	109	98	86	62	219002
36814	9	0.34782608695652173	902222	2223	2324	2413	1312	123	31	12	219002
45336	9	0.043478260869565216	902222	2221	2120	2018	187	78	86	62	219002
29021	7	0.631578947368421	902222	2221	2124	2413	1312	123	319003
36825	7	0.2631578947368421	902222	2223	2324	2413	1312	123	319003
37878	8	0.10526315789473684	902222	2215	1510	109	95	54	43	319003
29475	6	0.34146341463414637	902222	2223	2314	1411	114	419004
34824	6	0.21951219512195122	902222	2215	1514	1411	114	419004
43525	6	0.17073170731707318	902222	2215	1510	1011	114	419004
36142	7	0.17073170731707318	902222	2215	1510	109	95	54	419004
38014	8	0.0975609756097561	902222	2223	2324	2413	1312	123	34	419004
28941	7	0.4827586206896552	902222	2220	2018	187	78	86	619006
36741	7	0.1724137931034483	902222	2215	1510	109	95	56	619006
43293	7	0.27586206896551724	902222	2215	1510	109	98	86	619006
49994	7	0.034482758620689655	902222	2220	2018	1816	168	86	619006
40212	8	0.034482758620689655	902222	2223	2314	1411	114	45	56	619006
29525	5	0.8148148148148148	902222	2220	2018	187	719007
43205	6	0.14814814814814814	902222	2221	2120	2018	187	719007
44230	8	0.037037037037037035	902222	2223	2324	2421	2120	2018	187	719007
29205	6	0.4861111111111111	902222	2220	2018	187	78	819008
36587	6	0.1388888888888889	902222	2220	2018	1816	168	819008
36977	6	0.2916666666666667	902222	2215	1510	109	98	819008
43157	7	0.08333333333333333	902222	2221	2120	2018	187	78	819008
29409	5	0.9636363636363636	902222	2215	1510	109	919009
38063	7	0.03636363636363636	902222	2220	2018	1816	1610	109	919009
28973	4	0.9432314410480349	902222	2215	1510	1019010
38067	6	0.056768558951965066	902222	2220	2018	1816	1610	1019010
28953	5	0.3956043956043956	902222	2223	2314	1411	1119011
34550	5	0.2857142857142857	902222	2215	1514	1411	1119011
36184	5	0.31868131868131866	902222	2215	1510	1011	1119011
28853	6	0.5454545454545454	902222	2221	2124	2413	1312	1219012
36531	6	0.3409090909090909	902222	2223	2324	2413	1312	1219012
48542	6	0.06818181818181818	902222	2215	1510	1011	1112	1219012
50654	6	0.045454545454545456	902222	2215	1514	1411	1112	1219012
28873	5	0.42424242424242425	902222	2221	2124	2413	1319013
36501	5	0.4393939393939394	902222	2223	2324	2413	1319013
48938	7	0.10606060606060606	902222	2215	1510	1011	1112	1213	1319013
55366	7	0.030303030303030304	902222	2215	1514	1411	1112	1213	1319013
29505	4	0.40540540540540543	902222	2223	2314	1419014
34840	4	0.5945945945945946	902222	2215	1514	1419014
28963	3	0.9090909090909091	902222	2215	1519015
38100	7	0.08080808080808081	902222	2220	2018	1816	1610	1015	1519015
39870	7	0.010101010101010102	902222	2220	2018	1820	2019	1915	1519015
34971	5	0.4928571428571429	902222	2220	2018	1816	1619016
42473	5	0.1357142857142857	902222	2215	1510	1016	1619016
29129	6	0.3	902222	2215	1519	1917	1716	1619016
54329	6	0.02857142857142857	902222	2221	2120	2018	1816	1619016
55802	6	0.007142857142857143	902222	2220	2019	1917	1716	1619016
54948	7	0.02142857142857143	902222	2215	1510	109	98	816	1619016
43093	8	0.014285714285714285	902222	2221	2120	2018	187	78	816	1619016
29043	5	0.46808510638297873	902222	2215	1519	1917	1719017
36573	5	0.0851063829787234	902222	2215	1510	1017	1719017
50889	5	0.0070921985815602835	902222	2220	2019	1917	1719017
35472	6	0.24822695035460993	902222	2220	2018	1816	1617	1719017
42555	6	0.10638297872340426	902222	2215	1510	1016	1617	1719017
54767	6	0.0425531914893617	902222	2221	2120	2019	1917	1719017
43153	9	0.0425531914893617	902222	2221	2120	2018	187	78	816	1617	1719017
28929	4	0.7058823529411765	902222	2215	1519	1919019
35849	4	0.10588235294117647	902222	2220	2019	1919019
44664	5	0.058823529411764705	902222	2221	2120	2019	1919019
37570	6	0.047058823529411764	902222	2215	1510	1017	1719	1919019
38143	7	0.03529411764705882	902222	2220	2018	1816	1617	1719	1919019
38719	8	0.047058823529411764	902222	2220	2018	1816	1610	1015	1519	1919019
29189	3	0.8258064516129032	902222	2220	2019020
43020	4	0.13548387096774195	902222	2221	2120	2019020
43592	5	0.0064516129032258064	902222	2215	1519	1920	2019020
44083	6	0.03225806451612903	902222	2223	2324	2421	2120	2019020
28927	3	0.8201058201058201	902222	2221	2119021
37035	4	0.14814814814814814	902222	2220	2021	2119021
43470	5	0.031746031746031744	902222	2223	2324	2421	2119021
29267	3	0.9512195121951219	902222	2223	2319023
49691	5	0.03048780487804878	902222	2221	2124	2423	2319023
50072	5	0.018292682926829267	902222	2215	1514	1423	2319023
29291	4	0.5490196078431373	902222	2221	2124	2419024
36419	4	0.39215686274509803	902222	2223	2324	2419024
50195	6	0.058823529411764705	902222	2215	1514	1423	2324	2419024
29001	7	1.0	902323	2324	2413	1312	123	31	119001
29135	6	1.0	902323	2324	2413	1312	123	319003
29223	5	0.5555555555555556	902323	2314	1411	114	419004
37396	7	0.4444444444444444	902323	2324	2413	1312	123	34	419004
30045	7	0.5	902323	2314	1411	114	45	56	619006
41064	8	0.125	902323	2322	2220	2018	187	78	86	619006
37085	9	0.25	902323	2324	2413	1312	123	34	45	56	619006
42663	9	0.125	902323	2324	2421	2120	2018	187	78	86	619006
29385	6	0.7241379310344828	902323	2322	2220	2018	187	719007
42935	7	0.27586206896551724	902323	2324	2421	2120	2018	187	719007
28845	7	0.5128205128205128	902323	2322	2220	2018	187	78	819008
36357	7	0.15384615384615385	902323	2322	2220	2018	1816	168	819008
36921	7	0.07692307692307693	902323	2322	2215	1510	109	98	819008
54066	7	0.05128205128205128	902323	2314	1415	1510	109	98	819008
42505	8	0.15384615384615385	902323	2324	2421	2120	2018	187	78	819008
55441	8	0.02564102564102564	902323	2322	2215	1519	1917	1716	168	819008
38075	10	0.02564102564102564	902323	2324	2413	1312	123	34	45	56	68	819008
29581	6	0.2692307692307692	902323	2314	1411	1110	109	919009
34879	6	0.5769230769230769	902323	2322	2215	1510	109	919009
54203	6	0.038461538461538464	902323	2314	1415	1510	109	919009
38248	9	0.11538461538461539	902323	2324	2413	1312	123	34	45	59	919009
29029	5	0.35135135135135137	902323	2314	1411	1110	1019010
34589	5	0.6126126126126126	902323	2322	2215	1510	1019010
53840	5	0.02702702702702703	902323	2314	1415	1510	1019010
39010	7	0.009009009009009009	902323	2322	2220	2018	1816	1610	1019010
29239	4	0.9868421052631579	902323	2314	1411	1119011
50179	6	0.013157894736842105	902323	2324	2413	1312	1211	1119011
29083	5	1.0	902323	2324	2413	1312	1219012
29173	4	1.0	902323	2324	2413	1319013
29203	3	1.0	902323	2314	1419014
28869	4	0.7763157894736842	902323	2322	2215	1519015
43242	4	0.17105263157894737	902323	2314	1415	1519015
38171	6	0.02631578947368421	902323	2314	1411	1110	1015	1519015
39069	8	0.02631578947368421	902323	2322	2220	2018	1816	1610	1015	1519015
34659	6	0.5588235294117647	902323	2322	2220	2018	1816	1619016
42846	6	0.029411764705882353	902323	2314	1411	1110	1016	1619016
44779	6	0.014705882352941176	902323	2322	2215	1510	1016	1619016
29161	7	0.3088235294117647	902323	2322	2215	1519	1917	1716	1619016
44155	7	0.058823529411764705	902323	2324	2421	2120	2018	1816	1619016
43185	9	0.029411764705882353	902323	2324	2421	2120	2018	187	78	816	1619016
29439	6	0.39436619718309857	902323	2322	2215	1519	1917	1719017
36495	6	0.1267605633802817	902323	2322	2215	1510	1017	1719017
38003	6	0.028169014084507043	902323	2314	1411	1110	1017	1719017
54308	6	0.028169014084507043	902323	2314	1415	1519	1917	1719017
35252	7	0.23943661971830985	902323	2322	2220	2018	1816	1617	1719017
42498	7	0.04225352112676056	902323	2314	1411	1110	1016	1617	1719017
44601	7	0.028169014084507043	902323	2322	2215	1510	1016	1617	1719017
44124	8	0.056338028169014086	902323	2324	2421	2120	2018	1816	1617	1719017
43165	10	0.056338028169014086	902323	2324	2421	2120	2018	187	78	816	1617	1719017
28897	5	0.8493150684931506	902323	2322	2220	2018	1819018
42585	6	0.1506849315068493	902323	2324	2421	2120	2018	1819018
29443	5	0.4444444444444444	902323	2322	2215	1519	1919019
36259	5	0.1111111111111111	902323	2322	2220	2019	1919019
53923	5	0.08333333333333333	902323	2314	1415	1519	1919019
42758	6	0.2222222222222222	902323	2324	2421	2120	2019	1919019
37188	7	0.05555555555555555	902323	2322	2215	1510	1017	1719	1919019
38312	7	0.027777777777777776	902323	2314	1411	1110	1017	1719	1919019
38777	7	0.027777777777777776	902323	2314	1411	1110	1015	1519	1919019
39209	8	0.027777777777777776	902323	2322	2220	2018	1816	1617	1719	1919019
29367	4	0.819672131147541	902323	2322	2220	2019020
42695	5	0.18032786885245902	902323	2324	2421	2120	2019020
29041	4	0.84	902323	2324	2421	2119021
36622	4	0.06	902323	2322	2221	2119021
37246	5	0.1	902323	2322	2220	2021	2119021
29107	3	1.0	902323	2322	2219022
