id	type	origin	dest	dtime	vot
31	111	1	5	1	38.783567870643836
28	111	1	5	10	0.9670576118997007
11	111	1	5	13	103.5808076902391
43	111	1	5	101	74.15739225472137
20	111	1	5	105	7.662563558026827
16	111	1	5	111	25.711532854043863
27	111	1	5	161	1.2284632953315824
19	111	1	5	171	21.711330534191376
24	111	1	5	174	2.8581669786001545
5	111	1	5	180	32.94024940127484
38	111	1	5	218	0.4461974879553524
22	111	1	5	232	25.328416365405964
37	111	1	5	232	22.056836343615835
40	111	1	5	239	36.10430413603879
2	111	1	5	251	15.918114280496873
15	111	1	5	256	12.907133232649832
26	111	1	5	263	3.4853561560607953
23	111	1	5	287	11.189966485973866
1	111	1	5	401	17.050873036960876
6	111	1	5	419	14.540141575230582
18	111	1	5	419	6.2900798019262645
12	111	1	5	420	31.79838574192041
14	111	1	5	458	20.525798454662496
30	111	1	5	459	42.8248954920562
21	111	1	5	462	47.46973605907038
25	111	1	5	476	6.106539882185638
29	111	1	5	497	16.872122001534056
32	111	1	5	500	4.395580119883733
34	111	1	5	505	92.49037465789749
9	111	1	5	539	3.412492709201221
17	111	1	5	571	7.262034096291404
7	111	1	5	633	27.62922183802941
39	111	1	5	664	10.625568258749478
41	111	1	5	664	5.105285658360791
10	111	1	5	672	10.681607066719884
4	111	1	5	705	21.688581692563883
8	111	1	5	742	11.783967948994675
3	111	1	5	784	9.469431915183009
42	111	1	5	789	10.042515940054143
35	111	1	5	797	4.86977531663428
13	111	1	5	812	32.262071131583895
36	111	1	5	822	43.3097430932532
33	111	1	5	884	6.404727790398734
69	111	1	5	905	55.39480500396854
66	111	1	5	928	1.2662659196401433
85	111	1	5	929	11.94568548917926
57	111	1	5	948	4.609119490247315
68	111	1	5	951	39.09961009129801
79	111	1	5	962	2.2840504094401757
59	111	1	5	1016	12.011301000400929
81	111	1	5	1040	55.43716169946655
65	111	1	5	1086	6.801038811178646
52	111	1	5	1099	19.86634370923209
72	111	1	5	1139	14.345480382909077
71	111	1	5	1175	27.423293278666243
53	111	1	5	1181	7.497865630167448
56	111	1	5	1187	10.770568617250916
80	111	1	5	1190	12.081455875871892
45	111	1	5	1219	21.227423192063398
62	111	1	5	1287	22.0215541000611
60	111	1	5	1298	11.72319936075224
55	111	1	5	1299	3.059816942267581
63	111	1	5	1300	18.062810133568405
58	111	1	5	1312	0.6272821505754275
47	111	1	5	1332	14.949879776530203
48	111	1	5	1352	5.709703353014268
44	111	1	5	1368	17.808487137220684
84	111	1	5	1383	10.01189849015779
83	111	1	5	1390	2.588330431406199
82	111	1	5	1438	25.295142041009374
86	111	1	5	1450	26.109062355683182
75	111	1	5	1451	10.969296962915013
50	111	1	5	1469	46.07928976387213
78	111	1	5	1471	11.896595462305257
76	111	1	5	1474	37.451626182166926
49	111	1	5	1485	1.5102909862417286
77	111	1	5	1487	81.44058901263712
51	111	1	5	1529	18.689913971125225
46	111	1	5	1577	32.61902688398486
61	111	1	5	1592	3.8281272381620166
73	111	1	5	1664	15.164606012857519
54	111	1	5	1666	25.799210317579156
70	111	1	5	1746	18.324902315793558
64	111	1	5	1753	17.238459722835575
74	111	1	5	1755	39.719088514893244
67	111	1	5	1756	25.97052242911718
87	111	1	5	1793	7.01570695416668
107	111	1	5	1819	16.183371168347048
88	111	1	5	1837	28.02071954329948
126	111	1	5	1853	4.21480640560058
92	111	1	5	1854	23.646441884924137
109	111	1	5	1890	8.774930443414313
105	111	1	5	1932	2.3285200516923665
120	111	1	5	1977	3.523237546433204
90	111	1	5	1980	23.129098652693596
100	111	1	5	2008	111.83732172212652
118	111	1	5	2008	41.35859659654389
116	111	1	5	2012	7.284866570689252
99	111	1	5	2050	5.865744280093245
111	111	1	5	2061	30.596979622592546
104	111	1	5	2106	3.033902150688857
114	111	1	5	2106	26.87068659259633
113	111	1	5	2121	10.466295071715702
112	111	1	5	2130	79.45349355498372
117	111	1	5	2134	17.583629213868615
110	111	1	5	2135	1.5531037075388425
121	111	1	5	2215	29.51260135540194
96	111	1	5	2243	4.46734620575321
127	111	1	5	2248	81.22679419833352
98	111	1	5	2265	26.41185280743534
95	111	1	5	2281	4.271400576019094
119	111	1	5	2282	1.4791883747957786
129	111	1	5	2323	17.62921551512039
128	111	1	5	2326	2.2433096577867953
91	111	1	5	2354	21.421111518407468
89	111	1	5	2369	4.42006034885807
122	111	1	5	2389	12.98901255535084
130	111	1	5	2397	12.318039720912122
97	111	1	5	2445	7.968486126263306
124	111	1	5	2463	77.31005397051686
101	111	1	5	2479	37.9191702343742
123	111	1	5	2489	60.95157219370805
93	111	1	5	2515	20.82653338277584
102	111	1	5	2532	66.2451619528915
103	111	1	5	2537	26.656738820731153
106	111	1	5	2569	105.26839292196834
125	111	1	5	2595	123.06947101228864
108	111	1	5	2615	0.8633805050004093
115	111	1	5	2679	20.195461375423786
94	111	1	5	2697	34.34402994766104
169	111	1	5	2736	32.70413252861387
153	111	1	5	2738	29.97703993513953
142	111	1	5	2744	4.002965710156945
140	111	1	5	2772	21.486031474127373
172	111	1	5	2793	9.914333397410143
162	111	1	5	2802	0.7246469615673738
151	111	1	5	2817	12.186097151282627
160	111	1	5	2817	2.8161864180154956
155	111	1	5	2826	80.95578959766425
174	111	1	5	2837	14.477578234369053
143	111	1	5	2856	10.46573298488739
163	111	1	5	2867	32.15748757727253
170	111	1	5	2889	1.898830027252081
147	111	1	5	2902	60.1631637624047
166	111	1	5	2938	13.145523663099869
173	111	1	5	3088	17.74278174816743
150	111	1	5	3099	43.183210978427994
132	111	1	5	3123	2.827549079206819
145	111	1	5	3124	16.12831769062824
133	111	1	5	3131	25.511307270927233
161	111	1	5	3135	35.90268800202616
165	111	1	5	3143	27.485537154455848
149	111	1	5	3148	15.068004264783182
159	111	1	5	3162	12.393400266478235
135	111	1	5	3199	64.03557871705233
137	111	1	5	3222	26.10291857383871
168	111	1	5	3240	13.32915546326261
138	111	1	5	3266	61.66848652967317
139	111	1	5	3275	0.22309737253817066
148	111	1	5	3331	2.0725960108722554
154	111	1	5	3331	23.34524373255927
164	111	1	5	3403	17.153370532523887
141	111	1	5	3426	34.272867032451266
144	111	1	5	3431	6.14302915008621
158	111	1	5	3437	23.035562487177252
152	111	1	5	3488	17.68069149096398
171	111	1	5	3517	9.124242377502707
136	111	1	5	3529	2.0669028548343538
157	111	1	5	3542	94.21623161428549
131	111	1	5	3550	6.5271901939484644
134	111	1	5	3559	18.349084853262823
146	111	1	5	3569	41.23618363547058
167	111	1	5	3569	0.0018944276545558346
156	111	1	5	3593	15.313372204014055
